

(-62, -6, 9, -6, 3, 0)
(-64, -7, 9, -5, 2, 1)
(-65, -5, 9, -4, 0, 2)
(-64, -4, 8, -4, -1, 2)
(-63, -5, 8, -3, 0, 2)
(-65, -6, 9, -2, 1, 1)
(-66, -6, 10, 0, 0, 0)
(-64, -4, 11, 0, -1, 0)
(-62, -2, 9, -2, 0, 1)
(-61, -3, 8, -1, 1, 1)
(-63, -4, 9, -1, 2, 2)
(-63, -4, 9, -1, 1, 2)
(-64, -5, 9, 0, 0, 0)
(-65, -4, 10, -1, 0, 0)
(-65, -6, 11, -1, -1, 0)
(-65, -7, 12, -1, 0, 0)
(-66, -8, 13, -1, 1, 0)
(-67, -11, 13, -2, 4, 1)
(-67, -16, 13, -3, 7, 1)
(-70, -24, 12, -3, 12, 2)
(-74, -36, 12, -2, 23, 3)
(-84, -54, 11, -1, 32, 3)
(-89, -87, 7, -5, 39, -1)
(-116, -123, 2, -13, 32, -14)
(-127, -127, -20, -19, 12, -18)
(-127, -127, -46, -29, -5, -24)
(-127, -127, -69, 18, -52, -31)
(-127, -127, -64, 61, -62, -39)
(-92, -116, -62, 78, -34, -52)
(-63, -95, -54, 92, 9, -64)
(-52, -66, -41, 106, 55, -79)
(-105, 3, -21, 100, 41, -94)
(-127, 42, 4, 29, -76, -114)
(-111, 33, 24, 34, -127, -127)
(-42, 62, 14, 47, -127, -127)
(50, 100, 31, 98, -127, -91)
(123, 127, 17, 119, -6, 4)
(60, 127, 40, 88, 105, 122)
(1, 127, 32, 10, 105, 127)
(-85, 127, 15, -33, 127, 127)
(-127, 127, 16, -107, 70, 86)
(-95, 103, 0, -77, 20, 0)
(-41, 82, -22, -42, 27, -71)
(-18, 92, -22, -8, 63, -116)
(-17, 100, -14, 38, 71, -127)
(-30, 119, -11, 95, 69, -127)
(-35, 127, -7, 108, 53, -127)
(-42, 127, -8, 69, 53, -125)
(-33, 127, -3, 29, 52, -117)
(-23, 70, 3, 14, 66, -105)
(-18, 0, 22, 26, 77, -94)
(-16, -28, 21, 35, 51, -72)
(10, -58, 31, 30, 43, -29)
(33, -82, 49, 3, 56, 24)
(51, -75, 46, -66, 69, 101)
(47, -51, 0, -127, 124, 127)
(-37, -48, -65, -127, 127, 127)
(-127, -79, -122, -127, 127, 127)
(-127, -122, -127, -127, 127, 127)
(-127, -127, -127, -127, 78, 97)
(-127, -127, -110, -125, -25, 68)
(-127, -127, -114, -78, -71, 48)
(-78, -127, -90, -38, -48, 22)
(-62, -127, -76, 0, -11, -7)
(-70, -126, -57, 28, 19, -28)
(-92, -94, -44, 54, 9, -39)
(-93, -55, -31, 71, -16, -42)
BatchID:  2




(-66, -2, -2, 1, 0, -3)
(-65, -3, -2, 2, 0, -3)
(-64, -2, -2, 2, -1, -3)
(-63, -2, -2, 2, -1, -3)
(-62, -1, -2, 1, 0, -3)
(-61, -1, -2, 1, 0, -3)
(-61, -2, -2, 1, 0, -1)
(-61, -2, -2, 2, 0, 0)
(-61, -1, -3, 1, 0, 0)
(-61, 0, -2, 1, 1, 0)
(-62, -1, -2, 1, 0, 1)
(-63, -1, -2, 1, 1, 2)
(-65, -1, -3, 2, 0, 2)
(-65, -2, -3, 2, 0, 2)
(-66, -4, -3, 2, 1, 2)
(-65, -10, -2, 1, 8, 3)
(-65, -20, 0, 2, 24, 4)
(-81, -46, 6, 6, 41, 4)
(-101, -77, 9, 6, 40, 4)
(-114, -116, -3, -11, 24, -8)
(-127, -127, -46, -56, -8, -15)
(-127, -127, -43, -34, -43, 7)
(-127, -127, -42, 8, -95, 10)
(-127, -123, -48, 32, -113, -3)
(-86, -66, -47, 28, -83, -22)
(-31, -49, -37, 1, -29, -40)
(-12, -44, -39, 16, 50, -59)
(-83, -5, -48, 64, 93, -77)
(-127, 40, -16, 56, 0, -97)
(-124, 5, 52, 109, -127, -97)
(-51, 74, 12, 101, -127, -66)
(44, 127, 20, 127, -127, -14)
(110, 127, -54, 127, 12, 58)
(73, 127, -7, -6, 96, 126)
(0, 127, 23, -88, 97, 127)
(-68, 127, -8, -95, 127, 127)
(-127, 127, -55, -111, 127, 127)
(-127, 115, -48, -127, 127, 73)
(-127, 23, 24, -106, 74, -25)
(-78, 37, 9, 7, -80, -127)
(-22, 56, 7, 93, -103, -127)
(31, 127, -63, 105, 51, -127)
(-13, 127, -18, 18, 81, -127)
(-36, 127, 2, 12, 91, -121)
(-62, 127, -11, 18, 83, -122)
(-68, 123, -16, 0, 44, -123)
(-59, 69, -11, -1, 28, -126)
(-44, 22, 0, 10, 13, -127)
(-25, -29, 22, 63, -2, -127)
(0, -35, 16, 55, -34, -122)
(36, -56, 29, 51, 6, -101)
(48, -84, 45, 9, 51, -50)
(66, -103, 42, -60, 59, 1)
(85, -121, 7, -127, 90, 73)
(43, -106, -37, -127, 127, 127)
(-109, -118, -68, -127, 121, 127)
(-127, -127, -55, -117, 42, 121)
(-127, -114, -51, -124, -46, 90)
(-92, -127, -67, -104, -55, 65)
(-76, -125, -58, -81, -17, 44)
(-73, -127, -54, -59, 8, 17)
(-79, -119, -50, -23, 29, -6)
(-91, -97, -41, 4, 18, -20)
BatchID:  3




(-65, -13, -5, 0, -2, 0)
(-63, -14, -5, -1, 0, 0)
(-65, -15, -4, -1, 0, 0)
(-63, -16, -4, -1, 0, 0)
(-64, -16, -3, 0, 0, 0)
(-65, -15, -4, 0, -1, 1)
(-64, -14, -3, 0, -1, 1)
(-64, -14, -4, -2, 0, 0)
(-63, -15, -3, -2, 1, 0)
(-64, -16, -5, -2, 2, 0)
(-65, -17, -4, 0, 1, 0)
(-66, -16, -4, 0, 0, 0)
(-64, -16, -5, 1, -1, 1)
(-65, -15, -4, 0, -1, 0)
(-63, -15, -4, 0, 0, 0)
(-64, -16, -4, 0, 0, 0)
(-64, -16, -4, 0, 0, 0)
(-64, -16, -4, 1, 0, 0)
(-65, -15, -4, 1, 0, 1)
(-65, -15, -3, 0, 0, 0)
(-65, -16, -5, 0, 1, 0)
(-67, -18, -5, 2, 1, 0)
(-67, -19, -5, 3, 0, 0)
(-64, -23, -5, 4, 0, 0)
(-61, -28, -4, 5, 4, 1)
(-63, -43, -1, 6, 14, 0)
(-68, -69, 0, 7, 18, -2)
(-77, -91, -1, 8, 21, -5)
(-102, -119, 2, 12, 12, -7)
(-116, -127, 4, 22, -16, -8)
(-108, -127, 1, 27, -49, -13)
(-89, -127, -5, 26, -64, -21)
(-67, -127, -6, 25, -62, -34)
(-52, -127, -6, 26, -45, -47)
(-45, -127, -6, 22, -29, -53)
(-45, -127, -10, 15, -24, -52)
(-44, -109, -13, 14, -26, -42)
(-48, -85, -17, 25, -42, -34)
(-43, -46, -14, 41, -67, -34)
(-26, 2, -4, 49, -86, -34)
(-9, 51, 19, 53, -74, -16)
(-11, 121, 35, 51, -48, 20)
(-22, 127, 48, 73, -27, 114)
(-33, 127, 10, 62, -16, 127)
(-55, 127, -33, -22, 36, 127)
(-111, 127, -16, -127, 94, 127)
(-127, 127, -21, -127, 107, 111)
(-123, 85, -25, -127, 114, 46)
(-90, 49, -23, -98, 125, -29)
(-69, 69, -6, 24, 72, -123)
(-56, 102, -6, 92, 21, -127)
(-51, 127, -13, 127, -10, -127)
(-41, 127, -20, 125, -24, -116)
(-28, 127, -19, 74, -15, -102)
(-28, 127, -8, 33, 6, -99)
(-27, 81, -8, 28, 38, -97)
(-31, 38, -8, 24, 63, -87)
(-24, -32, 20, 43, 77, -76)
(-28, -49, 11, 47, 58, -55)
(-2, -67, 21, 37, 47, -24)
(23, -72, 30, -5, 55, 20)
(37, -80, 23, -79, 68, 95)
(19, -83, -11, -127, 103, 127)
(-50, -83, -50, -127, 127, 127)
(-121, -98, -75, -127, 127, 127)
(-127, -107, -74, -127, 112, 99)
BatchID:  4




(-64, -10, -10, -1, -1, 0)
(-63, -11, -11, -1, -1, 0)
(-63, -10, -10, 0, 0, 1)
(-64, -11, -11, 0, 0, 1)
(-64, -11, -11, 0, 1, 1)
(-64, -11, -10, 0, 0, 1)
(-64, -10, -11, 0, 0, 1)
(-64, -10, -11, -1, 0, 1)
(-66, -11, -11, -1, 0, 1)
(-65, -11, -11, -1, -1, 0)
(-64, -11, -11, 0, 0, 0)
(-64, -10, -10, 0, 0, 0)
(-65, -10, -11, 0, 1, 0)
(-66, -10, -10, -1, 0, 0)
(-66, -10, -11, -1, -1, 0)
(-65, -13, -10, -1, -2, 0)
(-66, -15, -11, 0, -1, 0)
(-67, -16, -11, 1, 0, 0)
(-67, -19, -13, 1, 3, 1)
(-69, -27, -14, 2, 16, 0)
(-82, -47, -8, 5, 29, -4)
(-92, -94, 3, 9, 34, -7)
(-127, -127, -3, -14, -22, -30)
(-127, -127, -26, -24, -53, -20)
(-127, -127, -39, -20, -80, -4)
(-127, -127, -42, 9, -109, -8)
(-108, -127, -49, 36, -123, -37)
(-47, -127, -53, 51, -105, -75)
(-15, -127, -46, 47, -56, -97)
(-41, -89, -47, 50, -17, -88)
(-79, -47, -24, 54, -45, -67)
(-70, -13, 0, 59, -127, -45)
(-22, 34, 14, 63, -127, -16)
(74, 110, 33, 63, -127, -5)
(13, 127, -11, 88, 119, 106)
(-76, 127, -54, -82, 127, 127)
(-127, 127, -40, -127, 127, 127)
(-127, 127, -32, -127, 92, 127)
(-127, 119, -18, -127, 18, 51)
(-99, 66, -18, -97, -14, -35)
(-38, 52, -29, -12, 30, -119)
(-32, 111, -30, 56, 74, -127)
(-34, 127, -33, 101, 49, -127)
(-32, 127, -33, 127, 19, -127)
(-34, 127, -35, 126, -3, -127)
(-26, 127, -29, 87, -18, -114)
(-17, 127, -16, 58, 0, -112)
(-21, 88, -7, 41, 28, -115)
(-25, 37, 3, 29, 54, -97)
(-21, -50, 42, 95, 63, -85)
(-6, -99, 41, 75, 25, -66)
(32, -95, 57, 64, 40, -20)
(64, -66, 77, 2, 81, 56)
(70, -68, 71, -104, 123, 127)
(28, -54, 19, -127, 127, 127)
(-47, -49, -53, -127, 127, 127)
(-127, -70, -117, -127, 127, 127)
(-127, -114, -127, -127, 127, 127)
(-127, -127, -104, -127, 19, 92)
(-127, -127, -112, -127, -104, 70)
(-116, -127, -109, -108, -119, 42)
(-59, -127, -84, -52, -53, 10)
(-74, -127, -69, -10, 15, -25)
(-112, -83, -47, 40, 9, -64)
(-99, -51, -37, 54, -37, -66)
BatchID:  5




(-63, -16, -10, 0, 0, 0)
(-63, -16, -10, 0, 0, 0)
(-63, -16, -11, 0, 0, 0)
(-64, -16, -10, 0, 0, 0)
(-63, -17, -10, 0, 0, 1)
(-62, -17, -10, 0, 0, 1)
(-62, -16, -10, 0, 0, 1)
(-62, -17, -10, 0, 1, 0)
(-63, -18, -9, 0, 1, 1)
(-63, -18, -9, 0, 0, 1)
(-64, -18, -9, 0, 0, 1)
(-63, -18, -10, 0, 0, 1)
(-63, -17, -10, 0, 0, 1)
(-65, -18, -11, 0, 1, 1)
(-65, -18, -11, 0, 1, 1)
(-63, -19, -12, 0, 2, 1)
(-64, -22, -12, 0, 4, 1)
(-64, -27, -11, 2, 6, 0)
(-67, -39, -4, 6, 5, 1)
(-66, -61, 2, 7, 3, 2)
(-68, -107, 16, 10, 8, 4)
(-83, -127, 8, 3, 2, 0)
(-89, -127, -8, -19, 3, -3)
(-91, -127, -23, -42, 8, -13)
(-99, -127, -25, -26, -1, -16)
(-101, -127, -21, 25, -31, -18)
(-79, -127, -21, 74, -63, -27)
(-31, -127, -24, 85, -66, -36)
(-2, -125, -19, 69, -39, -35)
(-20, -73, -19, 45, -2, -32)
(-52, -39, -4, 41, -21, -31)
(-59, 16, 8, 53, -84, -3)
(-31, 102, 24, 56, -126, 41)
(-2, 127, 40, 86, -99, 100)
(-11, 127, -17, 127, 4, 127)
(-60, 127, -91, -22, 24, 127)
(-117, 127, -62, -127, 51, 127)
(-112, 104, -62, -127, 107, 82)
(-74, 65, -52, -127, 127, -4)
(-59, 44, -32, -65, 127, -94)
(-60, 39, -10, 25, 127, -127)
(-55, 72, 0, 127, 57, -127)
(-47, 127, -18, 127, -21, -127)
(-25, 127, -47, 127, -43, -127)
(-9, 127, -43, 107, -23, -110)
(-19, 127, -15, 41, -22, -103)
(-23, 91, -9, 21, -10, -95)
(-28, 52, -6, 11, 13, -87)
(-30, 18, -5, 5, 19, -84)
(-26, -50, 27, 59, 22, -84)
(-14, -76, 25, 48, -3, -72)
(20, -80, 25, 40, 3, -40)
(50, -71, 30, 1, 41, 13)
(51, -95, 33, -64, 87, 88)
(10, -91, 12, -127, 101, 127)
(-54, -77, -28, -127, 109, 127)
(-110, -83, -52, -127, 84, 124)
(-127, -118, -84, -127, 63, 109)
(-127, -127, -81, -127, 64, 72)
(-127, -127, -75, -105, 18, 45)
(-127, -124, -71, -76, -21, 32)
(-111, -124, -62, -52, -48, 22)
(-78, -117, -54, -25, -46, 7)
(-64, -105, -46, 3, -20, -7)
(-73, -83, -36, 26, -3, -20)
(-78, -54, -31, 37, -4, -30)
(-79, -30, -27, 34, -20, -35)
(-69, -17, -27, 27, -36, -36)
BatchID:  6




(-65, -34, -14, 13, 2, 8)
(-63, -39, -13, 16, -1, 8)
(-62, -41, -13, 19, 0, 7)
(-66, -42, -13, 21, 1, 5)
(-71, -44, -15, 24, 0, 3)
(-73, -45, -17, 28, -2, 1)
(-76, -44, -18, 35, -4, 0)
(-80, -38, -17, 43, -8, 0)
(-79, -22, -16, 46, -24, -2)
(-74, -16, -15, 43, -28, -6)
(-69, -7, -16, 43, -23, -8)
(-69, 5, -16, 41, -17, -10)
(-66, 15, -16, 34, -14, -12)
(-62, 12, -10, 27, -6, -15)
(-67, -7, 4, 26, -3, -16)
(-70, -41, 21, 24, -11, -15)
(-74, -96, 34, 11, -17, -13)
(-85, -127, 39, -10, -38, -14)
(-73, -127, 52, -21, -67, -38)
(-30, -127, 46, -20, -78, -43)
(29, -127, 41, -21, -49, -56)
(72, -127, 40, -14, 35, -41)
(39, -127, 45, -1, 73, 4)
(1, -109, 45, 14, 44, 75)
(-35, 24, 43, -8, 0, 115)
(-71, 127, 44, -70, -40, 105)
(-102, 127, 36, -58, -64, 87)
(-98, 127, -34, 34, -83, 127)
(-81, 127, -127, -127, -39, 127)
(-102, 127, -127, -127, 47, 127)
(-90, 120, -127, -127, 127, 83)
(-127, -31, -127, -127, 127, -55)
(-127, -112, -127, -16, 127, -96)
(-127, -13, -56, 127, 127, -120)
(-127, -2, 33, 127, 117, -96)
(-124, 116, 4, 127, -127, -60)
(6, 127, -56, 127, -127, -61)
(60, 127, -63, 23, -127, -56)
(37, 117, -17, -47, -100, -53)
(15, 68, -12, -46, -67, -50)
(7, 38, -17, -22, -16, -48)
(-9, 26, -20, 4, 22, -56)
(-28, 10, -17, 26, 42, -63)
(-40, 8, -2, 50, 56, -58)
(-48, 10, 1, 65, 35, -55)
(-47, 6, -3, 39, 7, -40)
(-41, -16, -3, 12, -6, -25)
(-37, -47, 4, -2, -21, -2)
(-33, -64, 10, -7, -34, 20)
(-22, -74, 11, -8, -34, 43)
(-10, -63, 5, -30, -11, 74)
(0, -61, -7, -66, 45, 95)
(-23, -62, -25, -104, 108, 104)
(-77, -72, -42, -126, 127, 101)
(-127, -82, -45, -127, 114, 95)
(-127, -97, -49, -121, 54, 89)
(-127, -97, -52, -106, 19, 77)
(-122, -98, -54, -91, 1, 62)
(-105, -96, -52, -77, 3, 42)
(-91, -96, -49, -61, 15, 21)
(-90, -91, -44, -43, 24, 2)
(-92, -85, -36, -24, 12, -11)
(-89, -76, -30, -5, -12, -20)
(-79, -59, -27, 6, -38, -23)
(-69, -47, -24, 12, -53, -24)
BatchID:  7




(-65, -22, -10, 0, 2, 6)
(-66, -20, -10, 0, 0, 6)
(-66, -19, -10, -1, -1, 6)
(-66, -19, -11, -1, 0, 5)
(-68, -18, -12, 0, 0, 4)
(-70, -19, -12, 0, 0, 3)
(-69, -20, -12, 0, -1, 2)
(-67, -20, -12, 2, -2, 1)
(-64, -20, -13, 3, -3, 0)
(-62, -20, -13, 3, -1, 0)
(-63, -19, -12, 5, 0, 0)
(-67, -17, -12, 5, -1, 1)
(-68, -15, -13, 5, -1, 0)
(-67, -15, -12, 5, 0, -1)
(-66, -14, -12, 4, 0, -2)
(-64, -15, -11, 4, 2, -3)
(-64, -20, -10, 3, 4, -4)
(-67, -30, -6, 3, 2, -5)
(-63, -58, -1, 4, -1, -6)
(-60, -96, 0, 3, 4, -8)
(-74, -127, -4, -6, 7, -17)
(-82, -127, -25, -24, 5, -25)
(-72, -127, -44, -36, 5, -43)
(-77, -127, -47, -28, 17, -38)
(-78, -127, -49, -5, 4, -34)
(-81, -127, -48, 26, -12, -34)
(-81, -123, -54, 47, -36, -44)
(-76, -84, -55, 49, -67, -46)
(-62, -61, -48, 42, -92, -48)
(-40, -47, -35, 47, -108, -51)
(-15, -25, -14, 65, -100, -53)
(-1, -7, 9, 105, -75, -34)
(7, 72, 37, 112, -50, -2)
(13, 127, 52, 103, -19, 77)
(8, 127, 43, 94, 30, 127)
(-26, 127, -16, 12, 45, 127)
(-93, 127, -35, -96, 104, 127)
(-127, 127, -17, -127, 123, 127)
(-127, 127, -16, -127, 56, 107)
(-120, 82, -27, -100, 38, 44)
(-74, 62, -44, -75, 59, -22)
(-59, 60, -41, -45, 90, -78)
(-60, 89, -6, 90, 54, -119)
(-56, 127, -13, 127, 19, -122)
(-49, 127, -17, 115, 8, -125)
(-49, 127, -9, 74, 2, -127)
(-41, 93, -1, 51, -7, -120)
(-28, 53, 0, 36, -8, -102)
(-16, 17, 2, 27, -2, -78)
(-13, -20, 7, 39, 12, -56)
(-13, -51, 10, 35, 21, -30)
(-14, -78, 19, 36, 37, -7)
(-17, -83, 24, 18, 34, 15)
(-3, -72, 13, -30, 33, 45)
(-1, -66, -9, -93, 70, 85)
(-44, -70, -33, -127, 90, 104)
(-85, -88, -44, -127, 87, 94)
(-118, -124, -51, -127, 65, 78)
(-119, -113, -49, -103, 31, 69)
(-110, -97, -60, -93, 5, 64)
(-109, -101, -61, -85, -5, 49)
(-99, -106, -56, -74, -11, 25)
(-82, -102, -51, -58, -9, 7)
(-71, -98, -46, -39, -1, -5)
(-70, -90, -38, -19, 0, -15)
(-68, -79, -31, 0, -8, -23)
(-62, -64, -26, 12, -23, -25)
(-57, -49, -23, 16, -35, -24)
(-52, -38, -23, 14, -34, -29)
BatchID:  8




(-66, -18, -11, -13, 3, -1)
(-65, -19, -12, -13, 1, -1)
(-63, -20, -14, -11, 0, 0)
(-62, -20, -14, -10, -2, 0)
(-62, -20, -15, -8, -1, 0)
(-66, -21, -16, -3, 0, 0)
(-67, -20, -15, 0, -2, 0)
(-65, -19, -15, 1, -4, 0)
(-64, -19, -14, 1, -4, 0)
(-64, -19, -13, 2, -3, 0)
(-65, -19, -13, 3, -2, 1)
(-67, -17, -12, 2, -2, 1)
(-68, -18, -12, 1, -5, 1)
(-64, -21, -13, 1, -5, 0)
(-62, -24, -12, 3, -3, 0)
(-61, -26, -13, 4, -2, 0)
(-58, -30, -13, 5, 0, 0)
(-59, -44, -13, 7, 5, 0)
(-60, -67, -12, 10, 10, 0)
(-69, -108, -4, 16, 18, 0)
(-88, -127, -2, 17, 6, 0)
(-96, -127, -14, 12, -8, 3)
(-101, -127, -28, 2, -29, 2)
(-93, -127, -42, -4, -38, -4)
(-82, -127, -48, -6, -36, -17)
(-66, -127, -47, -8, -19, -32)
(-50, -127, -41, -4, -2, -43)
(-32, -120, -44, 5, 19, -48)
(-26, -104, -36, 25, 51, -49)
(-56, -84, -16, 53, 48, -44)
(-68, -40, 7, 77, -17, -31)
(-63, 20, 22, 82, -92, -17)
(-40, 98, 33, 59, -127, 4)
(-13, 127, 34, 52, -127, 57)
(21, 127, 16, 86, -103, 127)
(1, 127, -33, 15, -5, 127)
(-60, 127, -20, -75, 34, 127)
(-116, 127, -16, -112, 71, 127)
(-127, 127, -30, -126, 77, 127)
(-127, 96, -34, -127, 104, 99)
(-112, 47, -16, -124, 105, -2)
(-57, 43, -16, 57, 101, -127)
(-54, 75, -14, 109, 77, -127)
(-41, 98, -11, 127, 47, -127)
(-40, 127, -17, 127, 36, -127)
(-45, 127, -20, 127, 20, -127)
(-38, 127, -10, 90, -1, -127)
(-32, 96, -3, 53, -16, -127)
(-26, 61, -2, 26, -31, -106)
(-13, 13, 0, 12, -39, -84)
(-5, -45, 19, 55, -16, -68)
(-8, -49, 14, 47, -19, -48)
(12, -61, 15, 37, 3, -26)
(14, -88, 20, 21, 41, -1)
(-9, -107, 28, 0, 49, 40)
(-11, -117, 29, -31, 33, 86)
(-14, -113, 17, -56, 54, 120)
(-56, -101, 3, -82, 88, 127)
(-119, -104, -3, -105, 82, 105)
(-127, -122, -17, -103, 24, 73)
(-127, -113, -28, -94, -24, 56)
(-91, -107, -41, -51, -42, 27)
(-79, -94, -38, -28, -23, 12)
(-75, -81, -33, -13, -11, -2)
(-71, -67, -28, -3, -9, -14)
(-70, -55, -22, -1, -17, -23)
(-66, -47, -18, -1, -36, -27)
BatchID:  9




(-61, -29, -12, 0, 1, 0)
(-61, -30, -12, 0, 0, 0)
(-61, -30, -11, 1, 0, 0)
(-60, -29, -11, 1, 1, 0)
(-61, -29, -11, 1, 0, 0)
(-61, -29, -11, 1, 0, 0)
(-61, -29, -12, 1, 1, 0)
(-62, -29, -11, 1, 1, 0)
(-62, -28, -11, 1, 1, 0)
(-62, -28, -11, 1, 1, 0)
(-61, -29, -11, 0, 0, 0)
(-61, -29, -10, 0, 0, 0)
(-62, -29, -10, 0, 0, 1)
(-62, -28, -11, 0, 0, 0)
(-61, -29, -11, 0, 0, 0)
(-59, -29, -11, 0, 0, 0)
(-59, -30, -11, -1, 2, 0)
(-59, -32, -11, -1, 2, 0)
(-59, -33, -11, -1, 1, 1)
(-59, -34, -12, -1, 1, 2)
(-59, -38, -12, -1, 1, 3)
(-68, -52, -5, 0, 1, 3)
(-67, -88, 3, 3, -4, 4)
(-74, -127, 7, 3, -7, 4)
(-80, -127, 1, -6, -18, 2)
(-88, -127, -10, -21, -14, -16)
(-98, -127, -5, -22, -22, -13)
(-70, -127, -9, -15, -39, -37)
(-37, -127, -13, -6, -29, -58)
(-9, -127, -22, 4, -8, -64)
(-17, -127, -26, 19, 5, -49)
(-43, -124, -18, 43, -23, -21)
(-49, -65, -7, 54, -92, 2)
(14, 62, 10, 58, -127, 56)
(58, 127, 33, 61, -77, 92)
(19, 127, 29, 107, 44, 110)
(-25, 127, -21, 47, 79, 127)
(-116, 127, -50, -109, 117, 127)
(-127, 127, -47, -127, 102, 127)
(-127, 116, -56, -127, 72, 80)
(-99, 32, -29, -45, 78, -87)
(-88, 83, -18, 75, 52, -127)
(-81, 127, -34, 127, 0, -127)
(-60, 127, -55, 123, -24, -127)
(-36, 127, -53, 94, -12, -127)
(-21, 127, -29, 54, -16, -127)
(-15, 111, -13, 33, -9, -127)
(-5, 40, -5, 27, 17, -127)
(8, -59, 44, 64, 54, -110)
(-6, -55, 33, 85, 39, -83)
(15, -69, 42, 67, 8, -45)
(71, -94, 51, 1, 63, 20)
(59, -127, 55, -79, 100, 92)
(7, -110, 15, -127, 94, 127)
(-71, -91, -45, -127, 92, 127)
(-121, -119, -86, -127, 72, 126)
(-127, -127, -87, -127, 44, 96)
(-127, -127, -84, -127, 39, 65)
(-110, -127, -77, -112, 8, 46)
(-87, -127, -73, -91, -6, 34)
(-68, -127, -63, -71, -7, 14)
(-58, -127, -52, -41, 1, -1)
(-60, -95, -35, 16, 0, -24)
(-65, -69, -31, 31, -14, -27)
(-69, -49, -29, 33, -34, -24)
BatchID:  10




(-62, -24, -15, -6, 13, 13)
(-67, -25, -15, -5, 8, 14)
(-70, -24, -17, -3, 0, 16)
(-68, -23, -18, 0, -8, 17)
(-64, -21, -18, 1, -10, 17)
(-63, -17, -18, 1, -9, 17)
(-61, -13, -21, 2, 2, 14)
(-63, -13, -23, 3, 8, 12)
(-66, -15, -24, 4, 9, 11)
(-67, -17, -25, 7, 7, 11)
(-64, -20, -24, 11, 5, 11)
(-62, -21, -22, 16, 5, 12)
(-64, -20, -20, 17, 4, 13)
(-65, -22, -18, 16, 1, 12)
(-64, -28, -18, 15, 3, 12)
(-66, -44, -12, 18, 13, 11)
(-77, -78, 1, 27, 26, 10)
(-108, -127, 21, 40, 25, 9)
(-127, -127, 24, 39, -11, 0)
(-113, -127, 0, 10, -24, -13)
(-112, -127, -12, -18, -26, -34)
(-80, -127, -26, -39, -21, -52)
(-45, -127, -34, -47, -2, -78)
(-14, -127, -42, -28, 28, -94)
(-17, -127, -43, 15, 46, -77)
(-24, -127, -29, 76, 23, -30)
(-27, -49, -11, 112, 0, 6)
(-61, 65, 19, 67, -24, -3)
(-91, 127, 18, 29, -108, -17)
(-59, 127, 19, 21, -127, 64)
(-6, 127, -50, 29, -123, 127)
(-33, 127, -126, -100, -23, 127)
(-105, 127, -82, -127, 47, 127)
(-127, 127, -79, -94, 104, 127)
(-127, 29, -42, -54, 127, -58)
(-120, 58, -12, 74, 85, -126)
(-100, 124, -25, 127, -3, -127)
(-63, 127, -44, 127, -59, -127)
(-21, 127, -69, 127, -42, -127)
(-13, 127, -57, 93, -33, -127)
(-6, 110, -22, 44, -50, -127)
(-2, 64, -16, 29, -37, -122)
(6, 10, -8, 13, -16, -109)
(18, -73, 33, 109, 24, -91)
(21, -88, 40, 95, 20, -73)
(54, -86, 52, 81, 54, -41)
(80, -79, 66, 27, 120, 18)
(57, -61, 57, -77, 127, 84)
(-32, -30, 8, -127, 127, 92)
(-102, -62, -43, -127, 74, 72)
(-65, -110, -97, -127, 3, 70)
(-55, -127, -112, -127, 19, 86)
(-75, -127, -111, -127, 36, 85)
(-104, -127, -104, -127, 22, 80)
(-122, -127, -91, -87, -12, 72)
(-78, -127, -63, -27, -50, 33)
(-59, -127, -50, 0, -23, 8)
(-60, -104, -42, 18, 4, -13)
(-72, -86, -38, 31, 15, -28)
(-81, -68, -36, 44, 4, -36)
(-87, -46, -35, 56, -19, -35)
(-82, -23, -33, 62, -42, -30)
(-78, -2, -29, 56, -56, -24)
(-74, 14, -30, 37, -66, -21)
(-62, 18, -32, 15, -60, -21)
(-52, 13, -34, 0, -38, -25)
(-43, 7, -34, -1, -7, -31)
(-47, 3, -33, 2, 18, -31)
BatchID:  11




(-62, -22, -18, 1, 0, 0)
(-60, -22, -17, 1, 1, 0)
(-61, -21, -16, 1, 1, 0)
(-63, -22, -17, 1, 0, 1)
(-62, -21, -17, 0, 0, 1)
(-62, -21, -17, 0, 0, 1)
(-62, -21, -17, 0, 1, 0)
(-62, -21, -17, 1, 1, 0)
(-62, -21, -16, 1, 0, 0)
(-61, -20, -16, 0, 1, 0)
(-62, -21, -17, 0, 1, 0)
(-63, -21, -17, 0, 0, 1)
(-62, -21, -16, 0, 0, 0)
(-62, -20, -17, 0, 0, 0)
(-63, -20, -16, 0, 1, 0)
(-64, -19, -16, 0, 1, 0)
(-63, -19, -17, -1, 0, 0)
(-62, -20, -17, -1, 1, 0)
(-60, -22, -16, -2, 2, 0)
(-61, -25, -16, -2, 2, 0)
(-66, -31, -14, 0, 2, 0)
(-70, -48, -10, 3, -2, 0)
(-60, -79, -9, 6, 0, -2)
(-67, -119, -5, 7, 14, -4)
(-91, -127, -5, 9, 14, -5)
(-107, -127, -17, 4, -4, -6)
(-102, -127, -28, -5, -20, -9)
(-89, -127, -35, -8, -28, -16)
(-55, -127, -37, 8, -41, -51)
(-25, -127, -38, 15, -35, -65)
(-7, -116, -37, 26, -24, -58)
(0, -93, -33, 50, -13, -34)
(-7, -59, -20, 76, -5, -4)
(-21, -10, 0, 94, -20, 15)
(-26, 57, 16, 89, -47, 35)
(-27, 127, 20, 62, -66, 45)
(-25, 127, 22, 56, -65, 93)
(-25, 127, -24, 24, -48, 127)
(-57, 127, -67, -84, -4, 127)
(-118, 127, -45, -127, 17, 127)
(-127, 127, -37, -117, 26, 119)
(-60, 53, -54, -56, 73, -45)
(-66, 71, -54, -11, 119, -95)
(-77, 95, -37, 27, 108, -118)
(-86, 120, -33, 82, 70, -126)
(-86, 127, -37, 112, 17, -119)
(-66, 127, -32, 99, -18, -116)
(-25, 82, -7, 40, -30, -127)
(-4, 32, 0, 29, -6, -110)
(0, -41, 35, 65, 33, -80)
(-19, -58, 29, 70, 26, -53)
(-18, -66, 40, 64, 13, -21)
(-6, -74, 43, 35, 10, 9)
(25, -96, 38, -8, 29, 54)
(41, -98, 17, -65, 91, 103)
(-7, -76, -19, -115, 127, 127)
(-91, -88, -43, -127, 127, 121)
(-127, -110, -42, -127, 108, 106)
(-127, -113, -38, -127, 27, 88)
(-127, -116, -51, -121, -32, 69)
(-92, -126, -58, -105, -37, 56)
(-67, -127, -56, -83, 1, 31)
(-65, -127, -52, -53, 39, 0)
(-75, -127, -44, -21, 48, -21)
(-85, -106, -37, 4, 26, -32)
(-82, -81, -32, 22, -14, -36)
(-68, -59, -30, 31, -49, -35)
(-51, -41, -30, 36, -64, -33)
BatchID:  12




(-61, -21, -18, -4, 4, 2)
(-62, -21, -18, -4, 4, 2)
(-62, -23, -19, -3, 4, 2)
(-61, -25, -20, -2, 5, 2)
(-62, -28, -20, 0, 6, 2)
(-64, -30, -19, 2, 4, 1)
(-64, -32, -17, 8, 0, 0)
(-63, -31, -16, 9, -1, 2)
(-66, -29, -16, 8, -2, 3)
(-65, -28, -16, 8, -3, 2)
(-65, -26, -17, 8, -1, 2)
(-64, -21, -17, 8, 1, 2)
(-62, -18, -18, 8, 2, 1)
(-59, -15, -19, 7, 4, 1)
(-58, -13, -19, 6, 5, 2)
(-55, -14, -19, 5, 3, 4)
(-53, -16, -19, 5, 4, 6)
(-61, -25, -14, 8, 3, 9)
(-71, -49, 0, 17, -3, 11)
(-88, -99, 21, 29, -11, 14)
(-98, -127, 28, 30, -32, 9)
(-96, -127, 9, -1, -8, -36)
(-83, -127, 8, -2, -7, -43)
(-52, -127, -1, -4, -8, -54)
(-23, -127, -20, -16, 15, -67)
(-50, -127, -33, -10, -7, -61)
(-65, -127, -29, 31, -78, -35)
(-53, -69, -14, 78, -127, 0)
(-21, 52, 4, 80, -127, 33)
(44, 127, 26, 62, -127, 79)
(34, 127, 10, 85, -4, 127)
(-7, 127, -51, 25, 29, 127)
(-98, 127, -114, -123, 90, 127)
(-127, 127, -91, -127, 95, 127)
(-127, 127, -83, -127, 50, 72)
(-127, 55, -77, -89, 19, -40)
(-53, 49, -75, -18, 36, -127)
(-45, 110, -60, 92, 58, -127)
(-51, 127, -52, 123, 36, -127)
(-38, 127, -51, 127, -2, -127)
(-31, 127, -36, 93, -6, -126)
(-28, 127, -14, 49, -16, -123)
(-13, 68, -4, 18, -24, -116)
(11, -23, 23, 15, 10, -94)
(-3, -33, 24, 66, 24, -64)
(17, -57, 35, 49, 0, -31)
(61, -80, 39, 11, 62, 17)
(50, -101, 45, -43, 104, 61)
(25, -89, 14, -109, 127, 97)
(-38, -72, -33, -127, 127, 107)
(-108, -89, -66, -127, 127, 97)
(-127, -119, -75, -127, 86, 95)
(-127, -127, -76, -127, 40, 90)
(-127, -127, -72, -110, -4, 78)
(-110, -127, -67, -76, -19, 70)
(-78, -127, -50, -24, 29, 19)
(-80, -122, -41, 2, 41, -4)
(-84, -102, -33, 28, 32, -17)
(-88, -77, -27, 43, 1, -19)
(-83, -54, -24, 51, -38, -18)
(-70, -32, -24, 51, -63, -19)
(-56, -14, -24, 44, -67, -20)
(-46, 2, -24, 31, -53, -20)
(-47, 12, -26, 13, -27, -21)
(-55, 12, -29, 0, -8, -24)
(-59, 8, -32, -7, 2, -28)
(-62, 3, -34, -6, 6, -27)
BatchID:  13




(-62, -21, -16, 1, 1, 0)
(-62, -21, -16, 1, 2, 0)
(-64, -21, -16, 1, 1, 0)
(-63, -21, -16, 1, 0, 0)
(-62, -21, -16, 0, 0, 0)
(-61, -21, -15, 0, 0, 0)
(-60, -22, -15, 1, 0, 0)
(-61, -22, -15, 1, 0, 0)
(-61, -21, -15, 0, 0, 0)
(-62, -21, -15, 0, 1, 0)
(-62, -21, -16, 0, 1, 0)
(-63, -22, -16, 0, 0, 0)
(-61, -23, -15, 0, 0, 0)
(-61, -22, -16, 0, 0, 0)
(-60, -22, -15, 0, 0, 0)
(-61, -21, -15, 0, 0, 1)
(-62, -22, -16, -1, 0, 1)
(-61, -23, -16, 0, 1, 1)
(-61, -24, -17, 0, 2, 1)
(-61, -27, -16, 1, 3, 1)
(-69, -37, -8, 6, 1, 3)
(-70, -66, 3, 16, -4, 5)
(-69, -115, 12, 27, -7, 7)
(-63, -127, 4, 18, -1, -7)
(-80, -127, -10, 23, 16, -38)
(-102, -127, 0, 40, 20, -37)
(-100, -127, 8, 74, -15, -37)
(-84, -127, 12, 86, -48, -32)
(-49, -127, 11, 65, -80, -35)
(-8, -127, 5, 41, -74, -32)
(7, -102, 4, 25, -54, -15)
(-6, 16, 0, 24, -64, 51)
(19, 104, 0, 17, -57, 95)
(0, 127, 3, 46, 20, 127)
(-61, 127, -51, 72, 12, 127)
(-127, 127, -127, -74, 8, 127)
(-127, 127, -127, -127, -27, 127)
(-127, 98, -114, -127, -24, 105)
(-95, -9, -90, -127, 79, -16)
(-38, 2, -55, -40, 127, -125)
(-52, 111, -23, 116, 127, -127)
(-73, 127, -53, 127, 82, -127)
(-58, 127, -50, 127, 22, -127)
(-53, 127, -49, 123, -15, -127)
(-46, 127, -30, 48, -59, -120)
(-19, 118, -13, 8, -78, -120)
(6, 39, -5, -9, -59, -115)
(35, -108, 67, 88, 26, -88)
(14, -90, 53, 93, 35, -60)
(59, -80, 62, 81, 67, -20)
(104, -88, 77, 26, 127, 54)
(72, -74, 42, -74, 127, 114)
(-44, -28, -12, -127, 127, 106)
(-124, -66, -85, -127, 127, 74)
(-127, -109, -104, -127, 127, 66)
(-127, -127, -104, -127, 57, 65)
(-127, -127, -80, -127, 0, 75)
(-127, -127, -84, -100, -73, 64)
(-100, -127, -73, -63, -62, 50)
(-81, -127, -56, -31, -51, 25)
(-69, -127, -43, -6, -24, -3)
(-73, -112, -35, 15, -15, -25)
(-75, -83, -34, 31, -22, -39)
(-75, -58, -35, 40, -38, -45)
(-74, -34, -38, 45, -55, -44)
(-69, -14, -38, 47, -68, -40)
(-62, 1, -35, 43, -70, -33)
(-55, 19, -34, 26, -65, -34)
(-46, 20, -34, 11, -48, -33)
(-42, 17, -33, 0, -25, -33)
BatchID:  14





(-63, -1, -6, 8, 3, 1)
(-63, 0, -6, 7, 2, 1)
(-64, -1, -6, 6, 2, 2)
(-63, 0, -5, 7, 1, 2)
(-64, 1, -6, 5, 1, 2)
(-64, 1, -6, 2, 1, 2)
(-64, 1, -8, 0, 1, 2)
(-65, 0, -7, 0, 1, 2)
(-65, 0, -8, 0, 1, 2)
(-64, 0, -8, -1, 1, 1)
(-64, 0, -8, -2, 2, 0)
(-64, -1, -9, -3, 2, 0)
(-65, -2, -7, -3, 1, 0)
(-65, 0, -7, -4, 0, 0)
(-65, -1, -8, -7, 0, 0)
(-66, -3, -9, -8, 0, 1)
(-66, -5, -10, -10, 2, 1)
(-66, -9, -10, -12, 9, 3)
(-69, -21, -10, -18, 17, 4)
(-76, -50, -9, -28, 23, 4)
(-93, -109, -9, -43, 18, 2)
(-117, -127, -10, -42, -1, 0)
(-127, -127, -20, -29, -34, 10)
(-127, -127, -51, -35, -58, 34)
(-127, -127, -69, -43, -61, 41)
(-127, -127, -82, -18, -61, 39)
(-127, -127, -90, 14, -54, 27)
(-127, -127, -89, 34, -66, -10)
(-125, -94, -83, 57, -87, -44)
(-76, -58, -54, 77, -88, -68)
(-35, -6, -9, 90, -68, -88)
(-18, 59, 27, 74, -37, -100)
(-14, 107, 53, 127, -59, -67)
(-2, 127, 55, 127, -31, -12)
(7, 127, -36, 127, 38, 116)
(5, 127, -127, -127, -1, 127)
(-50, 127, -114, -127, 61, 127)
(-63, 127, -127, -127, 126, 125)
(-81, 73, -120, -127, 127, 31)
(-115, -87, -102, -127, 127, -117)
(-56, -127, 12, 117, 117, -127)
(-109, 125, 26, 127, 18, -127)
(-77, 127, 19, 127, -127, -48)
(115, 127, -89, 127, -127, 39)
(127, 127, -76, -49, -89, -29)
(57, 127, 12, -49, 26, -86)
(-20, 93, -18, 98, 127, -127)
(-74, 91, -26, 100, 127, -127)
(-93, 61, -3, 69, 127, -127)
(-98, 21, 31, 66, 74, -117)
(-85, -7, 32, 76, -59, -91)
(12, -94, 43, 45, -72, -20)
(29, -118, 62, 5, -59, 22)
(87, -119, 37, -53, 19, 69)
(54, -87, 3, -127, 127, 108)
(-40, -75, -49, -127, 127, 114)
(-127, -105, -95, -127, 127, 99)
(-127, -127, -81, -127, 98, 87)
(-127, -127, -62, -127, -7, 85)
(-127, -126, -65, -87, -68, 71)
(-102, -122, -56, -68, -70, 48)
(-68, -116, -45, -55, -40, 20)
(-60, -114, -40, -40, -5, 3)
(-70, -111, -34, -15, 8, -10)
(-80, -95, -29, 9, -6, -22)
(-75, -69, -27, 24, -32, -28)
(-63, -47, -27, 27, -51, -28)
(-52, -29, -28, 24, -53, -24)
(-43, -15, -29, 17, -36, -21)
BatchID:  2




(-63, -18, -10, -3, 0, 0)
(-64, -18, -10, -3, 0, 1)
(-64, -17, -10, -3, 0, 1)
(-65, -17, -10, -5, 0, 0)
(-65, -18, -11, -5, 0, 0)
(-65, -19, -11, -5, 0, 0)
(-64, -20, -11, -5, 0, 0)
(-63, -19, -12, -4, 0, 0)
(-64, -19, -11, -3, -1, 0)
(-63, -19, -11, -4, 0, 0)
(-62, -20, -12, -3, 0, -1)
(-63, -20, -11, -3, -1, -1)
(-63, -18, -11, -3, -2, -1)
(-63, -18, -12, -4, -2, -1)
(-63, -18, -12, -4, 0, -1)
(-63, -19, -12, -4, 1, -1)
(-65, -21, -12, -5, 3, -1)
(-65, -26, -12, -4, 5, -2)
(-70, -34, -7, -3, 5, -2)
(-76, -55, 1, 0, 0, -1)
(-76, -103, 6, 1, -7, -1)
(-77, -127, 0, -6, -13, -3)
(-85, -127, -19, -26, -11, 0)
(-107, -127, -34, -28, -13, 9)
(-120, -127, -30, -3, -33, 11)
(-109, -127, -36, 43, -75, -1)
(-64, -127, -43, 60, -76, -22)
(-38, -127, -44, 59, -56, -43)
(-47, -110, -42, 34, -47, -47)
(-53, -91, -27, 34, -81, -37)
(-41, -52, -17, 61, -127, -18)
(40, 81, 26, 123, -127, 26)
(84, 127, 31, 127, -73, 57)
(69, 127, -17, 127, 99, 127)
(-10, 127, -91, -2, 127, 127)
(-121, 127, -74, -127, 127, 127)
(-127, 127, -88, -127, 110, 127)
(-127, 75, -91, -127, 120, 42)
(-72, -13, -90, -127, 127, -103)
(-84, -13, -57, -2, 127, -127)
(-112, 97, 0, 127, 127, -127)
(-102, 127, -29, 127, 37, -127)
(-72, 127, -35, 127, -36, -127)
(-36, 127, -38, 123, -45, -127)
(-21, 127, -8, 45, -42, -127)
(-3, 64, 5, 21, -29, -127)
(12, -18, 26, 32, 15, -115)
(9, -43, 36, 101, 46, -77)
(25, -47, 45, 58, 17, -52)
(49, -68, 44, 20, 59, 0)
(39, -89, 59, -23, 97, 51)
(12, -100, 52, -77, 85, 106)
(-10, -88, 17, -127, 84, 127)
(-62, -93, -24, -127, 71, 127)
(-110, -109, -57, -127, 73, 127)
(-127, -127, -62, -127, 57, 125)
(-127, -127, -61, -100, 21, 93)
(-127, -124, -61, -76, -4, 63)
(-112, -121, -60, -59, -7, 35)
(-97, -116, -58, -40, 0, 10)
(-86, -110, -48, -14, 7, -12)
(-81, -91, -39, 13, 2, -25)
(-75, -67, -29, 31, -13, -31)
(-66, -39, -25, 38, -29, -30)
(-64, -18, -21, 32, -39, -30)
(-54, -9, -20, 22, -39, -31)
(-45, -1, -22, 15, -22, -29)
(-46, -1, -22, 11, -1, -27)
BatchID:  3




(-69, -9, -16, -6, 0, -2)
(-67, -9, -17, -7, 1, -3)
(-66, -11, -18, -8, 1, -4)
(-62, -9, -18, -9, 0, -5)
(-60, -10, -19, -10, 0, -4)
(-60, -10, -20, -12, 0, -4)
(-60, -16, -23, -10, 1, -5)
(-63, -16, -24, -6, 1, -4)
(-63, -12, -23, -2, -1, -4)
(-63, -12, -21, 0, -3, -4)
(-61, -11, -20, 0, -3, -3)
(-61, -10, -18, 0, -2, -3)
(-62, -9, -18, 0, -2, -3)
(-64, -9, -18, 0, -2, -2)
(-65, -11, -17, -1, -1, -2)
(-65, -15, -18, -1, -1, -2)
(-65, -26, -16, 0, 1, -3)
(-69, -54, -9, 3, 2, -5)
(-73, -101, -1, 10, -1, -7)
(-77, -127, -3, 9, -5, -10)
(-86, -127, -21, -6, -7, -14)
(-104, -127, -39, -20, -11, -12)
(-103, -127, -47, -15, -29, -14)
(-101, -127, -46, 18, -51, -30)
(-93, -127, -37, 66, -71, -24)
(-66, -127, -35, 98, -91, -38)
(-36, -105, -23, 103, -77, -42)
(-12, -62, -3, 79, -51, -45)
(-11, -36, 8, 53, -33, -43)
(-22, -4, 5, 36, -25, -31)
(-47, 38, 23, 36, -44, -5)
(-54, 98, 29, 43, -102, 54)
(-33, 127, 30, 60, -127, 123)
(-4, 127, -32, 124, -127, 127)
(-8, 127, -118, 2, -46, 127)
(-79, 127, -55, -124, 6, 127)
(-112, 127, -37, -127, 21, 127)
(-99, 127, -44, -127, 52, 127)
(-83, 69, -48, -127, 108, 33)
(-32, 13, -36, -127, 127, -87)
(-7, -13, -20, -39, 127, -127)
(-42, 20, -9, 67, 127, -127)
(-48, 72, -11, 118, 79, -127)
(-31, 105, -22, 124, 35, -112)
(-32, 127, -24, 92, 31, -81)
(-47, 121, -7, 44, 11, -67)
(-53, 99, 4, 23, 1, -71)
(-49, 78, 3, 22, -12, -92)
(-27, 52, 0, 21, -2, -101)
(-12, 24, 4, 22, 34, -95)
(-10, -7, 15, 43, 68, -80)
(-16, -29, 27, 51, 81, -54)
(-12, -40, 35, 33, 70, -15)
(0, -30, 4, -102, 95, 82)
(-35, -45, -31, -127, 121, 109)
(-75, -73, -65, -127, 101, 111)
(-104, -87, -85, -127, 104, 107)
(-127, -100, -94, -127, 72, 96)
(-127, -109, -102, -125, 43, 84)
(-127, -113, -101, -101, 20, 68)
(-127, -114, -89, -75, 8, 50)
(-123, -106, -77, -43, 1, 32)
(-114, -92, -63, -21, -8, 12)
(-100, -81, -53, -2, -17, -4)
(-83, -65, -44, 13, -19, -18)
(-72, -46, -38, 23, -14, -25)
(-74, -30, -34, 30, -13, -30)
BatchID:  4




(-63, -14, -14, -1, 0, 1)
(-62, -14, -15, -1, 1, 0)
(-62, -15, -15, -2, 2, 0)
(-63, -17, -16, -2, 3, 0)
(-64, -18, -17, -1, 3, 0)
(-64, -21, -17, 0, 3, 0)
(-63, -23, -17, 2, 4, 0)
(-62, -25, -16, 4, 3, 0)
(-63, -26, -15, 5, 3, 0)
(-63, -27, -15, 6, 1, 0)
(-64, -27, -15, 7, 1, 0)
(-66, -27, -14, 7, 0, 0)
(-71, -28, -14, 8, -1, -1)
(-72, -28, -15, 9, 0, -6)
(-69, -29, -14, 12, 4, -8)
(-69, -26, -14, 15, 7, -7)
(-71, -22, -12, 16, 7, -7)
(-70, -22, -12, 14, 2, -7)
(-66, -25, -11, 14, -2, -6)
(-71, -30, -7, 17, -8, -4)
(-76, -46, 3, 23, -21, -4)
(-67, -81, 7, 22, -32, -7)
(-53, -127, -2, 5, -21, -20)
(-69, -127, -11, -6, 6, -37)
(-93, -127, -4, 13, 13, -46)
(-70, -127, -4, 28, -13, -60)
(-31, -127, -10, 11, 5, -64)
(-3, -127, -22, -9, 27, -64)
(-23, -123, -10, 39, 10, 9)
(-24, -19, 11, 64, -28, 48)
(-32, 112, 33, 46, -62, 88)
(-59, 127, 32, 67, -45, 118)
(-117, 127, -51, 38, -71, 127)
(-127, 127, -92, -127, -107, 127)
(-127, 127, -53, -127, -87, 127)
(-95, 127, -64, -127, -32, 117)
(-49, 84, -84, -127, 116, 37)
(-53, 45, -67, -95, 127, -59)
(-85, 19, -33, -21, 127, -127)
(-76, 87, -10, 127, 73, -127)
(-63, 127, -27, 127, -20, -127)
(-27, 127, -36, 127, -53, -125)
(-12, 127, -29, 79, -59, -107)
(-9, 114, -15, 27, -65, -96)
(-1, 67, -12, 8, -55, -89)
(4, 21, -12, 4, -29, -83)
(3, -10, -1, 12, 6, -72)
(0, -50, 18, 55, 21, -58)
(10, -61, 19, 45, 10, -43)
(33, -64, 21, 18, 37, -14)
(28, -70, 22, -28, 71, 33)
(6, -77, 12, -82, 77, 83)
(-20, -72, -14, -127, 73, 114)
(-41, -77, -40, -127, 78, 113)
(-69, -93, -68, -127, 77, 98)
(-96, -120, -80, -127, 77, 94)
(-127, -127, -72, -126, 57, 83)
(-127, -126, -60, -94, 7, 66)
(-127, -111, -53, -83, -35, 44)
(-109, -108, -50, -77, -57, 27)
(-88, -106, -49, -62, -52, 9)
(-75, -104, -46, -38, -30, -11)
(-70, -93, -43, -11, -5, -29)
(-73, -75, -37, 12, 9, -40)
(-80, -55, -34, 24, 6, -48)
(-82, -38, -32, 26, -11, -49)
(-75, -26, -32, 26, -34, -43)
(-66, -16, -32, 27, -47, -34)
BatchID:  5




(-60, -25, -17, 1, 0, 1)
(-61, -25, -16, 1, 0, 1)
(-62, -24, -17, 1, -1, 1)
(-60, -25, -18, 0, -2, 1)
(-61, -24, -18, 0, -1, 1)
(-63, -24, -18, 0, -1, 1)
(-64, -26, -19, 0, -3, 1)
(-64, -25, -19, 1, -4, 0)
(-62, -25, -19, 1, -3, 0)
(-60, -25, -18, 2, -1, 0)
(-61, -23, -17, 2, 0, 0)
(-60, -23, -16, 1, 0, 0)
(-58, -23, -16, 1, 0, 0)
(-58, -23, -15, 1, 2, 0)
(-58, -23, -15, 0, 3, 0)
(-59, -24, -15, -1, 3, 0)
(-58, -28, -15, -1, 3, 1)
(-59, -34, -16, -1, 7, 1)
(-67, -58, -8, 1, 9, 0)
(-73, -91, -1, 7, 7, -1)
(-84, -127, 0, 7, 0, -6)
(-93, -127, -11, 0, -5, -18)
(-95, -127, -23, 10, -10, -43)
(-91, -127, -16, 11, -16, -35)
(-75, -127, -14, 25, -33, -44)
(-57, -127, -9, 38, -41, -51)
(-23, -127, -12, 38, -38, -54)
(2, -87, -12, 34, -12, -21)
(-8, -43, -6, 41, -26, 11)
(-15, 24, 5, 51, -50, 53)
(-11, 98, 14, 37, -67, 85)
(-13, 127, 16, 36, -56, 125)
(-36, 127, -10, 30, -38, 127)
(-84, 127, -50, -26, -28, 127)
(-127, 127, -55, -118, -46, 127)
(-127, 127, -47, -127, -71, 127)
(-86, 76, -59, -127, -24, 67)
(-32, 26, -64, -101, 108, -28)
(-48, 37, -44, -28, 127, -103)
(-65, 56, -38, 29, 127, -127)
(-71, 85, -32, 83, 127, -127)
(-73, 127, -30, 106, 8, -122)
(-45, 127, -28, 81, -23, -120)
(-26, 95, -22, 56, -27, -114)
(-9, 48, -14, 37, -21, -110)
(7, 3, -3, 31, 4, -93)
(0, -45, 21, 61, 28, -33)
(14, -57, 28, 44, 31, 11)
(20, -67, 35, 13, 49, 62)
(14, -67, 31, -37, 67, 112)
(-6, -47, 3, -100, 101, 127)
(-58, -45, -36, -127, 121, 127)
(-98, -65, -69, -127, 127, 127)
(-127, -92, -87, -127, 127, 111)
(-127, -117, -89, -127, 90, 94)
(-127, -116, -86, -94, 37, 69)
(-127, -111, -82, -73, 3, 47)
(-123, -114, -70, -53, -18, 31)
(-99, -110, -61, -28, -24, 15)
(-85, -103, -49, -2, -20, 0)
(-78, -88, -38, 22, -19, -11)
(-73, -67, -31, 37, -19, -21)
(-67, -51, -27, 44, -21, -30)
(-66, -34, -26, 45, -22, -37)
(-67, -20, -25, 43, -25, -40)
(-67, -8, -26, 38, -29, -40)
(-65, 1, -28, 31, -32, -39)
(-63, 6, -30, 22, -29, -36)
BatchID:  6




(-62, -22, -18, -2, 0, 0)
(-62, -22, -19, -2, 0, 0)
(-62, -21, -19, -2, 0, 0)
(-61, -22, -19, -2, 0, 0)
(-61, -23, -19, -3, 0, 0)
(-60, -23, -19, -2, 1, 0)
(-61, -23, -18, -3, 1, 0)
(-61, -22, -19, -3, 1, 0)
(-62, -23, -19, -3, 0, 0)
(-61, -24, -19, -3, 0, 0)
(-61, -24, -20, -2, 0, 0)
(-61, -24, -19, -1, 0, 0)
(-61, -25, -19, -1, 0, 0)
(-60, -25, -19, -1, 0, 0)
(-61, -24, -19, -1, 0, 0)
(-62, -23, -19, -2, 0, 0)
(-61, -24, -19, -2, 0, 0)
(-61, -24, -20, -1, 0, 0)
(-63, -24, -20, -1, 0, 0)
(-62, -24, -21, 0, 0, 0)
(-61, -25, -21, 0, 0, 0)
(-61, -25, -21, 0, 0, 0)
(-61, -26, -21, 0, 0, 0)
(-59, -28, -21, 1, 1, 0)
(-59, -31, -21, 1, 3, 0)
(-68, -46, -15, 5, 6, 2)
(-69, -79, -7, 10, 5, 2)
(-72, -120, -5, 8, 7, 1)
(-89, -127, -11, 0, 5, 1)
(-126, -127, -26, 2, -31, 5)
(-123, -127, -27, 30, -70, -6)
(-91, -127, -31, 37, -80, -26)
(-42, -127, -35, 28, -63, -56)
(2, -127, -35, 20, -13, -74)
(20, -127, -25, 32, 39, -66)
(1, -84, -13, 62, 56, -31)
(-42, -8, 14, 78, 18, 12)
(-61, 79, 38, 67, -69, 57)
(-53, 127, 47, 45, -127, 80)
(-43, 127, 16, 88, -127, 127)
(-10, 127, -89, 5, -127, 127)
(-38, 127, -90, -127, -26, 127)
(-102, 127, -56, -127, 30, 127)
(-117, 109, -73, -122, 86, 78)
(-93, 22, -78, -102, 127, -47)
(-71, 4, -54, -23, 127, -127)
(-94, 68, -32, 99, 127, -127)
(-95, 127, -38, 127, 57, -127)
(-65, 127, -47, 127, -20, -121)
(-43, 127, -53, 116, -27, -115)
(-27, 127, -31, 57, -34, -117)
(-11, 97, -14, 33, -28, -114)
(-1, 34, -10, 27, -6, -109)
(11, -25, 17, 30, 34, -94)
(4, -52, 32, 93, 47, -63)
(31, -85, 45, 53, 8, -31)
(71, -116, 48, 15, 60, 27)
(71, -124, 53, -46, 103, 99)
(-57, -78, -28, -127, 127, 127)
(-127, -97, -61, -127, 124, 127)
(-127, -126, -69, -127, 36, 111)
(-127, -126, -77, -127, 13, 89)
(-127, -115, -72, -90, -15, 73)
(-124, -105, -69, -64, -19, 54)
(-93, -98, -51, -26, -3, 8)
(-84, -92, -45, -8, 7, -7)
(-82, -78, -36, 13, 8, -17)
(-85, -56, -29, 28, -7, -21)
(-82, -34, -23, 32, -31, -22)
(-76, -14, -23, 23, -54, -27)
(-60, -9, -24, 12, -63, -27)
(-45, -8, -27, 5, -49, -25)
BatchID:  7




(-60, -22, -19, -1, 0, 0)
(-60, -22, -18, -1, 0, 0)
(-60, -22, -18, -1, 0, 1)
(-61, -22, -18, -1, 0, 1)
(-61, -22, -19, -2, 0, 1)
(-62, -22, -19, -2, 0, 0)
(-61, -22, -20, -1, 0, 0)
(-61, -21, -18, -1, 0, 1)
(-59, -20, -17, -1, 0, 2)
(-59, -18, -17, -3, 0, 3)
(-59, -18, -18, -6, 1, 2)
(-61, -21, -20, -10, 6, 0)
(-63, -23, -22, -8, 5, 0)
(-62, -24, -22, -7, 2, 1)
(-59, -26, -23, -6, 2, 1)
(-57, -30, -24, -4, 5, 2)
(-59, -42, -22, -2, 14, 2)
(-67, -66, -14, 2, 23, 2)
(-90, -104, -1, 12, 22, 6)
(-109, -127, 0, 15, -5, 11)
(-99, -127, -21, -1, -27, 10)
(-97, -127, -38, -21, -30, 3)
(-96, -127, -50, -11, -26, -23)
(-106, -127, -43, -3, -25, -19)
(-93, -127, -42, 15, -56, -40)
(-58, -127, -45, 22, -60, -60)
(-19, -127, -43, 30, -36, -70)
(-4, -105, -25, 44, -10, -59)
(-4, -64, -4, 74, -16, -25)
(0, 15, 14, 93, -32, 24)
(-1, 111, 28, 75, -40, 55)
(-20, 127, 27, 77, -33, 83)
(-59, 127, -17, 62, -46, 127)
(-85, 127, -75, -65, -78, 127)
(-112, 127, -62, -127, -90, 127)
(-117, 127, -54, -127, -68, 127)
(-75, 91, -63, -127, 0, 65)
(-12, 13, -64, -114, 127, -44)
(-28, 7, -42, -7, 127, -127)
(-60, 45, -30, 86, 127, -127)
(-62, 96, -32, 127, 127, -127)
(-71, 127, -40, 127, 85, -124)
(-70, 127, -37, 127, 28, -112)
(-46, 127, -20, 86, -9, -112)
(-32, 105, -12, 59, -17, -101)
(-21, 54, -5, 40, -7, -88)
(-16, 0, 0, 36, 9, -77)
(-9, -65, 43, 107, 31, -60)
(-4, -70, 38, 81, -3, -45)
(32, -72, 41, 55, 15, -9)
(52, -90, 52, 7, 72, 54)
(37, -99, 45, -67, 111, 112)
(-18, -71, 3, -127, 127, 127)
(-80, -74, -47, -127, 127, 119)
(-122, -107, -86, -127, 90, 98)
(-127, -127, -102, -127, 70, 72)
(-127, -127, -86, -116, 33, 60)
(-123, -122, -83, -64, -9, 53)
(-119, -103, -78, -54, -21, 41)
(-103, -106, -63, -34, -32, 22)
(-84, -96, -57, -12, -28, 5)
(-70, -86, -46, 10, -10, -6)
(-69, -66, -38, 29, 1, -16)
(-77, -43, -32, 37, 1, -22)
(-87, -24, -29, 37, -14, -26)
(-87, -9, -32, 30, -35, -27)
(-79, -3, -33, 22, -49, -29)
(-66, -2, -33, 17, -52, -31)
BatchID:  8




(-60, -21, -21, 0, 0, 0)
(-60, -21, -21, 0, 0, 1)
(-62, -20, -22, 0, 0, 1)
(-61, -20, -22, 1, 0, 1)
(-62, -20, -22, 0, 0, 1)
(-61, -20, -21, 0, 0, 1)
(-61, -20, -20, 0, 0, 1)
(-61, -20, -21, 0, 0, 0)
(-61, -20, -20, 0, 0, 0)
(-61, -21, -20, 1, 0, 0)
(-62, -20, -21, 1, 0, 0)
(-61, -20, -20, 0, 0, 0)
(-60, -19, -20, 0, 0, 0)
(-61, -19, -20, 0, 1, 0)
(-61, -20, -21, 0, 1, 0)
(-62, -20, -20, 0, 0, 0)
(-61, -20, -20, 0, 0, 0)
(-61, -21, -21, 0, 0, 0)
(-61, -25, -19, 0, 0, 0)
(-64, -35, -16, 1, 2, 0)
(-68, -60, -11, 3, 6, -2)
(-72, -98, -9, 5, 8, -4)
(-79, -127, -18, 2, 5, -8)
(-99, -127, -32, -2, -5, -9)
(-101, -127, -38, 7, -25, -12)
(-105, -127, -34, 33, -44, -15)
(-89, -127, -29, 59, -69, -24)
(-64, -127, -24, 69, -78, -35)
(-39, -110, -16, 63, -75, -43)
(-9, -95, -10, 52, -53, -45)
(5, -76, -2, 43, -16, -37)
(-3, -44, 9, 28, 9, -21)
(-30, -9, 15, 13, -9, 2)
(-36, 30, 16, 4, -69, 36)
(-6, 114, 13, 0, -127, 127)
(-7, 127, 7, 15, -114, 127)
(-27, 127, -8, 9, -66, 127)
(-75, 127, -18, -25, -20, 127)
(-127, 127, -31, -114, -24, 127)
(-127, 127, -41, -127, 11, 127)
(-125, 55, -44, -127, 99, 64)
(-62, 14, -36, -106, 127, -59)
(-72, 4, -35, -10, 127, -127)
(-85, 54, -23, 70, 127, -127)
(-77, 107, -23, 126, 79, -127)
(-65, 127, -33, 127, 28, -127)
(-38, 127, -36, 101, 14, -127)
(-24, 127, -27, 62, 16, -127)
(-16, 94, -14, 47, 21, -127)
(-6, 49, -8, 45, 26, -124)
(2, 8, -2, 45, 30, -94)
(14, -45, 17, 61, 52, -70)
(-5, -64, 25, 90, 50, -41)
(-3, -82, 38, 89, 24, -15)
(43, -90, 46, 26, 68, 75)
(28, -76, 35, -30, 115, 116)
(-29, -49, 9, -99, 127, 127)
(-95, -52, -19, -127, 127, 127)
(-127, -70, -35, -127, 104, 108)
(-127, -95, -42, -127, 37, 80)
(-117, -83, -54, -88, -11, 59)
(-112, -83, -55, -71, -7, 43)
(-102, -82, -51, -52, -3, 24)
(-91, -77, -47, -37, 0, 8)
(-83, -69, -43, -23, 5, -6)
(-85, -59, -40, -10, 3, -15)
(-91, -49, -37, 2, -13, -21)
BatchID:  9




(-66, -17, -19, 0, 1, 0)
(-67, -18, -19, 1, 0, 0)
(-65, -17, -19, 1, -2, 0)
(-62, -17, -18, 1, -2, 0)
(-62, -16, -18, 1, -1, 0)
(-61, -16, -18, 0, 0, 0)
(-62, -16, -18, 0, 1, 0)
(-63, -18, -19, 0, 1, 0)
(-64, -18, -19, 1, 0, 0)
(-64, -18, -18, 3, -1, 0)
(-63, -17, -19, 3, -2, 0)
(-62, -16, -18, 2, -2, 0)
(-61, -16, -18, 1, -1, 0)
(-60, -16, -18, 0, 1, 0)
(-60, -18, -19, 0, 2, 0)
(-62, -19, -19, 0, 4, 1)
(-62, -24, -19, 1, 6, 2)
(-68, -31, -15, 4, 5, 2)
(-71, -45, -10, 8, 2, 2)
(-72, -71, -3, 11, 1, 4)
(-83, -108, 0, 14, 0, 9)
(-96, -127, -6, 7, -11, 18)
(-100, -127, -21, -7, -19, 23)
(-107, -127, -30, -15, -28, 18)
(-112, -127, -28, -3, -46, 7)
(-100, -127, -24, 18, -67, -9)
(-76, -127, -20, 33, -74, -30)
(-44, -108, -15, 36, -71, -48)
(-14, -90, -9, 30, -46, -53)
(-2, -66, -9, 31, -16, -42)
(0, -38, -4, 36, 1, -17)
(-4, -4, 6, 44, 1, 14)
(-19, 48, 16, 42, -18, 43)
(-21, 111, 24, 35, -51, 66)
(-18, 127, 20, 55, -61, 78)
(-25, 127, -28, 70, -36, 123)
(-45, 127, -78, -57, -22, 127)
(-79, 127, -47, -127, -17, 127)
(-101, 127, -49, -127, -14, 127)
(-83, 63, -61, -127, 17, 59)
(-39, 14, -58, -125, 125, -31)
(-45, 11, -53, -23, 127, -96)
(-78, 55, -47, 60, 127, -127)
(-93, 82, -37, 79, 127, -126)
(-87, 105, -22, 122, 82, -118)
(-71, 126, -23, 127, 26, -118)
(-44, 126, -22, 93, 5, -120)
(-30, 89, -11, 51, 2, -113)
(-21, 45, -2, 23, -5, -94)
(-10, 1, 0, 5, -5, -68)
(-8, -58, 19, 42, 24, -35)
(-24, -57, 14, 26, 14, -2)
(-29, -60, 15, 18, 14, 21)
(-39, -63, 16, 0, 14, 51)
(-33, -58, 8, -37, 6, 79)
(-23, -57, -14, -82, 34, 98)
(-47, -69, -37, -114, 77, 103)
(-76, -91, -54, -122, 85, 94)
(-109, -97, -66, -112, 80, 86)
(-124, -102, -70, -91, 50, 72)
(-127, -101, -67, -67, 21, 56)
(-120, -93, -60, -45, -12, 38)
(-104, -84, -55, -33, -30, 22)
(-84, -78, -49, -22, -33, 7)
(-63, -62, -37, -2, -3, -12)
(-66, -52, -35, 7, 2, -18)
(-69, -40, -31, 16, -1, -21)
(-74, -24, -28, 17, -11, -26)
(-74, -15, -28, 14, -25, -33)
BatchID:  10




(-59, -20, -20, 1, 0, 1)
(-60, -20, -20, 2, 1, 1)
(-62, -20, -20, 2, 1, 2)
(-62, -20, -20, 3, 0, 2)
(-62, -20, -21, 3, 0, 2)
(-61, -21, -21, 3, 0, 2)
(-61, -23, -22, 4, 2, 1)
(-62, -23, -23, 6, 3, 1)
(-63, -24, -22, 9, 2, 1)
(-63, -22, -22, 11, 0, 2)
(-63, -19, -19, 12, -1, 2)
(-63, -18, -19, 10, -2, 2)
(-63, -18, -19, 10, -1, 2)
(-63, -16, -19, 11, 0, 2)
(-64, -14, -18, 11, 0, 2)
(-64, -14, -17, 9, 0, 2)
(-62, -18, -17, 8, 0, 2)
(-62, -25, -16, 8, 1, 2)
(-66, -34, -13, 9, 0, 1)
(-69, -48, -10, 10, -2, 0)
(-80, -69, -4, 12, -10, 1)
(-92, -93, 0, 17, -27, 4)
(-90, -114, 0, 21, -46, 7)
(-76, -122, -4, 17, -53, 4)
(-58, -127, -13, 2, -41, -3)
(-46, -127, -20, -8, -12, -15)
(-58, -127, -21, -3, 10, -24)
(-70, -107, -13, 43, -21, -22)
(-53, -77, -7, 58, -37, -21)
(-32, -40, 0, 55, -47, -23)
(-9, -3, 3, 40, -37, -22)
(0, 30, 9, 27, -17, -8)
(0, 82, 17, 7, 1, 25)
(-9, 127, 18, -5, 11, 79)
(-37, 127, 0, -5, 11, 127)
(-77, 127, -40, -35, 3, 127)
(-124, 127, -54, -121, -21, 127)
(-127, 127, -37, -127, -53, 114)
(-95, 74, -33, -110, -68, 57)
(-34, 50, -49, -68, -9, 0)
(-17, 49, -67, -47, 98, -46)
(-49, 53, -56, -28, 127, -76)
(-71, 59, -47, 22, 127, -88)
(-90, 79, -44, 66, 117, -94)
(-88, 97, -32, 85, 61, -97)
(-66, 96, -26, 90, 8, -97)
(-38, 88, -27, 76, -10, -88)
(-18, 60, -22, 49, -3, -71)
(-11, 20, -9, 25, 12, -48)
(-14, -17, 6, 28, 40, -22)
(-39, -21, 11, 44, 34, 0)
(-34, -26, 8, 10, 18, 14)
(-40, -40, 3, -26, 28, 36)
(-48, -60, 0, -52, 17, 58)
(-39, -58, -17, -74, 25, 74)
(-42, -55, -36, -92, 65, 74)
(-65, -60, -50, -106, 94, 64)
(-93, -71, -57, -107, 97, 55)
(-119, -84, -57, -93, 63, 50)
(-119, -80, -58, -77, 11, 48)
(-101, -74, -64, -70, -18, 40)
(-77, -77, -65, -62, -13, 26)
(-61, -79, -64, -49, 16, 13)
(-65, -75, -60, -32, 45, 0)
(-82, -67, -53, -17, 44, -9)
(-90, -60, -43, -2, 14, -15)
(-84, -48, -39, 8, -23, -14)
BatchID:  11




(-65, -3, -16, 1, 0, 3)
(-63, -6, -17, -2, 0, 3)
(-62, -9, -18, -3, 0, 2)
(-61, -11, -19, -4, 1, 2)
(-60, -13, -20, -4, 2, 1)
(-61, -14, -19, -4, 1, 1)
(-60, -15, -21, -4, 0, 1)
(-61, -14, -22, -3, 0, 1)
(-61, -13, -22, -3, -1, 1)
(-60, -11, -23, -5, -2, 0)
(-60, -13, -23, -6, 0, 0)
(-60, -13, -24, -6, 1, 0)
(-62, -13, -23, -5, 3, 0)
(-62, -12, -22, -5, 4, 0)
(-64, -12, -23, -5, 2, 0)
(-62, -14, -23, -3, 0, 0)
(-63, -14, -23, -3, 0, 0)
(-62, -15, -23, -2, 1, 0)
(-61, -16, -23, -1, 3, 0)
(-62, -18, -23, -1, 7, 0)
(-67, -26, -20, 0, 10, 1)
(-77, -43, -10, 6, 8, 3)
(-93, -99, 3, 18, -14, 5)
(-91, -123, -3, 7, -27, 0)
(-96, -127, -17, -12, -32, -1)
(-111, -127, -22, -16, -41, -14)
(-118, -127, -13, -7, -57, 1)
(-94, -127, -12, 24, -79, -18)
(-44, -127, -14, 36, -54, -38)
(-18, -127, -5, 46, -11, -49)
(-11, -127, 7, 55, 11, -36)
(-13, -74, 17, 71, 13, -6)
(-34, 25, 40, 77, -11, 36)
(-48, 127, 56, 40, -61, 66)
(-67, 127, 46, 110, -95, 85)
(-14, 127, -127, -127, -53, 127)
(-79, 127, -127, -127, -8, 127)
(-54, 127, -127, -127, 86, 23)
(-28, -20, -127, -127, 127, -127)
(-46, -45, -100, 86, 127, -127)
(-101, 86, -86, 127, 127, -127)
(-104, 127, -35, 127, 127, -127)
(-89, 127, -47, 127, -20, -86)
(-56, 127, -25, 50, -91, -80)
(-38, 67, -15, 2, -95, -93)
(-3, -7, -10, -20, -102, -75)
(22, -93, 27, 101, -49, -61)
(23, -111, 34, 79, -40, -25)
(55, -111, 46, 50, 4, 18)
(69, -123, 50, 0, 78, 63)
(27, -81, 31, -85, 124, 94)
(-51, -61, -19, -127, 127, 97)
(-126, -91, -46, -127, 101, 71)
(-127, -115, -58, -127, 45, 69)
(-127, -118, -52, -127, -6, 71)
(-104, -103, -55, -101, -43, 68)
(-70, -100, -57, -94, -17, 48)
(-82, -115, -47, -50, 47, -1)
(-93, -105, -38, -21, 36, -12)
(-94, -86, -28, 1, 0, -14)
(-89, -61, -24, 10, -42, -13)
(-72, -42, -24, 13, -70, -11)
(-43, -19, -28, 17, -40, -17)
(-47, -10, -27, 19, -4, -22)
(-62, -3, -27, 18, 15, -25)
BatchID:  12




(-63, -16, -15, 2, 0, 0)
(-61, -17, -15, 0, 1, 0)
(-62, -17, -15, 0, 0, 0)
(-61, -17, -16, 0, 0, 0)
(-61, -18, -16, 0, 0, 0)
(-61, -18, -16, 0, 0, 0)
(-63, -17, -17, 0, 0, 1)
(-63, -16, -17, -1, 0, 0)
(-63, -17, -18, -1, 0, 0)
(-61, -17, -17, -1, 0, 0)
(-61, -18, -17, 0, 2, 0)
(-63, -18, -17, 0, 2, 0)
(-65, -18, -16, 0, -1, 1)
(-63, -17, -16, 0, -2, 1)
(-60, -18, -16, 0, -1, 1)
(-59, -20, -16, -1, 2, 0)
(-62, -25, -14, -1, 6, 0)
(-71, -37, -7, 0, 6, 0)
(-74, -75, 5, 7, 2, 1)
(-95, -127, 20, 16, -2, 3)
(-111, -127, 20, 16, -28, 0)
(-104, -127, 11, 4, -40, -11)
(-95, -127, 4, -5, -46, -28)
(-74, -127, 0, -2, -44, -48)
(-55, -127, -3, 9, -31, -69)
(-34, -127, -1, 21, -18, -84)
(-10, -106, 0, 29, -4, -80)
(9, -69, 0, 36, 23, -58)
(0, -24, 4, 38, 42, -24)
(-18, 23, 7, 28, 34, 7)
(-31, 80, 11, 9, 13, 40)
(-47, 127, 14, -18, -10, 79)
(-75, 127, -9, -22, -52, 127)
(-102, 127, -66, -65, -91, 127)
(-127, 127, -83, -127, -102, 127)
(-126, 127, -57, -127, -100, 127)
(-92, 113, -61, -127, -74, 102)
(-46, 60, -80, -115, 25, 24)
(-25, 26, -83, -96, 127, -62)
(-71, 27, -68, -9, 127, -116)
(-105, 57, -53, 68, 127, -127)
(-118, 90, -36, 118, 127, -127)
(-100, 120, -27, 127, 29, -118)
(-65, 123, -31, 117, -25, -118)
(-33, 105, -27, 74, -31, -109)
(-13, 59, -10, 29, -27, -91)
(4, 8, 0, 0, -15, -64)
(0, -68, 30, 92, 30, -41)
(-13, -78, 33, 65, 10, -11)
(3, -51, 28, 22, 5, 25)
(11, -64, 22, -27, 48, 59)
(-23, -80, 11, -72, 71, 83)
(-58, -76, -13, -106, 68, 91)
(-76, -86, -32, -117, 60, 80)
(-91, -93, -47, -113, 50, 65)
(-93, -98, -56, -98, 39, 63)
(-99, -96, -61, -80, 29, 56)
(-107, -95, -61, -61, 12, 44)
(-101, -91, -57, -45, -6, 26)
(-66, -81, -49, -19, -4, 0)
(-62, -75, -42, -2, 5, -6)
(-62, -67, -35, 12, 5, -11)
(-60, -50, -28, 22, 0, -12)
(-63, -34, -26, 21, -9, -17)
(-57, -27, -25, 15, -15, -21)
(-57, -20, -28, 8, -11, -21)
BatchID:  13




(-68, -50, -6, -1, -22, -11)
(-68, -34, -10, -1, -30, -30)
(-109, 51, -36, -19, -32, -26)
(-104, 52, -51, -47, -47, -37)
(-90, 38, -40, -47, -52, -40)
(-69, 32, -34, -18, -55, -35)
(-46, 42, -33, 4, -36, -27)
(-38, 56, -31, 13, -3, -17)
(-44, 61, -26, 6, 27, -17)
(-55, 48, -21, -7, 36, -29)
(-49, 31, -17, -5, 27, -28)
(-40, 18, -11, 4, 16, -23)
(-33, 11, -7, 16, 9, -15)
(-30, 12, -8, 18, 11, -7)
(-32, -1, -6, 6, 22, 0)
(-42, -21, 3, 6, 33, 5)
(-66, -99, 16, 1, 37, 13)
(-77, -127, 12, -15, 26, 13)
(-67, -127, 0, -40, 27, 8)
(-85, -127, -3, -48, 37, 14)
(-116, -127, 0, -41, 18, 20)
(-108, -127, 10, -27, -6, 18)
(-63, -127, 16, -1, -23, -8)
(-17, -127, 25, 25, -12, -34)
(-3, -99, 40, 46, -22, -26)
(12, 12, 34, 37, -73, 37)
(36, 111, 23, 17, -70, 127)
(2, 127, -11, 25, -20, 127)
(-72, 127, -70, -45, 9, 127)
(-127, 127, -83, -127, -8, 127)
(-127, 127, -96, -127, -104, 127)
(-109, 77, -127, -127, 18, 113)
(-3, -27, -127, -127, 127, -110)
(-80, -107, -109, -29, 127, -127)
(-127, -23, -37, 127, 127, -127)
(-127, 43, -1, 127, 80, -120)
(-84, 126, -23, 127, -116, -37)
(-25, 127, -67, 127, -127, -47)
(8, 127, -66, 127, -106, -93)
(-7, 127, -4, 43, -92, -119)
(-2, 102, 7, 9, -99, -119)
(14, 49, 2, 1, -72, -105)
(18, -1, 5, 0, -39, -92)
(4, -46, 19, 68, -13, -78)
(-5, -65, 21, 70, -26, -68)
(4, -66, 29, 75, -13, -50)
(3, -83, 39, 70, 8, -30)
(10, -106, 47, 48, 19, -10)
(25, -108, 50, 10, 37, 13)
(21, -101, 48, -37, 72, 45)
(-13, -99, 40, -81, 90, 75)
(-85, -107, 14, -110, 52, 79)
(-90, -99, -1, -101, 20, 72)
(-94, -95, -6, -88, 0, 75)
(-94, -91, -9, -75, -14, 77)
(-86, -83, -10, -64, -16, 66)
(-71, -75, -8, -47, 6, 30)
(-67, -70, -8, -43, 15, 17)
(-73, -67, -7, -38, 13, 10)
(-79, -63, -7, -31, -6, 7)
(-78, -58, -9, -24, -33, 10)
(-68, -52, -11, -16, -48, 9)
(-58, -43, -12, -13, -45, 3)
BatchID:  14




(-63, -9, 11, -3, 0, 2)
(-60, -9, 9, 0, 0, 2)
(-61, -8, 8, 1, 3, 2)
(-64, -8, 8, 3, 2, 3)
(-65, -4, 11, 1, 0, 3)
(-64, -5, 10, 0, 0, 2)
(-64, -6, 11, 0, 1, 3)
(-63, -8, 10, 0, 4, 3)
(-63, -8, 10, 1, 6, 4)
(-64, -7, 10, 2, 7, 5)
(-65, -4, 8, 2, 7, 4)
(-67, -5, 10, 0, 4, 3)
(-67, -3, 9, -1, 0, 3)
(-64, -7, 9, -2, 0, 2)
(-64, -6, 8, -2, 3, 2)
(-66, -8, 8, -2, 3, 3)
(-62, -10, 8, -2, 6, 4)
(-60, -14, 6, -1, 15, 5)
(-65, -20, 8, 0, 24, 7)
(-74, -35, 12, 1, 28, 7)
(-74, -57, 14, 2, 23, 8)
(-79, -95, 13, -2, 20, 10)
(-98, -127, 13, 5, 11, 4)
(-120, -127, 15, 17, -9, 19)
(-127, -127, 14, 25, -41, 12)
(-125, -127, 5, 20, -61, -6)
(-108, -127, -3, 20, -66, -36)
(-81, -127, -8, 23, -48, -63)
(-64, -127, -5, 30, -16, -86)
(-56, -126, 0, 29, 7, -93)
(-85, -93, 10, 22, -16, -84)
(-89, -46, 16, 15, -107, -69)
(-60, 2, 20, 28, -127, -41)
(1, 82, 30, 60, -127, 4)
(83, 127, 50, 115, -127, 81)
(48, 127, 42, 127, 67, 127)
(-3, 127, 10, 63, 91, 127)
(-67, 127, -49, -127, 127, 127)
(-127, 80, -127, -127, 127, 50)
(-127, -28, -85, -122, 127, -99)
(-110, -120, 88, 127, 72, -127)
(-80, 112, 10, 127, -127, -127)
(19, 127, 4, 127, -127, -127)
(127, 127, -81, 75, -127, -20)
(110, 127, -27, -82, -13, -18)
(50, 97, 18, -51, 92, -33)
(-9, 72, -5, 16, 127, -61)
(-67, 68, -24, 37, 127, -91)
(-96, 50, -13, 21, 127, -89)
(-84, 5, 21, 42, 89, -85)
(-67, 0, 14, 44, -16, -78)
(-22, -31, 14, 37, -53, -56)
(-2, -57, 22, 22, -30, -23)
(2, -72, 27, -2, -27, 12)
(28, -87, 15, -43, -9, 71)
(42, -84, -6, -81, 74, 127)
(-18, -57, -28, -118, 127, 127)
(-95, -54, -54, -127, 127, 127)
(-127, -69, -68, -127, 125, 121)
(-127, -92, -58, -114, 49, 102)
(-127, -96, -53, -79, -27, 90)
(-127, -90, -51, -57, -68, 75)
(-87, -89, -44, -39, -59, 61)
(-65, -83, -36, -25, -16, 49)
(-72, -76, -30, -13, 24, 39)
(-91, -68, -26, -3, 41, 22)
BatchID:  2




(-64, -5, 8, 0, -1, 0)
(-61, -4, 8, 1, -1, 0)
(-60, -3, 8, 0, 0, 0)
(-61, -4, 7, -1, 3, 0)
(-63, -6, 7, -2, 4, 0)
(-65, -7, 7, 0, 2, 1)
(-67, -8, 8, 4, 0, 3)
(-65, -6, 8, 6, -1, 2)
(-65, -3, 9, 4, 0, 0)
(-65, -4, 9, 0, 0, -2)
(-63, -5, 8, -1, 1, -2)
(-63, -6, 9, 0, 2, -1)
(-63, -6, 9, 0, 1, -1)
(-62, -6, 8, 0, 1, 0)
(-62, -5, 9, 0, 3, 0)
(-64, -4, 9, -1, 2, 0)
(-65, -4, 9, -3, 0, 0)
(-66, -4, 9, -4, -1, 0)
(-64, -4, 9, -5, -2, 0)
(-64, -4, 10, -6, -1, 1)
(-64, -5, 9, -7, -1, 2)
(-65, -6, 10, -7, 0, 5)
(-63, -7, 10, -8, 5, 4)
(-63, -11, 9, -10, 10, 3)
(-66, -18, 9, -9, 13, 6)
(-71, -28, 12, -3, 18, 11)
(-77, -57, 21, 4, 17, 10)
(-81, -105, 26, 14, 15, 4)
(-95, -127, 31, 25, 8, 3)
(-112, -127, 31, 25, -13, 5)
(-127, -127, 21, 10, -35, 14)
(-127, -127, 14, 0, -61, 15)
(-126, -127, 10, 5, -68, 7)
(-101, -127, 11, 20, -68, -23)
(-62, -81, 2, -5, -18, -94)
(-81, -50, 8, -13, -37, -111)
(-77, -20, 12, 0, -122, -106)
(-32, 26, 11, 33, -127, -66)
(36, 78, 23, 77, -127, -3)
(112, 127, 32, 127, -15, 90)
(-9, 127, -50, 87, 127, 127)
(-127, 127, -71, -127, 127, 127)
(-127, 127, -63, -127, 88, 119)
(-127, 75, -56, -127, 59, 51)
(-78, 18, -34, -127, 74, -57)
(-37, 12, -2, -38, 72, -127)
(-36, 67, -1, 74, 29, -127)
(-21, 108, -16, 98, -11, -127)
(8, 127, -17, 72, 15, -101)
(-3, 127, -2, 31, 43, -87)
(-20, 97, 6, 2, 45, -79)
(-27, 65, 2, -8, 52, -75)
(-30, 34, 0, -13, 54, -68)
(-36, -5, 3, 20, 57, -55)
(-37, -22, 2, 39, 51, -38)
(-34, -34, 8, 50, 52, -20)
(-30, -42, 17, 43, 52, 3)
(-24, -45, 20, 15, 50, 28)
(-18, -41, 10, -23, 59, 57)
(-23, -42, 0, -62, 86, 90)
(-44, -47, -14, -92, 106, 110)
(-83, -56, -31, -105, 110, 115)
(-116, -67, -41, -103, 89, 114)
(-127, -71, -45, -90, 72, 107)
(-127, -76, -44, -83, 46, 89)
(-123, -83, -43, -74, 29, 76)
(-119, -85, -40, -59, 11, 61)
(-115, -81, -36, -45, -4, 45)
(-103, -79, -33, -30, -12, 33)
BatchID:  3




(-65, -7, 0, 1, 0, 1)
(-64, -7, 1, 2, -1, 2)
(-64, -6, 1, 2, 0, 1)
(-64, -7, 1, 1, 0, 2)
(-64, -7, 2, 0, 0, 2)
(-64, -9, 2, 0, 0, 2)
(-65, -9, 2, 0, 0, 1)
(-66, -9, 3, 0, -2, 1)
(-65, -7, 2, 0, -2, 0)
(-65, -5, 3, -3, -3, 0)
(-62, -7, 1, -5, 0, 0)
(-63, -10, 0, -4, 4, 0)
(-67, -9, 0, -2, 5, 0)
(-70, -8, 0, -1, 2, 0)
(-70, -8, 0, 0, -2, -1)
(-68, -9, 0, 0, -4, -2)
(-67, -11, 1, 0, -3, -3)
(-64, -12, 1, 0, 0, -3)
(-63, -17, 2, 0, 7, -3)
(-64, -23, 2, 0, 14, -3)
(-68, -31, 3, 0, 18, -4)
(-71, -55, 4, 0, 14, -4)
(-71, -76, 5, 0, 10, -1)
(-79, -96, 4, 5, 9, 0)
(-101, -110, 7, 20, -1, 0)
(-112, -118, 10, 38, -22, 2)
(-104, -110, 12, 48, -42, -2)
(-95, -109, 8, 43, -48, -6)
(-85, -107, 6, 35, -43, -14)
(-78, -106, 8, 27, -28, -31)
(-85, -99, 8, 19, -21, -45)
(-87, -87, 8, 15, -29, -54)
(-75, -69, 6, 12, -48, -53)
(-44, -56, 5, 10, -50, -47)
(-28, -43, 8, 18, -28, -43)
(-36, -20, 20, 31, -30, -31)
(-35, 21, 28, 40, -72, -4)
(-13, 75, 31, 33, -110, 34)
(6, 127, 24, 33, -101, 90)
(11, 127, 12, 51, -45, 127)
(-14, 127, -8, 32, 9, 127)
(-72, 127, -13, -34, 23, 127)
(-100, 127, -42, -127, 43, 127)
(-82, 85, -61, -127, 127, 57)
(-33, 18, -50, -127, 127, -67)
(-48, -8, -26, -28, 127, -127)
(-85, 42, -5, 95, 127, -127)
(-80, 104, -3, 127, 82, -127)
(-63, 127, -1, 127, 2, -127)
(-34, 127, 0, 115, -40, -112)
(-16, 127, 0, 53, -48, -109)
(-4, 93, 5, 3, -41, -103)
(6, 40, 6, -6, -14, -89)
(7, -6, 10, 19, 23, -75)
(-4, -46, 15, 45, 56, -33)
(-2, -51, 19, 28, 61, -7)
(0, -68, 19, -6, 72, 21)
(0, -95, 10, -52, 84, 56)
(-7, -103, -9, -96, 95, 98)
(-39, -111, -34, -115, 115, 127)
(-114, -118, -34, -112, 96, 127)
(-127, -127, -37, -75, 36, 122)
(-127, -105, -36, -55, -5, 94)
(-125, -94, -36, -50, -16, 64)
(-114, -85, -34, -44, -12, 45)
(-109, -79, -33, -35, 1, 30)
(-106, -72, -31, -22, 16, 11)
(-103, -65, -27, -6, 19, -7)
BatchID:  4




(-65, -15, 1, 1, 1, 1)
(-65, -15, 1, 1, 0, 2)
(-66, -14, 2, 1, 0, 1)
(-65, -14, 1, 1, 0, 0)
(-65, -14, 1, 1, 0, 0)
(-63, -14, 1, 0, 1, 1)
(-64, -15, 2, 0, 1, 1)
(-65, -14, 1, 0, 0, 1)
(-66, -14, 2, 0, 0, 0)
(-65, -13, 1, 0, -1, 0)
(-64, -13, 1, 0, 0, 0)
(-63, -13, 1, -1, 1, 0)
(-64, -13, 1, -2, 1, 1)
(-64, -13, 0, -2, 0, 1)
(-64, -15, 0, -2, 0, 2)
(-63, -15, 0, -2, 0, 2)
(-64, -16, 0, -2, 0, 2)
(-64, -17, 0, -2, 1, 3)
(-63, -20, -2, -3, 5, 3)
(-62, -25, 0, -3, 14, 3)
(-66, -46, 6, 0, 26, 2)
(-70, -81, 12, 0, 35, -1)
(-92, -124, 21, 3, 28, -6)
(-118, -127, 22, 10, 0, -11)
(-124, -127, 14, 5, -36, -12)
(-99, -127, 0, -11, -53, -23)
(-65, -127, -5, -16, -35, -41)
(-29, -127, -11, -4, 1, -62)
(-10, -127, -12, 20, 53, -71)
(-29, -120, -6, 45, 71, -52)
(-52, -74, 0, 61, 29, -20)
(-59, -11, 9, 59, -41, 3)
(-48, 52, 15, 38, -111, 13)
(14, 127, 26, 57, -100, 117)
(17, 127, -12, 108, 0, 127)
(-28, 127, -71, -16, 43, 127)
(-88, 127, -51, -127, 67, 127)
(-110, 127, -42, -127, 77, 92)
(-103, 85, -43, -119, 75, 16)
(-57, 66, -30, -14, 98, -84)
(-68, 90, -24, 18, 55, -89)
(-53, 93, -17, 44, 9, -84)
(-40, 100, -16, 60, -2, -83)
(-31, 99, -14, 46, -4, -79)
(-24, 80, -7, 17, 2, -77)
(-24, 47, -6, -3, 11, -69)
(-11, -35, 4, 2, 20, -19)
(-9, -45, -6, -12, 31, 22)
(-22, -49, -2, -20, 55, 62)
(-51, -54, 0, -32, 56, 101)
(-70, -40, -6, -54, 43, 127)
(-83, -26, -26, -85, 55, 127)
(-116, -36, -44, -109, 72, 127)
(-127, -71, -54, -113, 60, 112)
(-127, -95, -53, -89, 43, 95)
(-127, -95, -47, -62, 3, 73)
(-127, -84, -41, -48, -35, 47)
(-114, -78, -38, -44, -64, 28)
(-81, -76, -37, -39, -59, 18)
(-61, -73, -34, -32, -26, 9)
(-67, -69, -31, -21, 7, 0)
(-79, -60, -28, -6, 25, -10)
(-99, -44, -25, 5, 15, -21)
(-106, -30, -22, 12, -13, -34)
(-96, -16, -20, 15, -41, -42)
(-77, -6, -19, 19, -50, -44)
BatchID:  5




(-64, -12, -1, 0, 0, 0)
(-64, -12, -1, 0, 0, 0)
(-64, -12, -1, 0, -1, 0)
(-64, -11, 0, 0, -1, 0)
(-64, -11, -1, 0, 0, 1)
(-64, -10, -1, -1, 0, 1)
(-66, -11, 0, -2, 1, 1)
(-66, -11, -1, -1, 0, 0)
(-64, -11, -1, 0, 0, 0)
(-64, -11, -1, 0, 0, 1)
(-65, -11, -1, 0, -1, 1)
(-64, -11, 0, 0, -1, 1)
(-64, -11, -1, -1, 0, 1)
(-65, -11, -1, -1, 0, 1)
(-66, -11, -1, -1, 0, 1)
(-67, -11, -1, -1, 0, 0)
(-66, -11, -1, -1, 0, 0)
(-65, -13, -2, -2, 0, 0)
(-65, -14, -2, -1, 1, 0)
(-65, -16, -2, -1, 1, 0)
(-65, -17, -3, -1, 3, 2)
(-68, -40, 3, 3, 25, 2)
(-67, -57, 5, 3, 40, 3)
(-78, -88, 8, 4, 56, 1)
(-107, -127, 11, 9, 45, -3)
(-127, -127, 3, 6, 3, -7)
(-127, -127, -12, 0, -40, -5)
(-120, -127, -21, 0, -70, -11)
(-99, -127, -22, 23, -76, -20)
(-78, -127, -16, 55, -71, -47)
(-35, -127, -17, 73, -58, -74)
(-9, -94, -10, 80, -27, -73)
(6, -50, -4, 85, 6, -47)
(0, 10, 8, 72, 34, -4)
(-20, 69, 17, 41, 30, 33)
(-43, 127, 21, 16, 0, 69)
(-52, 127, 18, 26, -40, 111)
(-54, 127, -19, 31, -75, 127)
(-61, 127, -70, -55, -70, 127)
(-96, 127, -45, -127, -45, 127)
(-98, 127, -29, -127, -40, 116)
(-22, 38, -43, -97, 84, -23)
(-11, 34, -42, -43, 127, -90)
(-47, 49, -28, 3, 127, -124)
(-61, 59, -17, 52, 127, -127)
(-75, 83, -12, 99, 111, -127)
(-76, 113, -9, 101, 33, -123)
(-52, 105, -7, 72, -30, -114)
(-34, 88, -6, 50, -53, -99)
(-17, 62, -3, 15, -60, -80)
(-13, 25, -1, -9, -58, -62)
(0, -36, 21, 15, -37, -44)
(2, -48, 8, 4, -15, -20)
(-2, -55, 8, -2, 23, 4)
(-21, -68, 13, -12, 48, 37)
(-43, -72, 12, -30, 42, 71)
(-49, -63, -1, -56, 33, 100)
(-62, -60, -18, -77, 45, 116)
(-93, -73, -24, -91, 54, 110)
(-114, -97, -31, -82, 40, 94)
(-124, -102, -30, -58, 24, 83)
(-127, -93, -28, -39, 1, 71)
(-119, -87, -24, -28, -23, 52)
(-98, -76, -23, -24, -30, 33)
(-84, -69, -21, -22, -24, 18)
(-75, -65, -21, -15, -10, 8)
(-70, -62, -21, -6, 5, 0)
(-71, -51, -18, 5, 18, -5)
BatchID:  6




(-65, -14, -1, 0, 0, 0)
(-65, -14, -2, 0, 0, 0)
(-67, -13, -1, 0, 0, 0)
(-65, -13, -1, 1, 0, 0)
(-65, -13, -1, 1, 0, 0)
(-64, -12, -1, 0, 0, 0)
(-64, -12, 0, 0, 0, 0)
(-64, -11, 0, 0, 0, 0)
(-63, -10, -1, -1, 0, 0)
(-63, -9, 0, -2, 1, 0)
(-63, -9, 0, -3, 1, 1)
(-63, -9, 0, -5, 0, 1)
(-64, -11, 0, -7, 0, 2)
(-64, -13, -1, -9, 0, 3)
(-64, -15, -1, -9, 2, 4)
(-65, -21, -1, -9, 6, 5)
(-68, -33, 1, -7, 11, 4)
(-73, -54, 9, 0, 11, 1)
(-77, -83, 15, 4, 7, -2)
(-82, -123, 13, 6, -5, -6)
(-82, -127, -2, 0, -15, -7)
(-99, -127, -9, -1, -8, -15)
(-104, -127, -20, 4, -23, -5)
(-105, -127, -15, 35, -41, -18)
(-87, -127, -11, 62, -55, -31)
(-59, -118, -13, 66, -59, -42)
(-27, -91, -10, 53, -46, -48)
(-7, -63, -4, 38, -22, -49)
(-4, -26, 0, 34, 5, -41)
(-10, 8, 7, 40, 13, -17)
(-16, 58, 16, 48, -4, 30)
(-28, 127, 25, 61, -20, 107)
(-46, 127, 25, 94, -18, 127)
(-76, 127, -19, 58, -57, 127)
(-71, 127, -37, -127, -2, 127)
(-71, 103, -39, -127, 48, 98)
(-63, 50, -48, -127, 127, 37)
(-50, 22, -50, -94, 127, -30)
(-70, 28, -37, -40, 127, -81)
(-82, 32, -21, 8, 127, -99)
(-75, 51, -9, 72, 86, -108)
(-73, 84, -8, 102, 21, -112)
(-53, 101, -8, 94, -33, -110)
(-29, 103, -9, 72, -42, -102)
(-17, 96, -8, 35, -25, -86)
(-19, 60, -4, 0, -15, -75)
(-17, 23, 0, -17, 1, -56)
(-26, -15, 12, 21, 37, -40)
(-51, -47, 19, 22, 28, -7)
(-51, -47, 24, 7, 3, 15)
(-35, -40, 13, -27, -15, 48)
(-22, -41, -3, -65, 12, 78)
(-45, -47, -21, -96, 55, 90)
(-69, -60, -33, -108, 70, 87)
(-84, -74, -42, -103, 79, 83)
(-106, -87, -48, -80, 61, 78)
(-122, -82, -47, -55, 25, 72)
(-123, -73, -46, -41, -16, 63)
(-105, -70, -45, -35, -37, 48)
(-83, -71, -42, -28, -32, 35)
(-70, -71, -38, -19, -9, 24)
(-69, -63, -34, -7, 15, 14)
(-75, -57, -30, 0, 25, 7)
(-87, -50, -25, 8, 18, -1)
(-92, -41, -19, 14, -8, -9)
(-85, -31, -18, 16, -33, -15)
(-73, -23, -19, 16, -39, -19)
BatchID:  7




(-64, -18, -4, 5, -1, 1)
(-64, -15, -4, 5, 0, 2)
(-65, -15, -2, 4, 0, 2)
(-65, -12, -2, 2, 0, 3)
(-65, -11, -2, 0, 0, 3)
(-67, -11, -4, -2, 0, 3)
(-69, -15, -5, -3, 0, -1)
(-67, -15, -5, -1, 0, -3)
(-66, -13, -4, 1, -2, -2)
(-62, -11, -4, 1, -1, 0)
(-61, -7, -4, 0, 0, 0)
(-61, -7, -5, -5, 3, 0)
(-69, -13, -7, -10, 8, -2)
(-69, -17, -8, -9, 7, -3)
(-67, -23, -9, -6, 9, -3)
(-65, -30, -8, -1, 17, -3)
(-69, -41, -4, 2, 22, -3)
(-76, -62, -1, 3, 18, -6)
(-79, -90, -1, 3, 5, -9)
(-87, -123, -5, 5, -3, -8)
(-102, -127, -10, 10, -17, 0)
(-98, -127, -15, 10, -30, 3)
(-98, -127, -13, 15, -36, -1)
(-95, -127, -11, 27, -50, -10)
(-80, -127, -8, 41, -56, -24)
(-61, -107, -2, 48, -53, -40)
(-19, -52, 12, 39, -16, -52)
(-22, -19, 18, 25, 16, -59)
(-48, 14, 20, 15, 1, -55)
(-55, 61, 18, 8, -62, -19)
(-38, 106, 13, 11, -127, 56)
(-16, 127, 4, 45, -127, 127)
(0, 127, -26, 72, -96, 127)
(-39, 127, -40, 31, -11, 127)
(-115, 127, -9, -80, -6, 127)
(-127, 127, 0, -127, -33, 127)
(-100, 76, 2, -127, -19, 82)
(-17, 43, -14, -88, 39, -9)
(9, 51, -53, -49, 127, -96)
(-31, 54, -39, -44, 127, -127)
(-50, 44, -15, 0, 127, -127)
(-79, 57, -2, 80, 127, -127)
(-95, 90, 1, 127, 92, -126)
(-74, 105, 0, 121, 2, -125)
(-44, 100, -5, 96, -41, -124)
(-15, 79, -7, 54, -50, -108)
(5, 43, -1, 10, -33, -82)
(14, -47, 42, 27, 1, -59)
(-11, -49, 22, 18, 5, -30)
(-10, -41, 20, 6, -7, 3)
(14, -55, 9, -28, 10, 41)
(11, -68, -3, -63, 71, 77)
(-30, -65, -18, -88, 101, 106)
(-76, -71, -34, -90, 103, 124)
(-119, -78, -29, -76, 98, 119)
(-127, -83, -26, -63, 46, 94)
(-127, -70, -34, -64, 9, 83)
(-115, -72, -43, -70, -1, 73)
(-109, -81, -41, -70, 2, 58)
(-103, -84, -39, -64, 2, 39)
(-93, -83, -39, -53, 1, 24)
(-90, -77, -37, -37, -4, 14)
(-87, -68, -33, -21, -11, 11)
(-82, -57, -32, -7, -11, 7)
(-81, -44, -29, 0, -3, -4)
(-86, -31, -26, 1, -2, -22)
(-79, -27, -24, 4, -5, -33)
(-74, -24, -22, 9, -8, -36)
BatchID:  8




(-65, -15, -7, 0, 0, 0)
(-65, -16, -7, 0, 0, 0)
(-64, -17, -8, 0, 0, 0)
(-64, -18, -8, 0, 0, 0)
(-65, -17, -8, 1, 0, 0)
(-64, -16, -8, 0, 0, 0)
(-66, -15, -8, 0, -1, 0)
(-65, -15, -7, 0, -1, -1)
(-64, -16, -7, 0, 0, -1)
(-63, -16, -7, 0, 1, 0)
(-64, -17, -8, 0, 2, -1)
(-66, -15, -7, 0, 0, -1)
(-65, -16, -7, 0, -1, -1)
(-63, -17, -8, 0, -2, 0)
(-63, -17, -6, 1, -1, 0)
(-63, -16, -6, 0, -1, 0)
(-63, -16, -6, 0, 0, 1)
(-62, -16, -7, -1, 1, 1)
(-65, -16, -8, -2, 3, 0)
(-67, -17, -8, -2, 2, 0)
(-67, -18, -9, -1, 0, 0)
(-66, -18, -9, 1, -1, 0)
(-64, -18, -9, 2, -2, 0)
(-63, -18, -9, 3, -1, 1)
(-61, -26, -5, 4, 5, 3)
(-69, -52, 5, 7, 11, 2)
(-74, -100, 16, 6, 7, -1)
(-82, -127, 13, -2, -1, -8)
(-96, -127, 2, -18, -9, -18)
(-108, -127, -6, -23, -17, -19)
(-85, -127, -13, -15, -16, -29)
(-57, -127, -17, -6, 2, -39)
(-36, -127, -22, 7, 45, -54)
(-48, -115, -21, 30, 67, -57)
(-70, -59, -13, 54, 45, -47)
(-82, -9, 0, 68, -17, -36)
(-81, 53, 7, 61, -99, -17)
(-58, 119, 17, 64, -127, 41)
(-15, 127, 32, 91, -127, 120)
(4, 127, -14, 87, -67, 127)
(-18, 127, -70, -79, 9, 127)
(-56, 127, -44, -127, 91, 115)
(-84, 118, -42, -127, 127, 62)
(-100, 71, -47, -100, 127, 10)
(-93, 62, -42, -61, 108, -34)
(-84, 64, -32, -16, 58, -62)
(-69, 71, -21, 26, 8, -70)
(-50, 92, -20, 65, -26, -73)
(-33, 109, -28, 68, -28, -73)
(-24, 102, -26, 42, -9, -74)
(-25, 75, -13, 23, 6, -73)
(-20, 46, -10, 20, 19, -64)
(-23, 13, -12, 19, 40, -50)
(-33, -24, 0, 17, 54, -27)
(-46, -37, 7, 45, 37, -1)
(-40, -54, 13, 23, -1, 29)
(-23, -63, 4, -18, 1, 67)
(-26, -73, -13, -65, 24, 104)
(-45, -75, -35, -96, 53, 127)
(-81, -79, -56, -110, 76, 120)
(-116, -96, -63, -105, 91, 104)
(-127, -99, -60, -86, 78, 84)
(-127, -93, -56, -68, 49, 61)
(-127, -87, -48, -56, 15, 39)
(-111, -84, -42, -44, -22, 25)
(-86, -79, -41, -32, -36, 17)
(-67, -72, -37, -18, -24, 7)
(-62, -64, -33, -3, -7, 2)
(-65, -53, -30, 10, 7, -2)
(-76, -36, -27, 20, 16, -10)
(-92, -24, -26, 24, 7, -18)
BatchID:  9




(-62, -11, -12, -4, 0, 4)
(-62, -12, -12, -3, 0, 4)
(-63, -12, -13, -2, 0, 3)
(-64, -11, -13, -3, 0, 4)
(-65, -10, -13, -3, 0, 3)
(-66, -10, -14, -4, 0, 3)
(-64, -10, -13, -6, 0, 1)
(-65, -11, -13, -7, 2, 1)
(-66, -13, -13, -6, 3, 0)
(-69, -15, -14, -2, 2, -2)
(-67, -13, -15, 0, 1, -1)
(-66, -13, -13, 0, -2, 0)
(-64, -12, -14, 0, -2, 0)
(-63, -12, -14, 0, -2, 0)
(-61, -13, -10, -1, -2, 0)
(-61, -13, -12, -2, 1, -1)
(-62, -16, -10, -3, 7, -3)
(-69, -28, -5, -1, 12, -2)
(-69, -50, -4, 0, 11, 0)
(-73, -97, -1, 0, 15, 0)
(-94, -127, -4, 0, 5, 2)
(-120, -127, -16, -3, -13, 13)
(-123, -127, -35, -1, -55, 0)
(-109, -127, -36, 23, -65, -14)
(-86, -127, -31, 44, -51, -34)
(-56, -109, -24, 52, -36, -55)
(-23, -76, -17, 52, -12, -59)
(-2, -23, -10, 53, 47, -61)
(-55, 76, 24, 64, 25, -11)
(-59, 127, 39, 77, -31, 60)
(-56, 127, 2, 121, -71, 127)
(-37, 127, -103, -39, -103, 127)
(-50, 127, -94, -127, -41, 127)
(-74, 127, -71, -127, -19, 127)
(-84, 86, -65, -127, 5, 85)
(-64, 24, -46, -117, 58, 11)
(-33, 11, -26, -32, 94, -62)
(-43, 41, -23, 58, 96, -108)
(-42, 73, -29, 90, 77, -120)
(-35, 90, -25, 107, 68, -114)
(-38, 104, -20, 110, 51, -102)
(-35, 102, -14, 90, 32, -94)
(-33, 81, -8, 66, 20, -89)
(-31, 60, -5, 51, 12, -78)
(-30, 35, -1, 32, 9, -56)
(-29, -1, 9, 23, 8, -30)
(-31, -21, 15, 44, 10, -10)
(-31, -31, 14, 17, 8, 9)
(-26, -35, 9, -18, 28, 35)
(-36, -51, -1, -49, 51, 62)
(-57, -72, -14, -69, 66, 83)
(-78, -85, -24, -73, 69, 93)
(-100, -91, -28, -70, 70, 92)
(-126, -86, -31, -66, 44, 80)
(-127, -80, -36, -65, 17, 68)
(-123, -77, -44, -65, 6, 54)
(-111, -79, -48, -61, 15, 36)
(-101, -80, -48, -50, 31, 16)
(-98, -78, -45, -37, 41, -1)
(-96, -76, -40, -19, 31, -15)
(-94, -66, -35, -2, 7, -24)
(-85, -55, -31, 10, -22, -28)
(-67, -40, -28, 17, -44, -28)
(-53, -29, -25, 20, -49, -28)
BatchID:  10




(-63, -14, -16, 2, -2, -1)
(-61, -13, -16, 1, -1, -1)
(-60, -14, -16, 0, 0, -1)
(-62, -14, -16, 0, 1, 0)
(-63, -16, -16, -1, 0, 0)
(-63, -17, -17, 0, 0, 0)
(-64, -16, -17, 1, -1, 0)
(-64, -16, -17, 2, -3, 0)
(-64, -14, -17, 2, -3, -1)
(-62, -14, -16, 0, -2, -2)
(-60, -14, -17, -1, 0, -1)
(-60, -16, -16, -1, 1, 0)
(-60, -15, -17, -1, 2, -1)
(-61, -16, -17, -1, 2, 0)
(-62, -16, -18, -1, 0, 0)
(-62, -17, -18, 0, 0, 1)
(-60, -18, -19, 0, 0, 3)
(-59, -19, -18, 0, 3, 4)
(-62, -24, -14, 2, 8, 5)
(-65, -37, -9, 2, 14, 5)
(-67, -66, -5, -1, 24, 3)
(-83, -110, -4, -10, 32, 0)
(-127, -127, -34, -45, -6, -9)
(-127, -127, -40, -33, -33, -22)
(-106, -127, -42, -6, -48, -38)
(-67, -127, -38, 20, -42, -67)
(-26, -127, -30, 48, -16, -82)
(-4, -98, -14, 64, 21, -63)
(-13, -52, -2, 66, 24, -31)
(-37, 11, 10, 60, 7, 8)
(-56, 81, 18, 35, -41, 36)
(-54, 127, 21, 20, -103, 69)
(-36, 127, 11, 50, -122, 116)
(-18, 127, -47, 45, -74, 127)
(-34, 127, -86, -93, -11, 127)
(-85, 127, -62, -127, 15, 113)
(-103, 97, -58, -127, 33, 50)
(-81, 28, -53, -83, 74, -32)
(-59, 47, -43, 0, 96, -85)
(-74, 92, -47, 45, 76, -102)
(-74, 105, -35, 53, 38, -98)
(-62, 107, -24, 78, 3, -99)
(-48, 114, -24, 78, -16, -108)
(-26, 98, -23, 55, -19, -111)
(-4, 63, -14, 31, -4, -104)
(9, 19, -4, 12, 18, -89)
(10, -74, 51, 72, 58, -62)
(-22, -71, 36, 48, 21, -14)
(-6, -52, 35, 12, -11, 49)
(10, -56, 20, -45, 8, 105)
(-1, -62, -2, -99, 40, 127)
(-104, -80, -45, -125, 115, 127)
(-127, -101, -51, -96, 78, 113)
(-127, -93, -47, -74, 25, 89)
(-127, -82, -52, -68, -10, 63)
(-124, -86, -48, -60, -26, 43)
(-104, -87, -46, -48, -24, 26)
(-89, -86, -42, -29, -12, 9)
(-82, -76, -39, -14, 0, -4)
(-80, -65, -33, -2, 2, -14)
(-81, -52, -27, 6, -7, -19)
(-79, -38, -24, 11, -24, -22)
(-74, -23, -24, 10, -37, -23)
(-68, -12, -25, 5, -41, -26)
(-54, -2, -27, -1, -6, -31)
(-62, 0, -26, 0, 13, -33)
(-70, 3, -25, 2, 14, -31)
BatchID:  11




(-63, -12, -14, 4, -2, 0)
(-63, -13, -15, 3, -1, 0)
(-63, -14, -14, 4, -1, 0)
(-62, -14, -14, 5, -1, 0)
(-62, -14, -14, 5, -1, 1)
(-62, -12, -14, 4, -1, 1)
(-63, -11, -12, 1, -1, 1)
(-64, -11, -13, 0, -2, 2)
(-65, -13, -13, 0, -3, 2)
(-66, -13, -14, 1, -3, 2)
(-65, -13, -14, 2, -2, 0)
(-63, -13, -13, 2, 0, 0)
(-63, -13, -12, 2, 1, 0)
(-64, -12, -12, 1, 1, 0)
(-64, -12, -13, 1, 1, 0)
(-64, -13, -13, 0, 1, 0)
(-62, -15, -13, -1, 2, 0)
(-60, -18, -14, -1, 7, 1)
(-65, -26, -10, 1, 14, 3)
(-69, -41, -6, 6, 19, 3)
(-74, -80, 0, 10, 28, 1)
(-88, -127, 2, 8, 32, -3)
(-113, -127, -5, -4, 19, -9)
(-127, -127, -16, 0, -41, -12)
(-117, -127, -9, 18, -76, -29)
(-61, -127, -6, 30, -62, -49)
(-28, -127, 0, 35, -24, -67)
(-12, -87, 3, 39, 18, -66)
(-44, 24, 6, 36, 27, -18)
(-54, 83, 10, 26, -11, 22)
(-59, 127, 17, 25, -42, 76)
(-62, 127, -12, 53, -67, 127)
(-58, 127, -93, -43, -76, 127)
(-69, 127, -90, -127, -22, 127)
(-86, 127, -70, -127, 2, 85)
(-84, 77, -62, -111, 27, 35)
(-64, 40, -54, -77, 71, -30)
(-46, 39, -48, -8, 89, -81)
(-55, 70, -40, 56, 86, -103)
(-60, 94, -31, 70, 58, -104)
(-58, 108, -23, 86, 15, -99)
(-47, 112, -22, 83, -19, -100)
(-29, 101, -18, 63, -32, -98)
(-19, 79, -12, 38, -34, -95)
(-10, 50, -9, 19, -28, -85)
(0, 6, -6, 0, -7, -68)
(-5, -46, 15, 54, 31, -43)
(-24, -64, 19, 28, 17, -12)
(-27, -72, 19, 11, 1, 22)
(-11, -79, 8, -31, 20, 89)
(-19, -72, -7, -51, 61, 112)
(-57, -66, -20, -65, 104, 114)
(-102, -70, -28, -71, 117, 99)
(-127, -78, -27, -75, 96, 83)
(-127, -82, -28, -73, 30, 69)
(-123, -80, -35, -70, -4, 56)
(-107, -86, -35, -61, -31, 44)
(-80, -86, -36, -45, -37, 31)
(-63, -80, -33, -29, -16, 15)
(-64, -69, -29, -17, 1, 4)
(-68, -59, -28, -11, 9, 0)
(-74, -52, -25, -5, 6, -7)
(-78, -44, -23, 0, -7, -13)
(-77, -33, -23, 3, -25, -15)
(-72, -24, -24, 2, -37, -17)
BatchID:  12




(-64, -16, -14, 0, 0, 0)
(-64, -16, -14, -1, 0, 0)
(-63, -17, -15, -1, 0, 0)
(-64, -17, -15, -1, 1, -1)
(-64, -17, -14, 0, 0, -1)
(-64, -18, -15, 0, 0, -1)
(-63, -18, -15, -1, 0, 0)
(-62, -17, -15, -1, 0, 0)
(-63, -16, -14, -1, 0, 0)
(-62, -17, -15, -1, 0, 0)
(-62, -16, -15, -1, 0, 0)
(-61, -17, -15, -1, 0, 0)
(-61, -18, -16, -1, 0, 1)
(-63, -18, -16, 0, 0, 1)
(-64, -18, -16, 0, 0, 1)
(-65, -18, -15, 1, -1, 1)
(-63, -18, -14, 1, -1, 0)
(-63, -17, -14, 1, 0, 0)
(-63, -16, -14, 0, 0, 0)
(-62, -16, -14, 0, -1, 1)
(-62, -16, -14, -1, -1, 1)
(-60, -16, -15, -2, 0, 1)
(-61, -19, -15, -3, 2, 2)
(-62, -24, -14, -3, 5, 3)
(-70, -42, -5, 0, 7, 4)
(-75, -84, 7, 2, 5, 5)
(-86, -127, 10, -3, 0, 1)
(-94, -127, -3, -31, -7, -4)
(-104, -127, -7, -45, -8, -21)
(-103, -127, -13, -28, -23, -34)
(-72, -127, -20, -12, -23, -55)
(-46, -127, -21, 6, -5, -76)
(-32, -127, -20, 37, 17, -81)
(-45, -99, -11, 63, 15, -72)
(-63, -45, 0, 83, -37, -46)
(-54, 35, 7, 72, -109, 3)
(-21, 108, 11, 36, -127, 60)
(4, 127, 8, 40, -113, 127)
(-10, 127, -7, 53, -25, 127)
(-79, 127, -32, 25, 46, 127)
(-127, 127, -41, -111, 22, 127)
(-126, 127, -46, -127, 1, 109)
(-100, 67, -61, -127, 30, 47)
(-57, 32, -63, -112, 105, -31)
(-62, 44, -45, -46, 127, -93)
(-61, 50, -28, 5, 93, -122)
(-48, 56, -17, 67, 49, -126)
(-42, 89, -24, 125, 15, -118)
(-32, 119, -30, 120, -5, -105)
(-19, 118, -25, 82, -11, -97)
(-14, 87, -14, 47, -15, -89)
(-12, 24, -9, 7, 5, -57)
(-8, -38, 15, 21, 25, -41)
(-22, -34, 6, 37, 27, -17)
(-20, -43, 14, 26, 21, 8)
(-11, -60, 15, -3, 31, 35)
(-11, -66, 9, -37, 48, 69)
(-17, -61, -7, -75, 73, 100)
(-57, -71, -26, -98, 101, 111)
(-106, -80, -29, -105, 84, 105)
(-127, -86, -41, -101, 39, 100)
(-127, -83, -51, -93, 17, 95)
(-121, -87, -56, -81, 14, 79)
(-108, -90, -54, -64, 32, 56)
(-102, -87, -48, -47, 48, 33)
(-103, -82, -42, -34, 46, 16)
BatchID:  13




(-62, -11, -18, 6, 0, 1)
(-64, -11, -19, 4, 0, 1)
(-63, -15, -20, 5, 1, 1)
(-64, -13, -18, 7, 1, 1)
(-64, -10, -17, 8, 0, 2)
(-63, -9, -16, 7, -2, 3)
(-59, -7, -18, 5, -1, 4)
(-60, -8, -18, 4, 0, 3)
(-59, -8, -19, 4, 3, 1)
(-61, -8, -18, 3, 5, 1)
(-62, -10, -18, 3, 4, 0)
(-62, -10, -18, 2, 1, 0)
(-61, -11, -17, 0, 0, 1)
(-60, -14, -17, 0, 0, 3)
(-64, -23, -14, -1, 3, 3)
(-64, -43, -9, -2, 8, 3)
(-72, -70, -4, -2, 17, 1)
(-91, -111, 0, -4, 16, -1)
(-120, -127, 3, -5, -6, 0)
(-127, -127, -5, -4, -39, -15)
(-121, -127, -7, 0, -68, -3)
(-99, -127, -13, 6, -81, -15)
(-84, -127, -9, 24, -65, -28)
(-67, -127, -4, 48, -50, -44)
(-46, -94, 0, 56, -29, -57)
(-30, -53, 2, 47, -2, -61)
(-24, -9, 12, 27, 19, -45)
(-34, 35, 14, 7, 0, -6)
(-37, 82, 16, -11, -40, 41)
(-38, 127, 15, -17, -67, 90)
(-42, 127, -7, 2, -69, 126)
(-47, 127, -56, -37, -69, 127)
(-47, 127, -74, -127, -46, 127)
(-64, 127, -59, -127, -4, 127)
(-71, 113, -57, -127, 36, 86)
(-64, 65, -64, -116, 82, 37)
(-56, 36, -58, -74, 123, -17)
(-61, 29, -39, -21, 127, -65)
(-65, 72, -22, 98, 57, -112)
(-58, 99, -27, 112, 16, -112)
(-36, 110, -25, 104, -5, -110)
(-28, 103, -22, 80, -5, -112)
(-25, 80, -15, 54, -7, -108)
(-16, 49, -9, 38, -3, -91)
(-12, -33, 21, 57, 47, -43)
(-33, -37, 13, 46, 39, -21)
(-35, -48, 18, 34, 32, 2)
(-38, -59, 16, 9, 28, 20)
(-39, -58, 11, -34, 25, 41)
(-33, -58, -6, -84, 31, 64)
(-41, -73, -32, -114, 57, 74)
(-71, -98, -42, -111, 78, 68)
(-100, -113, -42, -83, 71, 63)
(-114, -98, -41, -54, 30, 61)
(-108, -86, -44, -39, -4, 55)
(-97, -83, -41, -30, -27, 46)
(-80, -81, -39, -20, -30, 37)
(-65, -74, -37, -10, -13, 26)
(-68, -54, -32, 1, 32, 4)
(-83, -48, -27, 1, 30, -3)
(-89, -43, -25, 2, 0, -6)
(-80, -38, -26, 4, -29, -6)
(-71, -31, -26, 9, -46, -4)
(-59, -24, -27, 12, -46, -3)
(-51, -16, -26, 12, -28, -3)
(-52, -8, -25, 8, -4, -7)
BatchID:  14




(-66, -4, 0, -3, 2, -1)
(-66, -5, 0, -3, 5, -2)
(-66, -6, 0, -2, 6, -2)
(-65, -4, 0, -3, 6, -2)
(-66, -4, 0, -3, 4, -2)
(-65, -4, 0, -3, 2, -2)
(-64, -3, 0, -4, 1, -2)
(-64, -3, -1, -5, 0, -2)
(-63, -4, -2, -6, 0, -2)
(-64, -5, -4, -6, 0, -2)
(-65, -6, -4, -4, 2, -2)
(-66, -5, -5, -2, 2, -2)
(-65, -5, -5, -1, 0, -1)
(-65, -3, -5, -1, 0, -1)
(-64, -5, -4, -1, -1, -1)
(-64, -5, -5, 0, -1, -1)
(-67, -6, -4, 0, -1, 0)
(-69, -7, -5, 2, 0, 0)
(-70, -7, -6, 2, 4, 0)
(-73, -13, -7, 0, 14, 0)
(-76, -28, -3, 1, 31, 0)
(-80, -57, 0, 0, 50, -3)
(-102, -108, 8, 1, 49, -9)
(-124, -127, 4, 3, 19, -20)
(-127, -127, -13, 5, -28, -46)
(-127, -127, -20, 12, -52, -24)
(-127, -127, -31, 20, -65, -9)
(-123, -127, -33, 28, -60, -10)
(-102, -114, -35, 21, -42, -27)
(-78, -88, -30, 16, -17, -49)
(-55, -71, -25, 28, 10, -59)
(-57, -31, -19, 50, 32, -66)
(-91, 5, -8, 67, 0, -62)
(-91, 47, 10, 75, -99, -53)
(-3, 127, 31, 105, -127, 50)
(69, 127, 13, 117, -124, 127)
(69, 127, -43, -20, 43, 127)
(-17, 127, -35, -127, 127, 127)
(-88, 127, -59, -127, 127, 100)
(-127, 76, -73, -114, 127, 34)
(-127, 42, -19, -109, 127, -35)
(-103, 6, 18, 31, -15, -99)
(-70, 84, -16, 98, -60, -125)
(-34, 127, -23, 101, -92, -121)
(5, 127, -32, 68, -54, -120)
(-3, 127, -9, 34, -1, -121)
(-13, 115, 4, 20, 11, -125)
(-21, 94, 1, 17, 26, -117)
(-23, 66, -1, 2, 28, -107)
(-23, 27, -2, -8, 24, -98)
(-23, -21, 15, 21, 29, -84)
(-29, -25, 11, 30, 4, -63)
(-9, -47, 13, 37, 10, -41)
(-9, -62, 22, 27, 36, -19)
(-15, -63, 27, -9, 18, 6)
(1, -75, 17, -51, 22, 46)
(-13, -104, 17, -68, 43, 88)
(-41, -121, 14, -57, 42, 114)
(-54, -104, 13, -47, 52, 125)
(-85, -78, 6, -54, 54, 122)
(-123, -70, -4, -70, 36, 115)
(-125, -79, -16, -75, 20, 95)
(-113, -91, -25, -68, 24, 71)
(-102, -96, -28, -52, 34, 42)
(-93, -89, -28, -38, 35, 19)
(-94, -83, -24, -27, 17, 4)
(-87, -77, -22, -15, -13, -5)
(-76, -67, -19, -4, -36, -12)
(-56, -53, -17, 4, -43, -17)
BatchID:  2




(-67, -18, -6, 7, -3, -3)
(-62, -18, -6, 7, -7, -3)
(-59, -18, -6, 8, -6, -2)
(-58, -17, -6, 8, -3, -2)
(-60, -16, -5, 8, 0, -2)
(-62, -15, -5, 6, 0, -1)
(-63, -15, -5, 5, -2, 0)
(-62, -16, -5, 4, -2, 1)
(-61, -16, -5, 4, -2, 2)
(-60, -15, -6, 4, 0, 3)
(-61, -15, -7, 3, 2, 3)
(-63, -14, -8, 2, 3, 3)
(-64, -14, -8, 3, 3, 3)
(-64, -14, -9, 4, 2, 4)
(-63, -14, -8, 4, 1, 7)
(-62, -14, -9, 4, 1, 7)
(-60, -17, -9, 4, 4, 9)
(-62, -25, -6, 6, 11, 9)
(-69, -40, 1, 10, 15, 7)
(-82, -69, 13, 13, 8, 1)
(-90, -94, 16, 10, -7, -3)
(-99, -117, 12, 3, -24, -7)
(-92, -127, 5, -11, -36, -13)
(-78, -127, -3, -22, -40, -21)
(-62, -127, -8, -17, -26, -32)
(-57, -127, -14, -3, -6, -50)
(-65, -127, -12, 17, -5, -49)
(-80, -106, -11, 28, -32, -48)
(-48, -42, -5, 15, -100, -45)
(-10, -21, -3, 0, -87, -39)
(26, -2, -5, -7, -35, -28)
(14, 16, 1, 6, 31, 1)
(-28, 55, 19, 25, 40, 50)
(-56, 107, 33, 31, 0, 115)
(-69, 127, 42, 28, -41, 127)
(-69, 127, 22, 26, -73, 127)
(-79, 127, -5, -120, 9, 127)
(-91, 107, -1, -122, 53, 115)
(-88, 61, -14, -96, 102, 38)
(-74, 45, -31, -68, 127, -31)
(-85, 53, -25, -37, 127, -79)
(-90, 62, -19, 6, 118, -104)
(-92, 83, -10, 52, 66, -115)
(-74, 108, -8, 85, 14, -117)
(-52, 122, -9, 85, -10, -122)
(-30, 112, -9, 64, -14, -122)
(-8, 87, -8, 37, 4, -108)
(1, 45, -7, 13, 32, -89)
(-20, -33, 8, 30, 70, -23)
(-32, -39, 2, 30, 57, 4)
(-47, -55, 13, 17, 41, 25)
(-46, -59, 13, -6, 3, 46)
(-31, -50, 1, -45, -9, 78)
(-30, -55, -14, -85, 7, 113)
(-45, -68, -35, -105, 41, 124)
(-77, -84, -45, -100, 84, 108)
(-115, -85, -51, -88, 93, 89)
(-127, -78, -52, -83, 60, 73)
(-127, -78, -60, -85, 13, 56)
(-127, -91, -62, -79, -28, 38)
(-101, -95, -61, -58, -47, 20)
(-61, -78, -52, -17, -14, -6)
(-63, -70, -43, -4, 0, -10)
(-67, -58, -33, 12, 3, -13)
(-69, -40, -27, 22, 0, -17)
(-71, -23, -21, 23, -7, -24)
BatchID:  3




(-63, -19, -11, 6, 0, 1)
(-64, -21, -13, 7, 1, 1)
(-65, -22, -13, 8, 2, 1)
(-65, -23, -12, 10, 1, 0)
(-65, -24, -12, 12, 0, -1)
(-64, -25, -12, 14, -2, -1)
(-64, -22, -10, 17, -3, 0)
(-67, -17, -7, 18, -7, 0)
(-68, -13, -6, 17, -11, 2)
(-67, -10, -6, 13, -11, 2)
(-62, -11, -9, 8, 0, 0)
(-64, -13, -9, 7, 3, 0)
(-64, -13, -11, 6, 2, -1)
(-64, -15, -12, 6, -1, -1)
(-61, -17, -13, 7, -4, -1)
(-58, -17, -13, 10, -2, 0)
(-59, -18, -13, 10, 0, 1)
(-61, -21, -11, 11, 1, 2)
(-65, -25, -7, 14, 0, 4)
(-71, -35, 0, 17, -3, 5)
(-78, -63, 12, 20, -8, 8)
(-84, -100, 21, 31, -21, 14)
(-90, -127, 20, 31, -33, 17)
(-91, -127, 17, 19, -43, 14)
(-84, -127, 12, 3, -48, 1)
(-68, -127, 6, -6, -33, -14)
(-64, -127, 8, -3, -16, -28)
(-54, -127, 4, 4, 0, -36)
(-60, -100, 0, 13, 10, -34)
(-73, -65, 6, 18, -15, -32)
(-66, -19, 11, 16, -80, -26)
(-29, 31, 8, 12, -127, -8)
(20, 79, 10, 28, -118, 30)
(41, 127, 2, 43, -22, 99)
(4, 127, -7, 26, 62, 127)
(-63, 127, -15, -10, 89, 127)
(-118, 127, -18, -92, 53, 127)
(-109, 127, -25, -127, 25, 127)
(-82, 106, -39, -127, 47, 107)
(-58, 64, -58, -127, 127, 58)
(-77, 32, -47, -122, 127, 2)
(-99, -2, -24, -80, 127, -47)
(-81, -7, -7, 17, 108, -83)
(-79, 40, -19, 91, 58, -112)
(-69, 76, -22, 101, 14, -117)
(-55, 95, -13, 100, -22, -116)
(-38, 104, -12, 97, -49, -119)
(-19, 106, -19, 79, -50, -122)
(-3, 94, -20, 50, -30, -116)
(-7, 62, -12, 34, -9, -99)
(-7, 32, -7, 36, 1, -77)
(-2, 12, -3, 45, 20, -60)
(-10, 1, -3, 49, 45, -46)
(-21, -11, 2, 39, 57, -33)
(-33, -34, 9, 41, 47, -18)
(-32, -47, 13, 28, 19, 7)
(-28, -48, 9, 5, 8, 44)
(-30, -51, 7, -19, 9, 81)
(-46, -51, 1, -43, 21, 107)
(-63, -52, -5, -63, 45, 108)
(-86, -52, -19, -83, 66, 87)
(-104, -50, -34, -99, 72, 78)
(-115, -51, -48, -111, 71, 73)
(-127, -63, -64, -116, 58, 57)
(-127, -81, -68, -99, 29, 42)
(-120, -90, -63, -70, 5, 30)
(-101, -83, -57, -42, -8, 18)
(-87, -74, -47, -23, -13, 8)
(-77, -65, -38, -10, -18, 0)
(-67, -56, -31, -2, -18, -7)
BatchID:  4




(-64, -14, -14, 4, 2, 0)
(-64, -13, -13, 4, 2, 0)
(-63, -13, -12, 3, 1, 0)
(-63, -13, -12, 2, 1, 0)
(-63, -13, -11, 2, 1, 0)
(-63, -12, -12, 2, 2, 1)
(-64, -13, -10, 2, 2, 1)
(-64, -13, -11, 1, 1, 1)
(-64, -13, -10, 0, 1, 1)
(-63, -14, -11, 0, 0, 1)
(-64, -15, -11, 0, 0, 1)
(-64, -15, -12, 0, 0, 1)
(-64, -15, -12, 0, 0, 1)
(-63, -15, -12, 1, 0, 2)
(-62, -16, -12, 1, 0, 2)
(-62, -17, -12, 0, -1, 3)
(-61, -18, -12, 0, -1, 4)
(-62, -20, -11, 0, 0, 5)
(-66, -23, -10, 0, -2, 6)
(-71, -30, -8, 2, -4, 7)
(-72, -44, -6, 5, -5, 6)
(-78, -65, -2, 9, -1, 6)
(-88, -89, 0, 16, -2, 5)
(-98, -107, 2, 24, -11, 1)
(-92, -106, -5, 12, -34, -8)
(-84, -106, -11, -1, -42, -15)
(-84, -118, -9, -1, -50, -19)
(-85, -122, -6, 13, -65, -21)
(-75, -112, -5, 29, -79, -22)
(-58, -89, -5, 34, -75, -23)
(-48, -60, 0, 22, -52, -32)
(-55, -44, 10, 11, -46, -41)
(-50, -20, 17, 8, -72, -33)
(-34, 13, 16, 4, -101, -10)
(-8, 43, 13, 5, -110, 28)
(14, 81, 14, 9, -83, 82)
(14, 127, 10, 12, -37, 127)
(-22, 127, 1, -3, 6, 127)
(-77, 127, 2, -26, 20, 127)
(-127, 127, -2, -51, -13, 127)
(-127, 127, -11, -85, -83, 127)
(-127, 99, -14, -92, -101, 127)
(-71, 73, -18, -84, -60, 98)
(-10, 47, -38, -68, 32, -37)
(-9, 11, -41, -51, 127, -127)
(-20, 3, -21, 28, 127, -127)
(-35, 30, -12, 111, 127, -127)
(-38, 78, -12, 127, 127, -127)
(-34, 126, -14, 127, 99, -122)
(-42, 127, -6, 85, 64, -108)
(-43, 96, 9, 32, 23, -101)
(-30, 59, 11, 21, -10, -85)
(-14, 34, 3, 21, -17, -61)
(-11, 7, 4, 20, 2, -41)
(-18, -20, 14, 42, 26, -30)
(-26, -19, 13, 45, 33, -23)
(-24, -15, 10, 35, 54, -14)
(-36, -20, 12, 16, 80, 3)
(-54, -37, 16, -2, 84, 21)
(-62, -56, 14, -17, 67, 29)
(-57, -59, 11, -30, 61, 40)
(-59, -52, 4, -47, 60, 59)
(-73, -50, -1, -65, 65, 78)
(-106, -58, -8, -72, 56, 82)
(-124, -62, -13, -68, 34, 75)
(-117, -61, -19, -64, 22, 62)
(-107, -62, -25, -62, 28, 50)
(-107, -67, -27, -54, 27, 21)
(-105, -68, -26, -46, 11, 11)
(-97, -65, -25, -37, -12, 2)
BatchID:  5




(-62, -10, -13, 1, 4, 2)
(-63, -12, -13, 1, 4, 1)
(-63, -14, -13, 2, 4, 1)
(-61, -15, -13, 3, 8, 2)
(-62, -15, -12, 3, 11, 2)
(-64, -14, -11, 4, 12, 3)
(-65, -13, -12, 4, 11, 3)
(-66, -13, -11, 4, 7, 5)
(-66, -15, -12, 4, 4, 5)
(-66, -18, -12, 7, 4, 3)
(-66, -19, -12, 9, 6, 1)
(-67, -20, -12, 12, 6, 1)
(-69, -18, -10, 14, 3, 2)
(-70, -18, -10, 14, 0, 3)
(-73, -21, -7, 14, -2, 3)
(-73, -27, -2, 16, -5, 2)
(-76, -39, 4, 15, -4, 1)
(-83, -63, 12, 17, -4, 1)
(-97, -91, 19, 22, -11, 2)
(-111, -103, 20, 22, -25, 6)
(-117, -103, 15, 10, -45, 9)
(-113, -105, 11, -4, -62, 3)
(-103, -108, 5, -9, -71, -9)
(-84, -106, 1, -5, -68, -28)
(-69, -102, 0, 5, -51, -48)
(-62, -91, 4, 20, -35, -61)
(-52, -70, 11, 30, -28, -59)
(-39, -47, 20, 29, -30, -49)
(-29, -20, 26, 19, -24, -39)
(-29, 14, 26, -3, -30, -31)
(-21, 49, 22, -27, -57, -10)
(-2, 77, 18, -46, -61, 26)
(6, 106, 12, -44, -36, 79)
(0, 127, -1, -44, 0, 127)
(-20, 127, -20, -55, 33, 127)
(-58, 127, -29, -93, 55, 127)
(-98, 127, -27, -127, 41, 127)
(-82, 66, -30, -127, 31, 75)
(-52, 45, -45, -100, 76, 24)
(-57, 29, -44, -78, 123, -29)
(-68, 14, -30, -31, 121, -69)
(-66, 20, -19, 44, 102, -92)
(-62, 55, -17, 101, 74, -105)
(-55, 82, -13, 115, 43, -107)
(-43, 98, -12, 112, 29, -108)
(-35, 98, -11, 85, 22, -106)
(-29, 81, -9, 47, 19, -93)
(-25, 49, -7, 21, 16, -63)
(-24, 12, -8, 3, 24, -31)
(-30, -34, 0, 14, 46, -7)
(-53, -39, -3, 18, 49, 1)
(-59, -38, -7, 9, 41, 5)
(-64, -48, -8, -8, 32, 19)
(-63, -48, -14, -30, 14, 43)
(-61, -53, -22, -51, 16, 60)
(-82, -78, -15, -55, 25, 62)
(-102, -87, -11, -43, 13, 52)
(-104, -77, -9, -35, -2, 48)
(-99, -63, -13, -40, -16, 44)
(-97, -52, -24, -57, -21, 36)
(-92, -54, -34, -70, -20, 25)
(-86, -61, -42, -70, -11, 11)
(-83, -67, -47, -58, -2, 0)
(-81, -68, -47, -40, 1, -9)
(-77, -61, -45, -20, -3, -15)
(-70, -42, -36, -4, -33, -17)
(-61, -33, -32, -2, -46, -17)
BatchID:  6




(-65, -19, -13, 0, 1, 0)
(-65, -19, -13, 1, 1, 0)
(-65, -19, -13, 3, 1, 0)
(-66, -18, -12, 4, 0, 0)
(-65, -18, -12, 3, -1, 0)
(-63, -18, -12, 3, -2, 0)
(-62, -18, -12, 3, -2, 1)
(-62, -18, -11, 4, -1, 1)
(-63, -16, -11, 3, 0, 1)
(-63, -17, -11, 3, 0, 0)
(-62, -17, -10, 4, 2, 0)
(-63, -17, -10, 4, 1, 0)
(-63, -17, -10, 4, 1, 1)
(-64, -17, -10, 3, 0, 2)
(-63, -17, -11, 2, -1, 2)
(-62, -17, -10, 2, 0, 1)
(-62, -18, -11, 2, 1, 1)
(-63, -18, -11, 2, 2, 1)
(-64, -18, -10, 3, 2, 1)
(-65, -18, -9, 3, 0, 1)
(-67, -20, -7, 4, -1, 1)
(-69, -20, -4, 4, -5, 2)
(-68, -23, -1, 4, -7, 2)
(-66, -35, 0, 0, -3, 0)
(-59, -58, -2, -5, 8, -1)
(-65, -84, -5, -11, 26, -3)
(-95, -113, -7, -13, 30, -6)
(-125, -127, -10, -11, 5, -5)
(-127, -127, -16, -7, -35, -25)
(-88, -127, -13, 17, -80, -51)
(-60, -127, -7, 29, -77, -69)
(-28, -113, -1, 34, -53, -79)
(-3, -86, 8, 34, -14, -72)
(-1, -44, 19, 26, 11, -46)
(-8, 2, 17, 6, 13, -14)
(-20, 44, 15, -15, 3, 20)
(-29, 80, 12, -28, -13, 53)
(-29, 119, 10, -22, -23, 93)
(-34, 127, 4, -11, -20, 127)
(-54, 127, -13, -21, -11, 127)
(-93, 127, -21, -65, -11, 127)
(-109, 127, -8, -88, -25, 117)
(-54, 69, -22, -66, -28, 12)
(-20, 52, -31, -51, 44, -28)
(-24, 37, -23, -21, 98, -62)
(-40, 38, -18, 33, 125, -81)
(-51, 71, -23, 63, 119, -89)
(-57, 89, -22, 59, 104, -88)
(-61, 82, -13, 49, 72, -83)
(-51, 67, -10, 46, 34, -72)
(-28, 49, -12, 39, 17, -54)
(-11, 26, -12, 26, 25, -27)
(-18, 0, -13, 15, 42, 0)
(-36, -27, -10, 7, 43, 24)
(-44, -41, -12, 1, 43, 42)
(-62, -34, -17, -16, 40, 58)
(-78, -40, -26, -37, 32, 70)
(-91, -58, -33, -46, 26, 77)
(-110, -66, -38, -40, 17, 76)
(-111, -66, -38, -33, 8, 69)
(-106, -57, -39, -35, 5, 61)
(-104, -56, -42, -42, 3, 54)
(-98, -59, -44, -43, 6, 47)
(-95, -62, -45, -37, 13, 36)
(-95, -64, -42, -25, 18, 24)
(-93, -57, -39, -16, 14, 16)
(-89, -52, -36, -10, 5, 7)
(-81, -50, -33, -5, -6, 0)
(-70, -46, -30, 0, -13, -7)
(-62, -39, -28, 2, -14, -9)
(-56, -35, -27, 4, -8, -9)
(-56, -32, -26, 9, 1, -11)
(-63, -27, -23, 13, 6, -17)
(-66, -21, -21, 15, 1, -19)
BatchID:  7




(-62, -15, -16, 0, 0, 0)
(-62, -15, -16, 0, 0, 0)
(-63, -14, -16, 0, 0, 1)
(-63, -14, -16, 0, -1, 1)
(-63, -14, -17, -1, -1, 1)
(-63, -15, -17, 0, 0, 1)
(-63, -15, -16, 0, 1, 0)
(-63, -15, -16, 0, 1, 0)
(-64, -14, -16, 0, 0, 0)
(-63, -14, -15, 0, 0, 0)
(-63, -14, -16, 0, 0, 1)
(-63, -15, -17, 0, 0, 1)
(-62, -14, -17, 0, 0, 0)
(-62, -15, -16, 0, 1, 0)
(-62, -14, -15, 0, 1, 0)
(-62, -14, -16, 0, 0, 1)
(-62, -14, -16, 0, 0, 1)
(-63, -14, -18, 0, 0, 2)
(-63, -16, -18, 0, 1, 1)
(-63, -16, -19, 0, 3, 1)
(-64, -20, -19, 1, 6, 2)
(-66, -23, -18, 2, 10, 1)
(-71, -35, -15, 3, 12, 1)
(-75, -58, -11, 7, 13, 1)
(-85, -86, -4, 13, 9, 2)
(-100, -114, -1, 20, -6, 1)
(-109, -127, -7, 21, -28, 0)
(-109, -127, -26, 1, -37, -5)
(-112, -127, -25, -8, -49, 0)
(-110, -127, -22, 9, -60, -7)
(-103, -127, -12, 47, -71, -23)
(-69, -123, -10, 64, -70, -47)
(-37, -88, 1, 56, -44, -62)
(-26, -55, 5, 34, -21, -67)
(-26, -24, 4, 16, 1, -63)
(-31, 6, 7, 12, -8, -39)
(-28, 44, 9, 15, -35, 10)
(-22, 101, 15, 11, -47, 66)
(-25, 127, 2, 28, -32, 105)
(-39, 127, -41, -4, -16, 127)
(-101, 127, -33, -127, -3, 127)
(-113, 122, -25, -110, -9, 102)
(-88, 94, -23, -96, -35, 59)
(-36, 79, -36, -73, -14, -1)
(-7, 65, -48, -61, 58, -58)
(-16, 57, -38, -25, 121, -92)
(-39, 66, -28, 35, 126, -108)
(-46, 85, -30, 83, 110, -111)
(-51, 99, -26, 101, 95, -111)
(-54, 101, -17, 96, 72, -112)
(-52, 89, -11, 75, 41, -109)
(-39, 62, -10, 44, 10, -96)
(-31, 24, -10, 6, -8, -73)
(-26, -31, -2, -11, -10, -51)
(-36, -50, 11, 54, -17, -24)
(-24, -48, 13, 42, -51, 4)
(-6, -59, 7, 22, -13, 35)
(-24, -89, 19, 10, 30, 66)
(-43, -92, 22, -8, 30, 84)
(-42, -86, 11, -34, 37, 94)
(-55, -72, -8, -66, 67, 100)
(-89, -75, -23, -91, 65, 98)
(-104, -88, -39, -93, 49, 88)
(-105, -100, -43, -71, 53, 69)
(-105, -95, -39, -42, 52, 51)
(-114, -77, -35, -27, 30, 41)
(-109, -66, -31, -21, -5, 34)
(-92, -60, -30, -19, -25, 22)
(-80, -55, -29, -15, -27, 11)
BatchID:  8




(-60, -16, -14, 0, 2, 2)
(-61, -14, -13, 0, 2, 4)
(-62, -14, -13, 0, 3, 6)
(-63, -14, -13, -1, 2, 7)
(-62, -13, -14, -2, 3, 7)
(-63, -15, -16, -3, 6, 6)
(-66, -17, -17, -2, 8, 6)
(-68, -19, -17, 0, 6, 6)
(-70, -18, -16, 0, 2, 6)
(-68, -20, -15, 2, -3, 4)
(-65, -19, -16, 4, -5, 4)
(-62, -19, -16, 5, -4, 4)
(-62, -18, -16, 6, -2, 4)
(-62, -17, -15, 7, -1, 3)
(-62, -16, -16, 8, 0, 2)
(-59, -16, -18, 8, -3, 2)
(-58, -19, -19, 9, 0, 2)
(-58, -22, -19, 10, 3, 2)
(-61, -29, -17, 11, 7, 2)
(-65, -40, -13, 13, 9, 2)
(-70, -59, -8, 17, 8, 4)
(-76, -82, -6, 22, 5, 10)
(-88, -98, -4, 26, -1, 17)
(-105, -110, -1, 31, -18, 24)
(-118, -118, 1, 34, -46, 21)
(-111, -125, -1, 32, -73, 7)
(-92, -126, -2, 30, -81, -8)
(-67, -117, -1, 30, -62, -27)
(-58, -113, 7, 39, -29, -42)
(-45, -90, 13, 47, -1, -49)
(-25, -58, 11, 39, 36, -52)
(-13, -30, 9, 28, 71, -53)
(-33, 3, 14, 21, 91, -40)
(-59, 52, 18, 4, 55, -16)
(-66, 116, 19, -24, -13, 29)
(-59, 127, 10, -35, -80, 88)
(-41, 127, -35, -46, -110, 127)
(-34, 127, -81, -112, -63, 127)
(-50, 127, -60, -127, -4, 127)
(-51, 127, -59, -127, 40, 127)
(-29, 127, -90, -127, 127, 119)
(-22, 90, -105, -127, 127, 37)
(-67, 24, -83, -108, 127, -45)
(-111, -30, -48, 5, 127, -96)
(-113, -5, -8, 127, 127, -127)
(-102, 84, -27, 127, 33, -127)
(-74, 127, -40, 127, -79, -121)
(-7, 127, -36, 127, -100, -113)
(0, 100, -17, 59, -83, -103)
(7, 42, -5, 23, -76, -85)
(13, -14, -1, 18, -45, -66)
(5, -56, 8, 56, -8, -41)
(5, -62, -3, 38, 6, -21)
(4, -71, -5, 21, 52, 7)
(-24, -76, -1, -6, 65, 35)
(-45, -61, -14, -39, 55, 68)
(-67, -63, -23, -68, 52, 81)
(-75, -74, -31, -81, 40, 75)
(-74, -77, -41, -80, 42, 68)
(-79, -75, -47, -74, 50, 66)
(-91, -73, -51, -68, 52, 62)
(-97, -68, -55, -62, 45, 53)
(-92, -67, -55, -57, 37, 41)
(-84, -68, -53, -50, 32, 30)
(-80, -67, -49, -40, 25, 19)
(-80, -66, -46, -25, 11, 7)
(-77, -61, -43, -8, -3, -1)
(-74, -54, -37, 5, -15, -7)
(-69, -39, -35, 13, -26, -11)
(-61, -26, -34, 11, -24, -14)
(-58, -22, -33, 7, -14, -18)
(-59, -20, -32, 5, -7, -21)
BatchID:  9




(-61, -15, -20, -3, 0, 0)
(-63, -15, -21, -3, 0, 1)
(-63, -15, -21, -2, 0, 0)
(-62, -16, -20, -1, 0, -1)
(-61, -16, -19, 0, -1, -1)
(-60, -15, -19, 0, -1, -1)
(-58, -15, -17, 0, -1, 0)
(-58, -14, -17, 0, -2, 1)
(-59, -15, -18, -2, -1, 3)
(-60, -16, -19, -2, 0, 4)
(-61, -17, -19, -2, 0, 4)
(-62, -17, -21, -1, 1, 5)
(-64, -16, -21, 0, 0, 3)
(-65, -16, -21, 0, 0, 3)
(-65, -16, -21, 0, -1, 3)
(-65, -16, -22, 0, -1, 2)
(-64, -17, -21, 1, 0, 2)
(-64, -17, -22, 2, 0, 2)
(-63, -18, -23, 3, 2, 3)
(-61, -21, -24, 3, 9, 3)
(-64, -30, -21, 2, 17, 2)
(-69, -53, -16, 4, 25, 2)
(-79, -87, -13, 7, 23, 0)
(-95, -118, -10, 15, 8, 1)
(-110, -127, -13, 25, -21, 2)
(-119, -127, -19, 30, -46, 14)
(-117, -124, -28, 27, -69, 25)
(-115, -123, -27, 28, -86, 16)
(-101, -115, -27, 33, -97, -8)
(-83, -109, -22, 42, -92, -38)
(-60, -94, -17, 52, -84, -68)
(-32, -73, -13, 54, -62, -85)
(-15, -57, -5, 50, -36, -82)
(-12, -42, 4, 56, -23, -62)
(-15, -15, 14, 63, -26, -27)
(-15, 27, 20, 58, -41, 17)
(-7, 77, 25, 29, -52, 62)
(-4, 116, 24, -15, -34, 84)
(-22, 127, 8, -49, -11, 101)
(-45, 127, -7, -76, -6, 124)
(-77, 127, -15, -76, -12, 127)
(-120, 127, -25, -62, -36, 127)
(-127, 127, -39, -95, -74, 125)
(-87, 117, -67, -113, -58, 70)
(-14, 43, -118, -120, 127, -33)
(-45, -25, -127, -92, 127, -127)
(-127, -54, -127, 57, 127, -127)
(-127, 39, -75, 127, 127, -122)
(-127, 108, -51, 127, 114, -102)
(-127, 127, -40, 127, -13, -93)
(-69, 127, -36, 127, -86, -96)
(-17, 116, -31, 127, -83, -93)
(7, 84, -17, 93, -51, -84)
(10, 40, 2, 77, -13, -70)
(-8, 10, 15, 77, 13, -53)
(-26, -13, 30, 83, 5, -36)
(-34, -23, 30, 73, -31, -21)
(-16, -32, 31, 56, -52, -5)
(3, -47, 32, 33, -56, 9)
(28, -61, 31, 7, -34, 28)
(41, -74, 28, -17, 12, 47)
(31, -84, 27, -33, 59, 67)
(-3, -86, 27, -39, 85, 84)
(-32, -72, 24, -49, 85, 96)
(-63, -56, 16, -72, 69, 102)
(-78, -51, -3, -97, 45, 103)
(-79, -56, -24, -111, 49, 93)
(-85, -68, -38, -105, 69, 72)
(-92, -75, -42, -84, 83, 52)
(-112, -71, -40, -65, 66, 47)
BatchID:  10




(-62, -19, -13, 0, 0, 0)
(-62, -19, -14, 0, 0, 0)
(-62, -18, -13, 0, -1, 0)
(-61, -18, -14, -1, 0, 0)
(-62, -19, -14, -1, 0, 0)
(-64, -19, -15, 0, 1, 0)
(-65, -19, -15, 0, 1, 0)
(-64, -19, -15, 0, 0, 0)
(-63, -18, -14, 0, 0, 0)
(-62, -18, -14, 0, 0, 0)
(-62, -18, -14, 0, 0, 0)
(-62, -18, -14, 0, 0, 0)
(-63, -17, -14, -1, 0, 0)
(-63, -18, -14, -2, 0, 0)
(-62, -19, -15, -1, 0, 0)
(-63, -18, -15, 0, 1, 0)
(-63, -18, -14, 0, 0, 0)
(-63, -18, -14, -1, 0, 0)
(-62, -18, -14, -1, 0, 0)
(-63, -18, -14, -1, 0, 0)
(-63, -18, -14, -1, 0, 1)
(-63, -17, -14, -1, 0, 1)
(-63, -16, -14, -2, 0, 1)
(-63, -17, -15, -3, 0, 0)
(-63, -19, -15, -3, 2, 0)
(-63, -20, -16, -3, 2, 1)
(-62, -22, -15, -3, 3, 1)
(-62, -26, -15, -3, 6, 2)
(-71, -38, -9, -4, 5, 1)
(-80, -69, 2, 0, -1, 0)
(-94, -115, 11, 4, -21, -3)
(-101, -127, 10, 10, -50, -15)
(-105, -127, 0, 2, -66, 3)
(-92, -127, -5, -5, -64, -1)
(-85, -127, -4, -8, -46, -15)
(-66, -127, -9, -3, -26, -36)
(-51, -127, -21, 29, 31, -74)
(-72, -96, -13, 53, 3, -82)
(-72, -41, 1, 62, -84, -69)
(-32, 22, 0, 60, -127, -31)
(30, 86, 6, 57, -127, 15)
(65, 127, 1, 70, -31, 98)
(28, 127, -13, 30, 81, 127)
(-52, 127, -41, -45, 99, 127)
(-127, 127, -56, -127, 86, 127)
(-127, 127, -50, -127, 41, 120)
(-127, 91, -26, -109, -37, 51)
(-83, 54, -32, -46, -108, -16)
(-12, 85, -56, 8, 33, -80)
(-25, 84, -24, 26, 51, -88)
(-32, 89, -18, 63, 66, -89)
(-34, 102, -21, 62, 73, -94)
(-38, 87, -16, 47, 73, -88)
(-43, 62, -8, 32, 60, -68)
(-44, 30, 0, 15, 39, -47)
(-39, -14, 14, 21, 21, -27)
(-31, -26, 11, 37, 0, -4)
(-10, -33, 9, 19, 11, 25)
(-26, -51, 11, 3, 50, 59)
(-51, -63, 18, -12, 54, 82)
(-58, -43, 7, -41, 48, 105)
(-72, -29, -12, -80, 71, 118)
(-108, -50, -28, -108, 72, 109)
(-127, -90, -32, -99, 69, 97)
(-127, -102, -29, -69, 36, 85)
(-127, -85, -31, -53, 5, 69)
(-125, -75, -31, -52, -4, 46)
(-112, -68, -34, -56, -3, 24)
BatchID:  11




(-63, -15, -14, 0, 0, 0)
(-62, -15, -13, 0, 0, 0)
(-62, -16, -14, 0, 1, 0)
(-64, -16, -13, 0, 1, 0)
(-64, -16, -13, 0, 0, 0)
(-64, -16, -14, 0, 0, 0)
(-64, -15, -13, 0, 0, 0)
(-64, -14, -14, 0, 0, 0)
(-63, -15, -14, -1, 0, 0)
(-63, -16, -14, -1, 1, 0)
(-63, -16, -14, 0, 2, 0)
(-64, -15, -13, 0, 1, 0)
(-64, -15, -13, 0, 0, 0)
(-63, -15, -13, 0, 0, 0)
(-62, -15, -14, 0, 0, 0)
(-63, -15, -14, -1, 1, 0)
(-63, -16, -14, -2, 2, 0)
(-62, -19, -15, -1, 4, 0)
(-62, -21, -16, -1, 9, 1)
(-64, -26, -15, 0, 12, 1)
(-69, -34, -11, 1, 12, 0)
(-67, -60, -8, 0, 14, 0)
(-78, -97, -4, 1, 14, -1)
(-100, -127, -1, 10, 3, -2)
(-115, -127, -6, 16, -25, 0)
(-108, -127, -17, 8, -45, -1)
(-98, -127, -22, 2, -55, -15)
(-79, -127, -15, 10, -48, -36)
(-65, -127, -5, 31, -39, -58)
(-45, -127, 4, 49, -26, -74)
(-13, -91, 11, 51, -3, -66)
(-5, -44, 18, 35, 16, -43)
(-9, 12, 16, 13, 20, -14)
(-20, 67, 15, -8, 6, 27)
(-28, 118, 13, -19, -14, 79)
(-72, 127, -29, -20, -28, 127)
(-114, 127, -53, -79, -42, 127)
(-127, 127, -46, -127, -84, 127)
(-127, 107, -41, -127, -97, 96)
(-71, 54, -43, -95, -70, 31)
(-7, 40, -52, -56, 32, -40)
(-15, 44, -46, -24, 115, -89)
(-31, 38, -31, 21, 127, -104)
(-55, 88, -25, 118, 111, -105)
(-57, 103, -17, 110, 77, -104)
(-54, 97, -5, 95, 39, -100)
(-44, 82, 0, 74, 3, -88)
(-23, 60, 0, 48, -12, -65)
(-4, -22, 12, 30, 21, -20)
(-13, -26, 3, 22, 41, 4)
(-29, -47, 6, 10, 64, 27)
(-56, -70, 12, 4, 63, 47)
(-79, -73, 18, -9, 21, 65)
(-67, -59, 5, -35, -8, 84)
(-62, -50, -7, -71, -4, 92)
(-69, -54, -26, -98, 7, 90)
(-75, -68, -43, -106, 37, 84)
(-93, -79, -42, -95, 71, 73)
(-111, -88, -51, -68, 75, 53)
(-117, -80, -50, -50, 58, 35)
(-119, -74, -46, -42, 16, 22)
(-106, -72, -43, -35, -27, 16)
(-85, -69, -45, -27, -55, 11)
(-64, -65, -44, -15, -50, 9)
(-56, -57, -41, -3, -22, 2)
(-59, -47, -37, 6, 11, -8)
(-68, -37, -33, 12, 34, -16)
BatchID:  12




(-65, -17, -17, -2, 1, 2)
(-65, -17, -18, -2, 2, 2)
(-67, -17, -18, -1, 3, 1)
(-67, -19, -18, -1, 2, 1)
(-65, -21, -20, 0, 1, 1)
(-64, -23, -19, 3, 1, 2)
(-63, -22, -19, 5, 2, 2)
(-64, -22, -18, 5, 1, 3)
(-65, -21, -18, 6, 0, 4)
(-66, -21, -17, 8, -2, 3)
(-65, -19, -14, 11, -4, 5)
(-65, -10, -12, 13, -4, 7)
(-66, -2, -13, 10, -2, 6)
(-66, 0, -13, 5, 0, 5)
(-64, -1, -16, 0, 2, 5)
(-63, -6, -18, 0, 5, 5)
(-60, -11, -20, 0, 8, 6)
(-56, -18, -20, 2, 17, 7)
(-58, -33, -18, 4, 28, 8)
(-69, -61, -11, 9, 38, 7)
(-94, -103, 0, 21, 28, 3)
(-111, -123, 2, 27, -3, -2)
(-109, -126, -8, 18, -37, -6)
(-109, -127, -25, 1, -58, 0)
(-108, -127, -16, 23, -66, -2)
(-87, -127, -8, 51, -64, -23)
(-53, -107, -2, 61, -49, -46)
(-17, -66, 3, 49, -11, -56)
(1, -30, 1, 28, 41, -59)
(-8, 1, 6, 15, 84, -48)
(-35, 42, 10, 15, 70, -24)
(-51, 106, 17, 9, 20, 24)
(-64, 127, 13, 11, -29, 72)
(-80, 127, -43, -13, -77, 107)
(-73, 127, -106, -127, -95, 127)
(-80, 127, -88, -127, -68, 127)
(-86, 102, -74, -127, -42, 76)
(-50, 51, -77, -108, 28, -6)
(-25, 18, -75, -48, 108, -79)
(-46, 34, -58, 28, 127, -105)
(-63, 66, -46, 83, 119, -107)
(-64, 97, -39, 111, 75, -103)
(-59, 112, -30, 105, 37, -102)
(-40, 106, -19, 89, 7, -95)
(-25, 85, -14, 70, 0, -82)
(-16, 53, -7, 50, 4, -66)
(-12, 19, 4, 34, 16, -48)
(-16, -27, 24, 54, 18, -22)
(-14, -32, 10, 20, -5, 3)
(-10, -46, 7, -4, 7, 38)
(-21, -68, 12, -24, 4, 78)
(-14, -60, 1, -45, 10, 107)
(-25, -51, -13, -74, 58, 112)
(-77, -55, -25, -93, 87, 106)
(-127, -66, -29, -98, 71, 98)
(-127, -74, -34, -90, 27, 89)
(-126, -71, -43, -90, -3, 73)
(-104, -73, -50, -89, -7, 57)
(-89, -73, -57, -87, 9, 41)
(-85, -79, -60, -74, 29, 24)
(-97, -73, -59, -54, 28, 15)
(-106, -65, -59, -38, 8, 7)
(-103, -61, -56, -23, -16, 0)
(-91, -53, -50, -6, -40, -4)
(-68, -39, -46, 4, -42, -8)
(-56, -28, -42, 8, -23, -14)
(-55, -21, -37, 9, 3, -22)
(-59, -16, -33, 11, 21, -27)
(-68, -10, -31, 11, 21, -28)
(-71, -7, -29, 13, 8, -27)
BatchID:  13




(-65, -12, -15, -2, -1, 0)
(-62, -12, -16, -3, -3, 0)
(-60, -13, -17, -5, -2, 1)
(-60, -14, -17, -5, 1, 0)
(-63, -15, -18, -6, 3, 0)
(-65, -16, -18, -5, 2, 0)
(-64, -17, -19, -4, 1, 0)
(-64, -16, -18, -2, -1, 0)
(-63, -14, -18, -3, -3, 1)
(-61, -15, -18, -4, -3, 1)
(-61, -15, -18, -4, -1, 1)
(-62, -15, -20, -4, 0, 0)
(-64, -14, -20, -4, 0, 1)
(-65, -14, -20, -4, -3, 1)
(-63, -14, -20, -3, -5, 2)
(-62, -15, -22, -2, -3, 2)
(-60, -17, -23, -2, 0, 3)
(-63, -35, -22, -1, 15, 4)
(-69, -63, -20, 0, 19, 3)
(-84, -100, -15, 5, 8, 3)
(-99, -127, -15, 17, -15, 5)
(-111, -127, -19, 29, -43, 12)
(-107, -127, -30, 28, -58, 18)
(-105, -127, -38, 24, -57, 11)
(-106, -127, -33, 26, -54, -5)
(-101, -127, -19, 42, -59, -25)
(-71, -125, -8, 55, -55, -49)
(-40, -97, 0, 53, -32, -66)
(-9, -65, 5, 41, 10, -68)
(-13, -23, 8, 29, 63, -65)
(-72, 69, 19, 6, -16, -7)
(-61, 127, 25, 1, -90, 55)
(-41, 127, 14, 31, -115, 116)
(-35, 127, -43, 9, -75, 127)
(-56, 127, -69, -127, -16, 127)
(-76, 127, -47, -127, 26, 87)
(-72, 91, -48, -118, 71, 24)
(-49, 58, -56, -72, 123, -39)
(-52, 56, -50, -26, 127, -80)
(-63, 60, -36, 13, 116, -90)
(-66, 70, -23, 60, 63, -88)
(-55, 96, -24, 86, 11, -81)
(-37, 110, -28, 70, -7, -74)
(-16, 68, -22, 27, 6, -67)
(-12, 36, -22, 23, 31, -54)
(-23, 4, -16, 27, 53, -34)
(-41, -15, -5, 33, 49, -11)
(-51, -35, 7, 44, 29, 5)
(-41, -40, 6, 20, -3, 26)
(-18, -44, -1, -21, 0, 55)
(-20, -69, -13, -60, 25, 84)
(-55, -87, -23, -74, 34, 108)
(-82, -85, -35, -71, 36, 113)
(-112, -80, -40, -64, 31, 103)
(-120, -73, -45, -62, 26, 91)
(-117, -78, -49, -62, 28, 71)
(-112, -85, -51, -59, 34, 51)
(-102, -84, -48, -45, 27, 13)
(-98, -79, -46, -36, 4, 1)
(-87, -76, -42, -23, -23, -3)
(-67, -67, -40, -7, -37, -4)
(-55, -55, -36, 3, -29, -7)
(-51, -38, -32, 7, -10, -15)
(-58, -24, -30, 5, 5, -24)
(-64, -19, -32, 2, 14, -31)
BatchID:  14



