

(-49, -47, -18, 2, -2, -6)
(-48, -48, -17, 1, -2, -5)
(-47, -49, -17, 1, -1, -4)
(-46, -49, -16, 1, -1, -3)
(-45, -49, -17, 1, 0, -1)
(-45, -48, -16, 1, 0, -1)
(-46, -49, -17, 0, 0, 0)
(-47, -49, -17, 0, -2, 1)
(-47, -49, -16, 0, -2, 1)
(-47, -49, -17, 0, -3, 1)
(-46, -49, -17, 0, -2, 1)
(-47, -48, -17, 0, 0, 2)
(-47, -47, -17, 1, 5, 4)
(-47, -47, -18, 0, 12, 6)
(-48, -47, -19, 1, 22, 9)
(-53, -47, -22, 0, 31, 14)
(-59, -42, -27, 2, 41, 21)
(-73, -33, -34, 5, 55, 30)
(-98, -27, -42, 9, 65, 38)
(-118, -32, -48, 10, 64, 38)
(-127, -28, -48, 24, 65, 24)
(-127, -25, -52, 37, 65, -6)
(-127, -20, -56, 44, 53, -51)
(-127, -15, -58, 49, 29, -92)
(-127, -7, -53, 50, 5, -120)
(-118, -4, -46, 58, -11, -127)
(-95, 0, -38, 69, -5, -127)
(-79, 3, -30, 73, 15, -127)
(-77, 5, -21, 80, 39, -127)
(-82, 8, -13, 84, 42, -127)
(-82, 17, -6, 87, 26, -127)
(-74, 23, -3, 85, -3, -127)
(-59, 29, 0, 82, -30, -127)
(-37, 36, 3, 83, -48, -127)
(-15, 43, 7, 82, -54, -127)
(7, 50, 9, 78, -47, -127)
(34, 59, 12, 61, -24, -127)
(58, 60, 11, 34, 0, -127)
(77, 49, 16, 7, 5, -127)
(92, 39, 25, 2, -13, -127)
(99, 43, 23, -4, -12, -127)
(110, 43, 22, -16, 7, -127)
(120, 38, 18, -19, 13, -127)
(127, 42, 18, -29, 7, -127)
(127, 35, 14, -35, 6, -115)
(127, 22, 18, -30, 3, -95)
(127, 21, 17, -18, 5, -69)
(127, 22, 14, -11, 20, -8)
(127, 23, 18, -5, 22, 17)
(127, 23, 22, 0, 15, 41)
(127, 26, 23, 2, 1, 62)
(127, 25, 24, 2, -10, 83)
(127, 24, 23, 0, -13, 101)
(126, 22, 23, -4, -13, 113)
(113, 19, 24, -6, -12, 124)
(103, 20, 23, -9, -17, 127)
(94, 19, 21, -16, -23, 127)
(87, 13, 18, -21, -29, 127)
(77, 8, 17, -22, -30, 127)
(62, 6, 15, -20, -28, 127)
(49, 4, 14, -16, -26, 127)
(16, 13, 14, -16, -16, 127)
(2, 15, 11, -25, -16, 127)
(-7, 9, 9, -36, -18, 127)
(-13, 1, 9, -41, -16, 127)
(-23, -3, 7, -38, -13, 127)
(-32, -2, 4, -40, -12, 127)
(-37, -5, 1, -45, -14, 127)
BatchID:  2




(-70, -43, -27, 8, 7, 0)
(-69, -45, -25, 11, 1, -3)
(-64, -47, -25, 14, 0, -10)
(-61, -42, -25, 17, 1, -17)
(-58, -43, -24, 16, 4, -22)
(-55, -44, -20, 21, 14, -27)
(-54, -46, -20, 19, 15, -30)
(-55, -47, -19, 18, 13, -33)
(-53, -47, -17, 16, 5, -34)
(-46, -49, -16, 16, 0, -34)
(-41, -50, -16, 14, 3, -32)
(-37, -53, -16, 11, 10, -31)
(-38, -56, -16, 12, 16, -29)
(-41, -56, -17, 12, 20, -25)
(-45, -53, -19, 14, 23, -20)
(-51, -48, -21, 14, 29, -17)
(-62, -46, -23, 13, 31, -18)
(-73, -43, -25, 15, 31, -24)
(-81, -41, -27, 16, 26, -34)
(-83, -41, -28, 17, 19, -52)
(-84, -38, -29, 22, 17, -72)
(-85, -35, -29, 26, 15, -90)
(-80, -30, -28, 31, 13, -105)
(-77, -28, -25, 38, 12, -119)
(-74, -23, -22, 44, 11, -127)
(-68, -15, -16, 52, 11, -127)
(-64, -6, -12, 56, 11, -127)
(-61, 0, -7, 57, 2, -127)
(-54, 7, -4, 58, -11, -127)
(-44, 11, -3, 57, -28, -127)
(-33, 16, 0, 58, -46, -127)
(-15, 19, 1, 63, -58, -127)
(6, 21, 2, 70, -58, -127)
(35, 25, 3, 76, -38, -127)
(78, 46, 6, 73, 4, -127)
(109, 73, 10, 36, 17, -127)
(127, 57, -4, -20, -26, -127)
(127, 11, -7, -52, -5, -127)
(127, -13, 8, -15, 6, -108)
(127, -6, 1, 16, 24, -96)
(127, 4, 9, 30, 43, -80)
(127, 13, 9, 33, 24, -52)
(127, 18, 17, 33, 1, -11)
(127, 20, 24, 33, -15, 30)
(127, 22, 28, 32, -16, 62)
(127, 24, 32, 31, -3, 84)
(127, 28, 36, 26, 13, 100)
(127, 28, 37, 11, 17, 108)
(111, 23, 34, -5, 11, 118)
(101, 15, 30, -21, 0, 127)
(94, 9, 26, -32, -8, 127)
(89, 2, 21, -38, -9, 127)
(78, -2, 17, -40, -5, 127)
(64, -2, 13, -40, 1, 127)
(51, -4, 11, -39, 3, 127)
(37, -6, 10, -38, 0, 127)
(11, -5, 6, -32, -7, 127)
(4, -1, 5, -29, -6, 127)
(-3, 1, 4, -27, 0, 127)
(-12, 7, 4, -27, 5, 127)
(-21, 13, 4, -38, 10, 127)
(-28, 13, 2, -50, 11, 127)
(-39, 15, 0, -53, 11, 127)
(-54, 23, 0, -53, 0, 127)
(-56, 28, -9, -60, -14, 127)
BatchID:  3




(-50, -48, -16, 0, 3, 0)
(-51, -48, -17, 0, 3, 0)
(-50, -47, -17, 0, 2, -1)
(-51, -49, -16, -1, 0, -2)
(-50, -49, -17, 0, 0, -2)
(-49, -49, -17, 0, 0, -3)
(-49, -49, -17, 0, 1, -3)
(-48, -48, -19, 1, 1, -3)
(-48, -48, -18, 1, 2, -3)
(-49, -49, -18, 1, 2, -3)
(-49, -49, -17, 1, 0, -3)
(-48, -50, -17, 1, -1, -4)
(-47, -50, -17, 1, -2, -3)
(-45, -49, -16, 1, -1, -3)
(-46, -50, -17, 1, 0, -2)
(-46, -51, -16, 1, 0, -2)
(-47, -51, -15, 1, 0, -1)
(-48, -54, -15, 0, 0, 0)
(-50, -57, -12, 0, 5, 6)
(-56, -46, -16, 1, 18, 15)
(-66, -36, -24, -1, 38, 27)
(-84, -28, -32, -3, 60, 33)
(-107, -28, -43, 0, 72, 32)
(-126, -25, -52, 15, 71, 14)
(-127, -21, -57, 24, 52, -22)
(-127, -24, -60, 24, 21, -68)
(-127, -29, -59, 46, -12, -109)
(-118, -14, -52, 71, -31, -127)
(-96, 0, -48, 84, -43, -127)
(-76, 7, -42, 87, -30, -127)
(-68, 12, -34, 84, -4, -127)
(-70, 13, -20, 80, 6, -127)
(-71, 15, -10, 77, -3, -127)
(-69, 20, -6, 75, -25, -127)
(-59, 30, -6, 68, -54, -127)
(-43, 41, -3, 52, -74, -127)
(-25, 46, 0, 38, -81, -127)
(-9, 49, 2, 24, -78, -127)
(4, 49, 5, 20, -65, -127)
(18, 50, 7, 18, -56, -127)
(37, 55, 2, 17, -58, -127)
(58, 61, -3, 8, -63, -127)
(83, 66, -6, -17, -75, -127)
(119, 63, -12, -34, -66, -127)
(127, 60, -14, -42, -13, -127)
(127, 52, -10, -37, 27, -127)
(127, 45, -3, -23, 46, -127)
(127, 41, 8, 0, 53, -127)
(127, 52, 10, 16, 33, -120)
(127, 71, 6, 11, 15, -85)
(127, 73, 0, -4, 10, -51)
(127, 66, 0, -16, 10, -19)
(127, 57, 0, -13, 8, 16)
(127, 53, 2, -5, 0, 54)
(127, 52, 0, 2, -5, 86)
(127, 49, -2, 6, 0, 110)
(127, 46, 0, 8, 1, 127)
(119, 42, 6, 9, -6, 127)
(112, 40, 9, 10, -19, 127)
(110, 38, 9, 7, -29, 127)
(115, 37, 6, 0, -26, 127)
(108, 27, 4, -9, -13, 127)
(66, 15, 10, 1, 1, 127)
(46, 16, 13, 9, 8, 127)
(33, 21, 14, 15, 18, 127)
(21, 25, 17, 15, 29, 127)
(9, 31, 17, 12, 43, 127)
BatchID:  4




(-52, -45, -5, 24, 3, -84)
(-48, -43, -4, 20, 5, -84)
(-44, -47, -2, 17, 6, -85)
(-38, -49, -2, 17, 11, -86)
(-33, -50, -1, 18, 20, -89)
(-30, -51, 0, 18, 24, -94)
(-28, -53, -1, 20, 24, -97)
(-28, -46, 0, 23, 17, -99)
(-25, -42, 1, 19, 10, -100)
(-18, -42, 0, 16, 6, -105)
(-5, -44, 0, 10, 1, -118)
(0, -47, -1, 5, -2, -127)
(5, -49, -3, 4, -6, -127)
(17, -46, -1, 10, -8, -117)
(20, -45, 0, 17, -2, -105)
(21, -40, 1, 22, 10, -97)
(25, -40, 1, 19, 17, -101)
(24, -40, 0, 15, 14, -113)
(15, -37, 1, 9, 5, -125)
(11, -31, 3, 4, -11, -127)
(23, -24, 4, 5, -21, -122)
(26, -20, 5, 9, -1, -117)
(25, -18, 8, 11, 21, -116)
(17, -13, 10, 15, 38, -120)
(5, -6, 13, 14, 41, -127)
(2, -1, 14, 10, 29, -127)
(7, 2, 14, 10, 12, -127)
(20, 7, 14, 15, 10, -127)
(32, 17, 16, 21, 22, -127)
(40, 27, 20, 24, 40, -127)
(45, 38, 26, 23, 55, -127)
(53, 50, 31, 16, 58, -127)
(73, 61, 32, 1, 48, -127)
(101, 63, 31, -18, 28, -127)
(127, 56, 32, -27, 10, -127)
(127, 47, 42, -19, 0, -127)
(127, 53, 45, -6, -1, -98)
(127, 69, 34, -15, 3, -59)
(127, 71, 21, -31, 14, -23)
(127, 57, 22, -33, 19, 9)
(127, 53, 27, -12, 9, 44)
(127, 59, 23, 7, -9, 82)
(127, 60, 23, 25, -27, 116)
(127, 61, 30, 44, -38, 127)
(127, 74, 39, 57, -47, 127)
(127, 84, 42, 55, -46, 127)
(127, 88, 44, 42, -35, 127)
(127, 80, 47, 28, -28, 127)
(107, 70, 52, 24, -29, 127)
(86, 64, 53, 27, -30, 127)
(72, 66, 51, 28, -25, 127)
(60, 71, 48, 26, -10, 127)
(43, 79, 45, 20, 12, 127)
(25, 89, 39, 7, 39, 127)
(6, 99, 34, -18, 61, 127)
(-15, 96, 25, -47, 64, 127)
(-33, 81, 14, -72, 53, 127)
(-40, 60, 10, -84, 46, 127)
(-36, 42, 11, -76, 47, 127)
(-30, 46, 3, -69, 63, 127)
(-35, 50, -6, -78, 69, 127)
(-42, 42, -17, -90, 67, 127)
(-48, 31, -27, -101, 64, 127)
(-52, 23, -36, -107, 63, 127)
(-58, 18, -46, -107, 57, 127)
(-72, 8, -57, -99, 43, 127)
(-100, 0, -64, -83, 7, 127)
(-123, -6, -66, -69, -32, 127)
(-110, 5, -63, -27, -10, 119)
(-106, -7, -62, -34, 13, 65)
(-125, -21, -58, -30, 29, 9)
BatchID:  5




(-51, -50, -8, 0, 0, 0)
(-51, -50, -8, 0, 0, 0)
(-50, -50, -8, 1, -1, 0)
(-50, -50, -8, 0, -1, 0)
(-49, -48, -7, 0, 0, 0)
(-50, -48, -7, 0, 0, 1)
(-50, -48, -8, 0, 0, 1)
(-51, -49, -8, -1, 0, 2)
(-51, -49, -9, -1, 1, 1)
(-52, -49, -9, 0, 0, 1)
(-52, -49, -9, 0, 0, 0)
(-52, -48, -9, 0, 0, 1)
(-52, -49, -8, 0, 0, 0)
(-51, -48, -8, 0, 0, 0)
(-50, -48, -9, 0, 0, 0)
(-51, -48, -9, 0, 1, 0)
(-51, -48, -10, 0, 3, 2)
(-51, -48, -12, 1, 10, 7)
(-53, -45, -14, 3, 28, 14)
(-62, -40, -16, 6, 49, 23)
(-80, -34, -23, 7, 71, 29)
(-104, -24, -30, 10, 86, 29)
(-127, -18, -40, 13, 87, 15)
(-127, -19, -51, 16, 70, -7)
(-127, -15, -57, 19, 52, -36)
(-127, -18, -64, 34, 32, -65)
(-127, -13, -62, 57, 13, -98)
(-127, 0, -53, 81, 2, -127)
(-112, 12, -44, 100, -2, -127)
(-99, 25, -34, 108, -2, -127)
(-92, 34, -22, 107, -11, -127)
(-82, 41, -12, 101, -30, -127)
(-70, 49, -7, 91, -55, -127)
(-55, 56, -5, 78, -80, -127)
(-40, 61, -2, 67, -100, -127)
(-11, 71, 3, 58, -121, -127)
(-1, 81, 10, 51, -122, -127)
(19, 94, 10, 42, -121, -127)
(55, 105, 1, 21, -107, -127)
(100, 109, -15, -3, -83, -127)
(127, 56, -32, -90, -1, -127)
(127, 21, -19, -66, 38, -127)
(127, 23, 0, 12, 77, -127)
(127, 64, -5, 59, 112, -127)
(127, 95, -18, 46, 92, -127)
(127, 103, -23, -13, 23, -127)
(127, 81, -3, -44, -47, -102)
(127, 64, 5, -25, -111, -39)
(127, 63, -10, 0, -101, 25)
(127, 54, -10, 20, -27, 75)
(127, 50, -2, 48, 31, 117)
(127, 61, 5, 64, 47, 127)
(127, 70, 11, 66, 31, 127)
(127, 72, 16, 57, 8, 127)
(127, 66, 22, 42, -6, 127)
(127, 58, 38, 39, -2, 127)
(101, 57, 47, 40, 15, 127)
(73, 65, 51, 32, 36, 127)
(43, 74, 47, 15, 58, 127)
(20, 78, 42, -4, 77, 127)
(0, 81, 31, -35, 89, 127)
(-17, 75, 22, -65, 88, 127)
(-26, 65, 16, -83, 83, 127)
(-31, 55, 11, -84, 81, 127)
(-38, 51, 5, -76, 83, 127)
(-43, 55, 0, -71, 88, 127)
(-49, 64, -11, -75, 93, 127)
(-71, 64, -36, -84, 72, 127)
(-88, 54, -58, -108, 36, 127)
BatchID:  6




(-54, -51, -6, 2, 11, 3)
(-56, -51, -6, 2, 17, 4)
(-59, -51, -6, 4, 22, 5)
(-63, -49, -8, 5, 26, 3)
(-66, -48, -9, 5, 27, 1)
(-71, -48, -10, 6, 22, -7)
(-70, -47, -11, 8, 16, -15)
(-67, -47, -12, 9, 13, -21)
(-61, -47, -13, 11, 15, -26)
(-61, -48, -12, 13, 17, -29)
(-58, -48, -10, 15, 18, -30)
(-55, -48, -10, 17, 19, -33)
(-52, -50, -9, 17, 21, -36)
(-52, -52, -9, 16, 20, -40)
(-52, -53, -9, 16, 16, -40)
(-54, -51, -11, 15, 11, -40)
(-58, -49, -11, 12, 9, -39)
(-68, -44, -12, 13, 9, -40)
(-75, -40, -15, 11, 12, -44)
(-81, -35, -16, 15, 20, -51)
(-89, -29, -20, 19, 35, -63)
(-97, -25, -22, 28, 43, -84)
(-109, -18, -25, 36, 39, -111)
(-113, -9, -25, 44, 17, -127)
(-98, 0, -24, 47, -7, -127)
(-63, 18, -15, 54, -23, -127)
(-53, 24, -11, 54, -23, -127)
(-42, 27, -4, 55, -29, -127)
(-32, 33, 0, 58, -36, -127)
(-21, 41, 4, 62, -44, -127)
(-6, 51, 7, 66, -45, -127)
(13, 60, 10, 68, -41, -127)
(38, 70, 15, 69, -17, -127)
(64, 81, 19, 62, 14, -127)
(90, 87, 24, 46, 25, -127)
(126, 86, 29, 25, 5, -127)
(127, 80, 29, 4, -13, -127)
(127, 69, 36, -8, -25, -127)
(127, 59, 37, -5, -43, -127)
(127, 58, 27, -11, -30, -100)
(127, 47, 20, -22, 6, -47)
(127, 29, 21, -23, 26, 6)
(127, 26, 22, -12, 18, 58)
(127, 26, 24, 1, -5, 106)
(127, 24, 28, 20, -17, 127)
(127, 35, 31, 34, -14, 127)
(127, 58, 39, 16, 12, 127)
(105, 57, 39, -3, 13, 127)
(79, 53, 38, -22, 9, 127)
(58, 45, 36, -35, 4, 127)
(41, 37, 32, -40, 2, 127)
(27, 36, 28, -41, 3, 127)
(16, 38, 24, -43, 3, 127)
(4, 39, 21, -46, 4, 127)
(-1, 36, 18, -51, 7, 127)
(-8, 32, 15, -54, 13, 127)
(-12, 28, 11, -56, 23, 127)
(-14, 27, 6, -56, 39, 127)
(-16, 29, 0, -57, 58, 127)
(-31, 39, -3, -61, 73, 127)
(-56, 44, -12, -71, 59, 127)
(-90, 38, -35, -104, 35, 127)
(-102, 26, -46, -116, 12, 127)
(-108, 10, -56, -113, -13, 127)
(-120, -1, -61, -100, -18, 116)
(-127, -12, -65, -66, -27, 92)
BatchID:  7




(-46, -56, -2, 2, 9, 5)
(-46, -55, -2, 1, 8, 4)
(-46, -55, -2, 1, 6, 4)
(-45, -57, -2, 1, 7, 5)
(-42, -58, -1, 4, 13, 6)
(-46, -53, -1, 4, 28, 6)
(-50, -52, -2, 1, 28, 6)
(-51, -52, -3, 0, 23, 4)
(-53, -54, -4, -2, 16, 3)
(-50, -56, -5, -3, 8, 2)
(-48, -57, -5, -2, 4, 0)
(-46, -56, -5, -1, 3, 0)
(-43, -56, -6, 0, 5, 1)
(-44, -55, -7, 0, 9, 3)
(-44, -54, -6, 1, 17, 6)
(-48, -53, -6, 2, 29, 10)
(-57, -50, -7, 1, 40, 13)
(-78, -41, -12, -2, 47, 13)
(-103, -36, -15, -9, 40, 15)
(-114, -35, -16, -7, 37, 16)
(-112, -32, -20, 0, 48, 5)
(-112, -29, -29, 10, 67, -19)
(-123, -32, -34, 17, 75, -57)
(-127, -29, -38, 37, 54, -95)
(-127, -12, -35, 49, 18, -122)
(-116, 1, -31, 52, -10, -127)
(-92, 7, -26, 58, -18, -127)
(-75, 15, -16, 64, -7, -127)
(-68, 23, -8, 65, 0, -127)
(-65, 28, -6, 57, -6, -127)
(-55, 31, -4, 49, -23, -127)
(-45, 34, -3, 46, -42, -127)
(-30, 35, -4, 48, -62, -127)
(5, 52, 0, 57, -65, -127)
(26, 66, 3, 51, -36, -127)
(59, 75, 3, 35, 10, -127)
(84, 72, -2, 23, 49, -127)
(95, 59, -7, 7, 46, -127)
(110, 38, -8, 2, 35, -127)
(127, 27, 4, 23, 14, -127)
(127, 42, 23, 53, -20, -127)
(127, 74, 24, 42, -38, -127)
(127, 83, 18, 13, -45, -120)
(127, 61, 8, -17, -40, -56)
(127, 16, 19, -15, -15, 0)
(127, 1, 27, 21, 10, 52)
(127, 27, 29, 37, 4, 102)
(127, 37, 36, 34, 0, 127)
(127, 51, 37, 20, 17, 127)
(127, 47, 34, 0, 27, 127)
(117, 37, 34, -10, 22, 127)
(93, 34, 33, -15, 8, 127)
(79, 33, 29, -20, -6, 127)
(71, 33, 28, -25, -11, 127)
(58, 31, 25, -27, -14, 127)
(43, 37, 24, -27, -10, 127)
(29, 47, 24, -28, 2, 127)
(11, 50, 22, -34, 14, 127)
(-4, 48, 20, -39, 22, 127)
(-10, 43, 15, -41, 30, 127)
(-12, 41, 11, -42, 41, 127)
(-15, 42, 3, -46, 53, 127)
(-20, 45, -4, -51, 60, 127)
(-32, 49, -12, -61, 62, 127)
(-59, 54, -25, -71, 38, 127)
(-79, 46, -44, -95, 5, 127)
(-94, 25, -51, -108, -9, 127)
(-98, 2, -45, -89, -17, 127)
BatchID:  8




(-61, -42, -2, 4, 14, 3)
(-69, -43, -1, 5, 10, 1)
(-67, -47, 2, 9, -2, -2)
(-61, -46, 2, 10, -7, -6)
(-53, -44, 1, 9, -5, -9)
(-53, -40, 1, 5, 0, -10)
(-55, -41, 2, 1, 2, -9)
(-57, -45, 2, 0, 1, -9)
(-59, -49, 4, 1, -3, -10)
(-54, -50, 3, 2, -4, -11)
(-50, -45, 2, 2, 0, -11)
(-51, -44, 0, 0, 2, -11)
(-50, -45, 0, 0, 3, -10)
(-51, -49, 1, 0, 3, -10)
(-50, -50, 2, 3, 2, -11)
(-49, -48, 0, 3, 1, -11)
(-50, -49, 1, 3, 2, -8)
(-51, -48, 1, 6, 9, -1)
(-53, -45, 1, 9, 28, 8)
(-62, -44, 0, 12, 55, 15)
(-84, -34, -1, 13, 76, 13)
(-127, -20, -13, 6, 62, -17)
(-127, -12, -18, 8, 38, -39)
(-127, -8, -23, 11, 19, -66)
(-127, -8, -24, 24, 18, -98)
(-126, -1, -28, 43, 11, -127)
(-118, 8, -30, 55, -4, -127)
(-110, 12, -29, 62, -31, -127)
(-91, 17, -22, 68, -62, -127)
(-67, 26, -18, 72, -85, -127)
(-46, 34, -14, 70, -98, -127)
(-28, 40, -9, 65, -100, -127)
(-15, 45, -3, 62, -96, -127)
(-7, 54, 0, 62, -93, -127)
(0, 65, 3, 56, -88, -127)
(9, 71, 4, 47, -77, -127)
(18, 75, 10, 35, -65, -127)
(35, 75, 12, 24, -57, -127)
(69, 74, 8, 17, -41, -127)
(108, 78, 5, 0, -15, -127)
(124, 66, 12, -24, -9, -127)
(127, 50, 22, -27, -22, -127)
(127, 58, 17, -26, -27, -127)
(127, 70, 3, -47, -25, -127)
(127, 61, -6, -77, -25, -127)
(127, 41, -11, -94, -23, -89)
(127, 19, -22, -84, -10, -44)
(127, 9, -29, -60, -9, 4)
(127, 0, -29, -32, -14, 51)
(127, -7, -21, 2, -20, 94)
(127, -6, -10, 46, -23, 127)
(127, 9, -3, 78, -16, 127)
(127, 30, 0, 83, -1, 127)
(127, 42, 4, 67, 16, 127)
(111, 40, 13, 45, 24, 127)
(85, 30, 22, 30, 19, 127)
(70, 26, 23, 22, 13, 127)
(57, 23, 23, 16, 5, 127)
(45, 22, 26, 16, -3, 127)
(39, 24, 24, 17, -5, 127)
(31, 26, 24, 19, 0, 127)
(23, 31, 23, 19, 14, 127)
(20, 36, 20, 18, 34, 127)
(16, 42, 14, 14, 61, 127)
(10, 49, 8, 7, 90, 127)
(3, 56, 0, -4, 116, 127)
(-3, 61, -12, -22, 127, 127)
(-16, 61, -24, -46, 127, 127)
(-36, 56, -35, -73, 127, 127)
(-73, 41, -43, -82, 120, 127)
(-118, 30, -46, -73, 40, 127)
BatchID:  9




(-45, -52, -6, 4, -3, -2)
(-42, -51, -5, 3, -3, -1)
(-40, -50, -5, 2, 0, 0)
(-42, -50, -6, 0, 4, 4)
(-45, -52, -6, 0, 4, 5)
(-47, -53, -8, 0, 3, 6)
(-47, -52, -6, 2, 2, 4)
(-48, -50, -6, 3, 0, 3)
(-47, -49, -6, 0, -2, 4)
(-47, -49, -7, 0, 0, 4)
(-48, -49, -6, 0, 2, 5)
(-52, -49, -6, 0, 4, 4)
(-55, -48, -4, 0, 2, 4)
(-53, -47, -4, -3, 0, 1)
(-52, -46, -2, -8, 2, -2)
(-55, -47, -3, -22, 13, -4)
(-60, -52, -8, -23, 17, 0)
(-69, -50, -15, -18, 16, 2)
(-76, -49, -22, -14, 16, 4)
(-87, -47, -25, -6, 22, 6)
(-98, -48, -30, 6, 30, 10)
(-108, -41, -31, 26, 44, 13)
(-116, -22, -32, 39, 62, 6)
(-126, -11, -35, 46, 77, -11)
(-127, -6, -38, 52, 83, -37)
(-127, -1, -40, 62, 72, -68)
(-127, 2, -36, 72, 54, -102)
(-124, 5, -29, 85, 36, -127)
(-109, 14, -18, 101, 17, -127)
(-89, 26, -8, 111, 2, -127)
(-70, 35, 0, 112, -6, -127)
(-56, 43, 5, 106, -13, -127)
(-47, 49, 8, 97, -25, -127)
(-38, 52, 12, 87, -42, -127)
(-27, 56, 17, 78, -64, -127)
(-9, 58, 19, 71, -84, -127)
(21, 59, 18, 65, -84, -127)
(68, 66, 19, 54, -40, -127)
(90, 63, 23, 38, 25, -127)
(92, 51, 26, 29, 47, -127)
(111, 45, 22, 23, 37, -127)
(127, 46, 22, 15, 14, -127)
(127, 43, 20, 5, -20, -127)
(127, 28, 19, 0, -43, -127)
(127, 20, 16, 12, -21, -110)
(127, 12, 20, 18, 11, -74)
(127, 4, 26, 28, 28, -34)
(127, 7, 31, 36, 12, 4)
(127, 8, 37, 40, -12, 44)
(127, 11, 42, 43, -25, 82)
(127, 13, 44, 43, -22, 118)
(127, 20, 46, 38, -7, 127)
(127, 24, 47, 27, 6, 127)
(127, 24, 46, 15, 7, 127)
(111, 24, 42, 2, -1, 127)
(93, 19, 36, -7, -17, 127)
(78, 18, 36, -6, -28, 127)
(66, 23, 34, 0, -25, 127)
(54, 33, 34, 6, -9, 127)
(40, 46, 35, 5, 12, 127)
(25, 63, 36, -8, 38, 127)
(7, 72, 28, -32, 61, 127)
(-9, 69, 19, -58, 70, 127)
(-26, 61, 11, -73, 66, 127)
(-38, 59, 3, -81, 55, 127)
(-43, 53, -7, -89, 47, 127)
(-57, 46, -17, -88, 39, 127)
(-80, 32, -26, -90, 13, 127)
(-96, 14, -28, -87, -11, 127)
(-100, 0, -25, -69, -36, 127)
BatchID:  10




(-44, -54, -1, 11, 18, 11)
(-48, -53, 0, 13, 19, 13)
(-50, -52, 0, 14, 14, 12)
(-48, -47, 2, 10, 12, 8)
(-48, -49, 3, 5, 13, 5)
(-49, -52, 4, 3, 15, 4)
(-50, -51, 2, 2, 14, 6)
(-50, -51, 2, 1, 14, 6)
(-51, -52, 1, 1, 13, 5)
(-54, -52, 1, 0, 12, 4)
(-55, -52, 0, 0, 9, 3)
(-53, -51, 0, 0, 7, 1)
(-52, -52, 0, 0, 8, 0)
(-55, -51, 0, -1, 8, -1)
(-55, -47, -2, 0, 18, 3)
(-58, -45, -5, 0, 32, 9)
(-70, -36, -11, 2, 54, 15)
(-89, -29, -15, 1, 68, 17)
(-103, -33, -16, 3, 69, 7)
(-115, -34, -20, 14, 55, -19)
(-119, -32, -23, 25, 34, -49)
(-112, -26, -25, 36, 18, -76)
(-101, -19, -25, 46, 7, -98)
(-91, -17, -23, 53, 2, -114)
(-84, -16, -17, 63, 0, -127)
(-75, -14, -12, 73, -4, -127)
(-63, -13, -8, 82, -1, -127)
(-56, -12, -5, 91, 1, -127)
(-51, -7, -4, 97, -1, -127)
(-44, -2, 0, 96, -10, -127)
(-36, 0, 3, 94, -22, -127)
(-26, 2, 7, 90, -37, -127)
(-16, 4, 8, 83, -50, -127)
(-3, 6, 10, 73, -61, -127)
(7, 6, 9, 62, -67, -127)
(16, 6, 9, 56, -73, -127)
(25, 6, 9, 52, -86, -127)
(39, 15, 5, 52, -101, -127)
(61, 28, 3, 41, -101, -127)
(83, 32, 1, 19, -84, -127)
(115, 23, 0, -7, -62, -127)
(127, 5, 4, -12, -35, -127)
(127, -10, 3, 2, 10, -127)
(127, -9, 8, 32, 35, -127)
(127, 7, 15, 36, 0, -127)
(127, 9, 15, 24, -50, -119)
(127, -5, 22, 30, -79, -89)
(127, -3, 24, 42, -76, -57)
(127, 5, 24, 35, -53, -16)
(127, 4, 25, 21, -28, 33)
(127, -7, 28, 20, -9, 77)
(127, -1, 31, 29, 5, 116)
(127, 12, 29, 23, 10, 127)
(127, 18, 28, 11, 6, 127)
(127, 20, 26, -1, -2, 127)
(120, 21, 26, -10, -8, 127)
(101, 23, 28, -13, -10, 127)
(82, 22, 31, -9, -9, 127)
(55, 33, 34, 7, 18, 127)
(41, 45, 30, 10, 43, 127)
(27, 65, 28, -3, 74, 127)
(12, 70, 19, -27, 97, 127)
(-3, 66, 7, -53, 107, 127)
(-27, 47, -8, -89, 106, 127)
(-35, 36, -13, -95, 96, 127)
(-40, 25, -19, -96, 80, 127)
(-53, 22, -21, -90, 62, 127)
BatchID:  11




(-56, -51, -2, 0, 4, -3)
(-55, -52, -4, 1, 3, -4)
(-53, -51, -3, 3, 6, -4)
(-53, -49, -5, 4, 9, -5)
(-55, -49, -5, 5, 7, -7)
(-56, -49, -6, 4, 4, -9)
(-54, -52, -3, 5, 2, -11)
(-53, -50, -3, 6, 1, -13)
(-51, -50, -4, 5, 5, -11)
(-50, -49, -6, 6, 14, -8)
(-55, -50, -7, 6, 22, -4)
(-58, -49, -8, 9, 29, -1)
(-63, -48, -9, 12, 36, -1)
(-68, -43, -9, 13, 43, -3)
(-76, -42, -12, 13, 45, -9)
(-84, -41, -16, 12, 41, -18)
(-91, -39, -19, 13, 31, -29)
(-93, -33, -20, 15, 21, -40)
(-90, -32, -24, 18, 15, -51)
(-87, -30, -25, 27, 18, -64)
(-90, -26, -26, 36, 20, -78)
(-93, -17, -23, 50, 1, -121)
(-91, -12, -21, 57, -18, -127)
(-81, -7, -16, 61, -37, -127)
(-70, -2, -13, 64, -51, -127)
(-60, 4, -10, 66, -59, -127)
(-48, 10, -7, 62, -65, -127)
(-38, 13, -5, 57, -70, -127)
(-27, 20, -1, 56, -82, -127)
(-12, 23, 0, 61, -88, -127)
(-2, 29, 0, 68, -82, -127)
(4, 38, 3, 76, -71, -127)
(16, 50, 6, 81, -58, -127)
(35, 68, 7, 78, -39, -127)
(63, 89, 13, 55, -19, -127)
(95, 91, 15, 15, -10, -127)
(127, 78, 11, -4, 6, -127)
(127, 66, 14, -11, 45, -127)
(127, 62, 23, -2, 42, -127)
(127, 67, 26, 1, 0, -127)
(127, 73, 22, -3, -44, -127)
(127, 68, 8, -20, -64, -91)
(127, 53, 0, -33, -55, -41)
(127, 33, 3, -20, -16, 10)
(127, 26, 7, 10, 13, 63)
(127, 36, 6, 32, 21, 109)
(127, 43, 8, 48, 20, 127)
(127, 49, 11, 58, 21, 127)
(127, 59, 14, 58, 23, 127)
(127, 66, 18, 49, 22, 127)
(113, 68, 20, 30, 20, 127)
(94, 61, 20, 9, 15, 127)
(78, 50, 24, 0, 5, 127)
(64, 43, 27, 1, -1, 127)
(50, 43, 29, 10, -1, 127)
(38, 48, 27, 20, 5, 127)
(23, 62, 21, 22, 46, 127)
(15, 72, 18, 2, 79, 127)
(6, 70, 11, -25, 108, 127)
(-3, 59, 3, -49, 127, 127)
(-9, 52, -2, -58, 127, 127)
(-13, 50, -11, -59, 127, 127)
(-45, 62, -25, -81, 127, 127)
(-93, 64, -35, -107, 127, 127)
(-127, 56, -44, -127, 56, 127)
BatchID:  12




(-45, -39, -10, -12, -10, -3)
(-40, -51, -7, -19, -9, -3)
(-37, -61, -8, -15, -3, -4)
(-39, -61, -10, -4, 8, -3)
(-45, -55, -11, 3, 13, 0)
(-46, -50, -12, 3, 11, 4)
(-47, -51, -12, 3, 9, 8)
(-48, -56, -10, 6, 5, 7)
(-48, -54, -9, 10, 4, 4)
(-51, -51, -6, 10, 2, 3)
(-51, -50, -8, 7, 0, 3)
(-51, -48, -11, 7, 2, 3)
(-51, -48, -9, 7, 7, 4)
(-53, -50, -7, 4, 6, 5)
(-52, -50, -9, 4, 7, 5)
(-54, -52, -11, 5, 11, 5)
(-55, -48, -14, 10, 18, 7)
(-60, -48, -14, 12, 24, 10)
(-66, -49, -18, 19, 27, 12)
(-78, -43, -22, 30, 29, 8)
(-87, -36, -22, 33, 27, 1)
(-96, -35, -21, 33, 25, -6)
(-96, -31, -22, 38, 32, -14)
(-97, -27, -24, 45, 48, -23)
(-104, -22, -28, 54, 62, -39)
(-117, -18, -32, 66, 55, -62)
(-118, -8, -27, 83, 6, -112)
(-103, -4, -22, 94, -10, -127)
(-92, 1, -18, 103, -18, -127)
(-81, 10, -15, 107, -26, -127)
(-73, 16, -12, 103, -36, -127)
(-64, 22, -9, 95, -48, -127)
(-53, 24, -6, 87, -64, -127)
(-39, 22, -3, 82, -78, -127)
(-26, 24, 0, 84, -84, -127)
(-17, 30, 3, 87, -84, -127)
(-10, 39, 9, 89, -80, -127)
(-1, 49, 13, 89, -75, -127)
(12, 61, 15, 82, -70, -127)
(36, 80, 16, 64, -58, -127)
(64, 92, 15, 30, -44, -127)
(101, 82, 9, -4, -29, -127)
(127, 63, 10, -18, 2, -127)
(127, 47, 16, -5, 35, -127)
(127, 37, 21, 21, 51, -127)
(127, 49, 34, 37, 19, -127)
(127, 65, 35, 31, -34, -127)
(127, 68, 29, 15, -68, -91)
(127, 55, 21, 2, -69, -37)
(127, 39, 23, 2, -31, 13)
(127, 33, 30, 16, 15, 63)
(127, 40, 28, 28, 37, 107)
(127, 46, 30, 33, 40, 127)
(127, 50, 31, 32, 37, 127)
(111, 54, 33, 8, 19, 127)
(100, 50, 31, -8, 12, 127)
(90, 43, 30, -21, 6, 127)
(78, 36, 30, -26, 3, 127)
(68, 33, 30, -25, 4, 127)
(62, 34, 27, -24, 7, 127)
(49, 34, 28, -23, 11, 127)
(34, 35, 32, -16, 19, 127)
(23, 45, 36, -13, 32, 127)
(15, 54, 33, -18, 46, 127)
(7, 59, 28, -32, 62, 127)
(-2, 56, 23, -49, 77, 127)
(-9, 51, 15, -66, 92, 127)
(-15, 46, 7, -79, 111, 127)
(-23, 41, -2, -90, 126, 127)
(-37, 32, -17, -94, 127, 127)
BatchID:  13




(-47, -52, -4, -4, -5, 7)
(-44, -54, -6, -1, -1, 9)
(-46, -54, -5, 0, 0, 10)
(-48, -52, -4, 0, -2, 11)
(-47, -55, -2, 0, 0, 7)
(-48, -54, -4, 0, 2, 4)
(-50, -53, -4, 0, 1, 4)
(-50, -55, -4, 0, 0, 4)
(-51, -56, -4, 2, 0, 3)
(-49, -56, -1, 4, 2, 2)
(-47, -52, -1, 5, 5, 0)
(-49, -51, -1, 2, 8, 0)
(-50, -51, 0, -2, 5, 0)
(-52, -52, -2, -1, 0, 0)
(-49, -55, -3, -2, -2, 0)
(-47, -56, -1, 0, 0, 0)
(-45, -54, -1, 0, 3, 0)
(-45, -51, -2, -1, 6, 0)
(-48, -53, -3, -3, 5, 0)
(-44, -54, -5, -5, -5, -2)
(-42, -56, -6, -3, 0, 0)
(-45, -52, -7, 2, 9, 3)
(-50, -53, -7, 2, 8, 7)
(-51, -52, -9, 1, 9, 9)
(-55, -54, -9, 0, 12, 12)
(-59, -58, -6, 3, 17, 17)
(-61, -54, -6, 11, 33, 26)
(-67, -46, -15, 9, 57, 34)
(-118, -45, -25, 29, 85, 29)
(-127, -27, -26, 37, 82, 13)
(-127, -8, -28, 33, 68, -6)
(-127, -6, -36, 35, 70, -24)
(-127, -6, -49, 54, 92, -47)
(-127, -1, -59, 83, 93, -74)
(-127, 10, -58, 106, 76, -103)
(-127, 19, -46, 124, 46, -127)
(-121, 23, -28, 127, 16, -127)
(-100, 43, -11, 127, -11, -127)
(-83, 61, -7, 127, -40, -127)
(-67, 75, -8, 127, -69, -127)
(-48, 79, -5, 110, -89, -127)
(-31, 78, -1, 92, -103, -127)
(-14, 76, 1, 85, -112, -127)
(0, 75, 3, 79, -114, -127)
(17, 74, 5, 79, -106, -127)
(43, 83, 6, 79, -83, -127)
(70, 100, 9, 64, -46, -127)
(83, 104, 7, 28, -28, -127)
(96, 87, 7, -3, -8, -127)
(107, 73, 13, -6, 29, -127)
(119, 69, 22, 19, 45, -127)
(127, 82, 23, 37, 35, -127)
(127, 95, 28, 31, 9, -127)
(127, 99, 35, 16, -25, -127)
(127, 95, 33, 0, -48, -127)
(127, 81, 31, -9, -52, -78)
(127, 67, 29, -9, -34, -27)
(127, 55, 28, 0, 9, 23)
(127, 50, 23, 22, 43, 113)
(127, 50, 24, 33, 39, 127)
(127, 55, 27, 40, 25, 127)
(124, 63, 32, 38, 12, 127)
(115, 67, 35, 28, 7, 127)
(108, 67, 36, 9, 8, 127)
(99, 59, 35, -10, 10, 127)
(81, 48, 39, -22, 5, 127)
(68, 41, 37, -27, -6, 127)
(59, 37, 38, -26, -15, 127)
(49, 38, 41, -19, -15, 127)
(38, 40, 41, -14, -12, 127)
(30, 44, 42, -11, -3, 127)
(23, 53, 40, -14, 12, 127)
(18, 63, 35, -30, 33, 127)
(10, 66, 27, -51, 60, 127)
(-3, 62, 16, -68, 85, 127)
BatchID:  14





(11, -58, -44, -2, 0, -3)
(11, -57, -44, -2, 0, -1)
(11, -58, -44, -1, 1, -1)
(11, -58, -45, 0, 1, -1)
(10, -58, -45, 1, 0, -2)
(10, -58, -43, 3, -1, -1)
(10, -56, -43, 3, -1, -1)
(9, -56, -43, 2, -2, -1)
(11, -56, -43, 1, -2, -2)
(10, -58, -43, 1, -2, -2)
(11, -58, -42, 2, -1, -2)
(10, -57, -42, 0, 0, -2)
(11, -57, -42, 0, 0, -2)
(11, -57, -42, 0, 0, -2)
(11, -56, -42, -2, -1, -2)
(12, -58, -42, -5, -2, -2)
(14, -58, -44, -7, -2, -1)
(12, -61, -47, -12, 0, -1)
(11, -60, -51, -17, -1, 0)
(12, -61, -55, -27, -5, 1)
(17, -64, -63, -40, -9, 3)
(26, -63, -73, -46, -8, 5)
(33, -56, -86, -42, -1, 11)
(41, -47, -107, -50, 9, 20)
(44, -40, -127, -46, 23, 31)
(41, -31, -127, -46, 15, 39)
(38, -33, -127, -56, -4, 45)
(42, -41, -127, -34, -9, 53)
(38, -36, -127, -3, 7, 64)
(26, -35, -127, 25, 14, 75)
(-18, -50, -127, 116, -13, 88)
(-29, -45, -127, 127, -27, 84)
(-27, -31, -127, 127, -29, 70)
(-18, -14, -125, 127, -36, 56)
(-4, 8, -117, 127, -34, 37)
(2, 31, -111, 127, -26, 22)
(8, 65, -118, 127, -27, 8)
(27, 109, -127, 127, -10, 18)
(54, 127, -127, 127, 50, 44)
(52, 127, -127, 127, 100, 71)
(30, 127, -127, 127, 109, 98)
(-17, 127, -99, 127, 60, 127)
(-25, 127, -85, 127, 11, 127)
(-27, 127, -19, 127, -15, 127)
(-43, 127, 40, 127, -115, 127)
(-46, 127, 63, 127, -108, 127)
(-11, 93, 82, 127, -121, 91)
(53, 108, 77, 96, -60, -3)
(45, 100, 86, 34, 0, -64)
(33, 97, 84, -5, 16, -82)
(21, 88, 86, -12, 22, -62)
(10, 83, 88, -2, 1, -22)
(13, 72, 87, 17, -23, 9)
(17, 69, 92, 35, -38, 24)
(32, 79, 97, 41, -38, 25)
(39, 92, 106, 29, -22, 17)
(36, 94, 109, 3, -4, 6)
(30, 93, 105, -22, 10, -3)
(22, 88, 97, -48, 21, -9)
(13, 79, 85, -70, 26, -15)
(8, 69, 75, -88, 28, -22)
(10, 61, 70, -93, 28, -29)
(6, 64, 73, -87, 31, -35)
(-6, 72, 74, -85, 28, -34)
(-12, 77, 70, -93, 22, -35)
BatchID:  2




(7, -67, -29, 0, 0, 0)
(7, -67, -29, 0, 0, 0)
(7, -67, -30, 0, 0, 0)
(6, -67, -28, 0, 0, 0)
(5, -67, -28, -1, 0, 0)
(6, -67, -29, 0, 0, -1)
(7, -67, -29, 0, 0, -1)
(7, -67, -29, 0, 0, 0)
(7, -67, -29, 0, 0, 0)
(8, -67, -29, -1, 0, 0)
(7, -68, -29, -1, 1, 0)
(6, -68, -29, 0, 2, 1)
(7, -66, -29, 0, 1, 1)
(8, -66, -29, -2, 2, 1)
(7, -66, -29, -3, 4, 1)
(7, -65, -29, -6, 4, 0)
(6, -66, -30, -11, 2, 0)
(7, -68, -32, -18, 0, -1)
(8, -73, -36, -28, -4, -3)
(11, -75, -45, -46, -7, 0)
(30, -81, -76, -73, 14, 12)
(47, -77, -98, -63, 57, 19)
(44, -68, -127, -65, 90, 23)
(36, -52, -127, -72, 32, 0)
(39, -44, -127, -113, -28, 22)
(27, -75, -127, -92, -20, 52)
(35, -59, -127, 14, 6, 54)
(15, -44, -127, 51, 0, 48)
(-5, -40, -127, 92, -13, 51)
(-13, -38, -127, 127, -29, 54)
(-6, -28, -127, 127, -38, 56)
(2, 1, -105, 127, -60, 42)
(10, 23, -98, 127, -64, 21)
(24, 53, -108, 127, -52, 16)
(42, 99, -127, 127, -38, 20)
(66, 127, -127, 127, -2, 62)
(65, 127, -127, 127, 28, 126)
(13, 127, -93, 127, -88, 127)
(43, 127, -58, 127, -76, 127)
(48, 127, -4, 127, -104, 127)
(15, 127, 25, 127, -67, 127)
(-21, 127, 125, 127, -40, 127)
(-38, 127, 90, 127, -26, 63)
(-1, 110, 98, 75, -28, -22)
(27, 107, 83, -7, -10, -93)
(30, 99, 73, -52, 0, -117)
(37, 87, 74, -63, 6, -98)
(33, 84, 82, -44, -3, -46)
(36, 80, 93, -11, -31, 4)
(42, 72, 99, 16, -46, 24)
(48, 73, 104, 31, -43, 24)
(58, 86, 111, 23, -18, 7)
(58, 97, 114, 0, 11, -11)
(40, 106, 116, -32, 34, -23)
(25, 112, 108, -65, 40, -31)
(13, 112, 90, -97, 39, -37)
(1, 110, 71, -127, 34, -42)
(-3, 102, 52, -127, 29, -50)
(0, 97, 34, -127, 32, -64)
(5, 92, 22, -127, 44, -82)
(5, 81, 17, -127, 56, -95)
(0, 75, 19, -127, 59, -102)
(-7, 72, 19, -127, 51, -97)
(-11, 64, 18, -127, 39, -89)
(-12, 55, 18, -127, 27, -84)
(-7, 39, 18, -127, 23, -82)
BatchID:  3




(7, -71, -37, -11, 2, -2)
(6, -70, -37, -7, 6, -1)
(3, -68, -37, -5, 8, -1)
(2, -67, -37, -4, 7, -2)
(1, -65, -36, -4, 4, -3)
(0, -63, -35, -6, 2, -3)
(3, -64, -34, -8, 0, -3)
(4, -65, -35, -8, 0, -3)
(6, -65, -35, -6, 5, -3)
(3, -65, -34, -4, 9, -3)
(2, -63, -33, -3, 9, -3)
(2, -61, -34, -5, 8, -4)
(4, -61, -34, -6, 6, -4)
(3, -63, -34, -6, 4, -4)
(4, -63, -31, -5, 2, -4)
(7, -64, -30, -4, 1, -5)
(9, -61, -31, -6, 2, -5)
(11, -61, -33, -10, 3, -4)
(11, -61, -36, -15, 3, -2)
(11, -61, -40, -26, 0, -1)
(12, -68, -47, -42, -3, -1)
(15, -76, -59, -53, -6, 3)
(24, -82, -75, -48, 1, 10)
(35, -74, -97, -41, 27, 14)
(41, -54, -124, -61, 37, -6)
(35, -42, -127, -111, -15, -15)
(35, -64, -127, -127, -45, 0)
(29, -91, -127, -88, -41, 27)
(29, -78, -127, -17, -34, 44)
(31, -50, -127, 30, -1, 54)
(24, -26, -127, 63, 24, 51)
(16, -11, -127, 94, 25, 39)
(2, -6, -127, 127, 0, 30)
(-1, -8, -127, 127, -29, 31)
(14, -16, -127, 127, -44, 34)
(30, -14, -127, 127, -51, 42)
(39, -7, -127, 127, -56, 57)
(51, 13, -127, 127, -49, 74)
(64, 69, -127, 127, -14, 71)
(78, 127, -127, 127, 21, 77)
(89, 127, -127, 127, 92, 111)
(55, 127, -127, 127, 127, 127)
(-6, 127, -102, 127, 45, 127)
(-61, 127, -24, 127, 54, 127)
(-87, 127, 59, 127, -67, 127)
(-102, 82, 116, 127, -119, 127)
(-44, 84, 104, 127, -127, 127)
(58, 121, 78, 2, -61, 16)
(12, 76, 84, -70, -5, -64)
(30, 70, 72, -115, -8, -120)
(42, 68, 74, -118, 11, -127)
(36, 67, 90, -56, 32, -77)
(27, 48, 95, -28, 4, -17)
(18, 48, 100, -3, -3, 9)
(4, 46, 105, -2, -14, 9)
(9, 54, 105, -8, -19, -3)
(14, 78, 106, -27, -6, -21)
(12, 93, 99, -59, 3, -35)
(5, 101, 90, -95, 15, -45)
(-3, 92, 75, -127, 19, -53)
(0, 81, 63, -127, 27, -65)
(5, 76, 55, -127, 36, -79)
(8, 70, 48, -127, 44, -90)
(11, 62, 40, -127, 57, -95)
(13, 52, 32, -127, 71, -96)
(-3, 30, 20, -127, 85, -87)
(-12, 18, 16, -127, 76, -77)
(-20, 2, 15, -127, 63, -68)
(-24, -8, 14, -127, 47, -63)
BatchID:  4




(-2, -69, -29, -3, 1, 1)
(-2, -69, -29, -2, 0, 1)
(-2, -69, -29, 0, 0, 2)
(-3, -68, -30, 0, 0, 2)
(-3, -67, -29, 0, 0, 1)
(-2, -66, -30, -1, 0, 0)
(-3, -65, -29, -4, 0, 0)
(-3, -67, -30, -6, -3, 0)
(-2, -69, -31, -6, -3, 0)
(-1, -69, -31, -4, 0, 0)
(-1, -68, -31, -3, 2, 0)
(-2, -65, -30, -4, 4, 0)
(-3, -63, -30, -8, 3, 0)
(-3, -64, -30, -12, 0, -2)
(-2, -65, -31, -15, -2, -3)
(-1, -66, -33, -18, -4, -4)
(0, -68, -35, -23, -7, -4)
(4, -68, -45, -42, -3, -2)
(9, -66, -54, -55, 3, -4)
(14, -67, -64, -64, 11, -8)
(17, -68, -80, -62, 20, -10)
(17, -68, -100, -58, 27, -8)
(21, -63, -127, -75, -23, -11)
(28, -77, -127, -77, -39, -6)
(29, -88, -127, -39, -30, 7)
(31, -78, -127, 6, -13, 24)
(27, -63, -127, 41, 8, 35)
(18, -48, -127, 67, 21, 37)
(4, -42, -127, 88, 10, 35)
(-4, -48, -127, 115, -17, 34)
(3, -41, -127, 127, -63, 36)
(14, -40, -115, 127, -83, 36)
(23, -34, -96, 127, -89, 38)
(32, -19, -80, 127, -82, 44)
(50, 19, -85, 127, -44, 47)
(69, 92, -127, 127, 2, 50)
(89, 127, -127, 127, 31, 67)
(80, 127, -127, 127, 89, 95)
(13, 127, -73, 127, 127, 115)
(-9, 127, -50, 127, 124, 127)
(-45, 127, -11, 127, 74, 127)
(-123, 127, 30, 127, 25, 127)
(-127, 90, 58, 127, -76, 127)
(-77, 48, 58, 127, -127, 127)
(92, 127, 47, 18, -125, 22)
(41, 50, 76, -5, 11, -56)
(10, 69, 77, -67, -7, -103)
(21, 82, 59, -116, -5, -111)
(17, 66, 56, -108, 4, -86)
(9, 58, 65, -73, 4, -40)
(3, 47, 65, -35, -12, 7)
(2, 43, 74, 0, -28, 28)
(0, 50, 82, 11, -38, 25)
(8, 56, 87, 6, -44, 11)
(23, 65, 91, -6, -26, -3)
(25, 69, 92, -25, 1, -19)
(22, 75, 88, -45, 21, -34)
(12, 79, 79, -63, 39, -42)
(-4, 82, 70, -80, 45, -47)
(-18, 81, 60, -105, 41, -53)
(-23, 80, 46, -127, 32, -63)
(-18, 75, 27, -127, 28, -77)
(6, 63, 8, -127, 66, -114)
(3, 53, 8, -127, 83, -127)
BatchID:  5




(-10, -69, -25, -1, 5, 0)
(-11, -70, -24, 0, 3, 0)
(-10, -68, -24, 0, 1, 0)
(-10, -68, -24, -2, 0, 0)
(-9, -69, -24, -2, 0, -1)
(-9, -68, -24, -3, 0, -1)
(-9, -68, -25, -5, 0, -1)
(-8, -69, -26, -6, 0, -2)
(-7, -71, -28, -6, 2, -3)
(-7, -72, -29, -3, 3, -3)
(-7, -71, -30, 0, 4, -1)
(-7, -69, -31, 1, 6, 0)
(-7, -67, -30, 2, 7, 1)
(-10, -66, -28, 2, 7, 1)
(-11, -67, -27, 2, 3, 0)
(-11, -68, -27, 2, 0, -2)
(-9, -67, -26, 0, -2, -5)
(-8, -66, -27, -5, -4, -8)
(-7, -68, -27, -13, -6, -9)
(-7, -71, -29, -26, -7, -10)
(-8, -89, -43, -60, -10, -15)
(-2, -91, -55, -81, -12, -18)
(10, -87, -68, -100, -3, -25)
(18, -83, -86, -104, 12, -36)
(19, -82, -108, -127, 14, -56)
(17, -75, -127, -118, -5, -67)
(17, -61, -127, -113, -31, -58)
(31, -62, -127, -97, -44, -33)
(37, -59, -127, -50, -38, -5)
(42, -44, -127, 3, -13, 25)
(33, -33, -127, 53, 0, 43)
(13, -29, -127, 100, -15, 44)
(-3, -36, -127, 127, -47, 39)
(-8, -36, -127, 127, -83, 31)
(4, -23, -122, 127, -103, 26)
(33, 24, -97, 127, -97, 17)
(53, 56, -100, 127, -84, 20)
(82, 110, -127, 127, -32, 21)
(103, 127, -127, 127, 66, 42)
(72, 127, -127, 127, 118, 88)
(-24, 127, -18, 127, 58, 127)
(-35, 127, -3, 127, 4, 127)
(-52, 127, -3, 127, -32, 127)
(-76, 127, -1, 127, -34, 127)
(-72, 100, 52, 127, -74, 127)
(-53, 103, 40, 127, -127, 127)
(30, 117, 72, 127, -103, 51)
(22, 106, 98, 39, -39, -20)
(15, 93, 86, -26, -32, -56)
(26, 88, 77, -60, -2, -80)
(19, 86, 73, -67, 2, -72)
(12, 85, 75, -55, 0, -50)
(5, 80, 80, -36, -8, -20)
(6, 74, 87, -21, -27, 5)
(14, 76, 98, -27, -38, 9)
(28, 80, 93, -48, -22, -7)
(34, 84, 87, -71, 8, -27)
(26, 82, 82, -92, 35, -43)
(9, 86, 73, -108, 56, -53)
(-21, 76, 53, -127, 46, -63)
(-19, 64, 41, -127, 36, -74)
(-6, 59, 34, -127, 39, -90)
(-1, 57, 32, -127, 52, -105)
BatchID:  6




(-7, -70, -27, 0, -11, -3)
(-5, -69, -26, 0, -8, -5)
(-6, -68, -26, 1, -7, -5)
(-4, -69, -25, 1, -5, -4)
(-5, -68, -26, 1, -1, -3)
(-7, -68, -25, 0, 0, -3)
(-9, -68, -25, 0, -1, -3)
(-10, -67, -24, -1, -4, -3)
(-8, -66, -24, -4, -8, -3)
(-6, -66, -24, -7, -8, -4)
(-5, -67, -25, -8, -6, -3)
(-7, -68, -26, -8, -3, -2)
(-8, -69, -28, -6, -1, -1)
(-8, -69, -28, -3, 0, -2)
(-10, -68, -27, -1, -1, -4)
(-9, -65, -26, -5, -5, -6)
(-8, -66, -27, -7, -8, -7)
(-6, -67, -26, -9, -10, -8)
(-5, -67, -25, -10, -9, -9)
(-3, -68, -26, -11, -8, -8)
(-3, -69, -27, -12, -6, -7)
(-3, -71, -28, -12, -6, -6)
(-2, -70, -29, -11, -5, -7)
(-2, -70, -28, -11, -4, -7)
(-2, -69, -29, -13, -3, -7)
(-2, -68, -31, -18, -3, -7)
(-2, -69, -35, -30, -3, -8)
(-2, -78, -41, -46, -4, -9)
(4, -95, -65, -60, 0, -10)
(10, -89, -78, -53, 8, -11)
(24, -77, -103, -57, 26, -8)
(31, -65, -127, -63, 42, -9)
(27, -67, -127, -58, 23, -10)
(26, -65, -127, -66, -4, -7)
(12, -98, -127, 7, -9, 12)
(11, -86, -127, 69, 4, 20)
(1, -63, -127, 127, 12, 25)
(-6, -46, -127, 127, -5, 29)
(-6, -30, -127, 127, -21, 29)
(-1, -8, -127, 127, -30, 31)
(17, 36, -107, 127, -49, 31)
(33, 76, -111, 127, -26, 20)
(50, 123, -127, 127, 13, 35)
(57, 127, -127, 127, 54, 53)
(51, 127, -120, 127, 87, 70)
(22, 127, -91, 127, 93, 96)
(9, 127, -84, 127, 80, 115)
(-4, 127, -59, 127, 85, 127)
(-30, 127, -18, 127, 45, 127)
(-62, 127, -1, 127, 0, 127)
(-84, 127, 7, 127, -36, 127)
(-65, 70, 73, 127, -121, 127)
(-20, 93, 68, 127, -127, 127)
(63, 121, 64, 103, -83, 64)
(35, 99, 86, 31, -34, -16)
(44, 95, 71, -16, -5, -59)
(37, 92, 67, -28, 33, -79)
(20, 94, 66, -30, 31, -73)
(16, 95, 69, -20, 20, -50)
(12, 91, 74, -7, 4, -18)
(8, 86, 80, 3, -13, 9)
(9, 86, 83, 6, -28, 26)
(15, 93, 86, -2, -34, 32)
(21, 95, 87, -22, -27, 24)
(26, 94, 86, -47, -12, 4)
(29, 94, 80, -70, 11, -21)
(20, 96, 73, -89, 34, -42)
(3, 102, 65, -112, 45, -55)
(-11, 100, 52, -127, 45, -62)
BatchID:  7




(-7, -67, -28, -4, -1, -1)
(-6, -68, -29, -5, 0, -1)
(-7, -69, -29, -5, 0, -1)
(-6, -71, -29, -3, 1, -1)
(-6, -70, -30, -1, 1, -2)
(-5, -69, -30, 0, 0, -2)
(-5, -69, -29, 0, -2, -3)
(-4, -68, -28, -2, -4, -3)
(-4, -69, -29, -4, -6, -3)
(-4, -69, -29, -5, -6, -1)
(-4, -68, -30, -7, -6, 0)
(-5, -69, -29, -7, -4, 0)
(-6, -68, -30, -6, -1, 1)
(-8, -67, -30, -6, 1, 2)
(-9, -66, -30, -7, 3, 1)
(-9, -66, -31, -13, 3, -5)
(-11, -69, -32, -18, 0, -9)
(-11, -73, -35, -25, -3, -14)
(-9, -83, -36, -33, -6, -20)
(-10, -91, -42, -45, -10, -26)
(-4, -93, -57, -64, -5, -22)
(3, -88, -74, -83, 16, -10)
(11, -87, -87, -80, 45, -4)
(12, -79, -112, -77, 67, -8)
(4, -69, -127, -89, 59, -24)
(1, -63, -127, -99, 4, -38)
(17, -64, -127, -87, -26, -38)
(27, -57, -127, -50, -18, -32)
(35, -38, -127, -12, -10, -22)
(33, -30, -127, 20, -3, 0)
(21, -31, -127, 72, 6, 26)
(11, -29, -127, 127, 12, 46)
(5, -12, -127, 127, 7, 49)
(2, 4, -127, 127, -11, 46)
(9, 28, -123, 127, -28, 35)
(13, 52, -127, 127, -45, 20)
(11, 65, -127, 127, -81, 6)
(18, 73, -122, 127, -97, 8)
(33, 86, -116, 127, -84, 21)
(49, 116, -125, 127, -74, 38)
(59, 127, -127, 127, -72, 70)
(54, 127, -127, 127, -52, 122)
(59, 127, -127, 127, -18, 123)
(43, 127, -60, 127, 3, 122)
(46, 127, 9, 127, 23, 119)
(13, 127, 44, 127, 51, 127)
(-38, 127, 127, 127, 39, 127)
(-35, 127, 109, 127, 25, 89)
(-31, 127, 108, 48, 12, 23)
(-23, 110, 95, -33, -18, -34)
(0, 96, 80, -67, -38, -79)
(32, 101, 74, -42, -35, -101)
(36, 98, 82, -24, -27, -71)
(39, 83, 88, -10, -18, -43)
(42, 78, 94, 4, -5, -12)
(19, 87, 100, 0, -6, 11)
(0, 87, 101, -27, -26, 23)
(13, 85, 81, -97, -58, 12)
(32, 74, 69, -123, -43, -4)
(45, 62, 61, -127, -8, -24)
(40, 55, 60, -127, 30, -41)
(19, 57, 60, -127, 51, -50)
(3, 58, 53, -127, 54, -51)
(0, 61, 44, -127, 59, -54)
(0, 55, 33, -127, 67, -62)
(1, 40, 30, -127, 83, -72)
(-8, 30, 32, -127, 93, -80)
BatchID:  8




(-12, -66, -28, -12, 1, -4)
(-12, -67, -27, -14, 1, -4)
(-12, -69, -28, -15, 0, -4)
(-11, -70, -29, -13, 1, -4)
(-11, -71, -30, -10, 2, -4)
(-11, -71, -30, -7, 2, -4)
(-11, -69, -30, -5, 3, -3)
(-11, -68, -29, -5, 3, -2)
(-10, -68, -28, -5, 3, -2)
(-11, -69, -29, -5, 4, -2)
(-12, -69, -28, -5, 4, -2)
(-14, -71, -27, -5, 4, -1)
(-13, -71, -26, -4, 4, -1)
(-13, -71, -27, -3, 6, -1)
(-11, -70, -28, -2, 9, -3)
(-12, -69, -27, -3, 11, -6)
(-12, -67, -26, -5, 8, -9)
(-8, -65, -27, -12, 4, -14)
(-4, -67, -28, -20, 2, -19)
(-3, -72, -31, -28, 0, -24)
(-3, -76, -35, -38, -5, -27)
(0, -78, -46, -58, -9, -25)
(6, -82, -61, -73, -7, -17)
(9, -86, -77, -80, 0, -6)
(20, -82, -97, -66, 26, -6)
(25, -65, -125, -61, 60, -22)
(17, -47, -127, -99, 31, -49)
(15, -74, -127, -117, -30, -51)
(14, -96, -127, -77, -29, -36)
(20, -77, -127, -20, -10, -14)
(33, -52, -127, 16, 10, 5)
(32, -39, -127, 46, 25, 23)
(18, -32, -127, 92, 19, 33)
(6, -21, -127, 127, 7, 32)
(13, -6, -127, 127, -17, 22)
(29, 8, -127, 127, -39, 19)
(41, 25, -127, 127, -59, 31)
(51, 43, -127, 127, -74, 52)
(66, 85, -127, 127, -57, 58)
(81, 127, -127, 127, -6, 72)
(71, 127, -127, 127, 35, 97)
(50, 127, -127, 127, 61, 127)
(-21, 127, -127, 127, 15, 127)
(-80, 127, -28, 127, -30, 127)
(-79, 127, 34, 127, -85, 127)
(-57, 127, 72, 127, -127, 127)
(20, 103, 127, 127, -107, 127)
(18, 101, 112, 102, -14, 42)
(15, 103, 109, 34, 39, -54)
(17, 93, 101, 0, 69, -114)
(8, 83, 92, -1, 85, -127)
(-11, 75, 106, 16, 58, -115)
(-14, 69, 112, 25, 29, -71)
(-14, 74, 114, 32, 9, -18)
(-1, 84, 110, 33, -15, 24)
(-9, 85, 119, 30, -22, 40)
(-8, 92, 118, 7, -39, 40)
(4, 94, 112, -19, -32, 25)
(8, 94, 103, -44, -10, 5)
(1, 97, 94, -69, 12, -13)
(-14, 101, 81, -97, 28, -31)
(-27, 100, 65, -127, 32, -47)
(-32, 95, 48, -127, 33, -61)
(-33, 89, 33, -127, 34, -76)
(-28, 80, 20, -127, 30, -90)
(-18, 73, 10, -127, 31, -103)
(-10, 65, 5, -127, 48, -114)
(-10, 50, 4, -127, 58, -118)
(-14, 35, 5, -127, 56, -115)
(-17, 18, 4, -127, 44, -107)
(-17, 3, 3, -127, 24, -100)
(-5, -11, 2, -127, -8, -96)
BatchID:  9




(-10, -76, -22, 0, -4, -7)
(-8, -71, -22, 1, -4, -7)
(-8, -66, -21, -3, -4, -8)
(-7, -66, -22, -11, -4, -9)
(-7, -70, -22, -15, -2, -9)
(-7, -73, -24, -14, -1, -9)
(-7, -75, -25, -9, 0, -8)
(-7, -72, -25, -5, 1, -8)
(-7, -66, -25, -6, 3, -8)
(-7, -65, -23, -12, 2, -9)
(-5, -67, -24, -17, 2, -11)
(-4, -66, -26, -19, 4, -12)
(-4, -66, -28, -21, 6, -13)
(-4, -66, -30, -22, 7, -12)
(-5, -66, -30, -21, 7, -11)
(-6, -67, -29, -18, 0, -10)
(-4, -65, -30, -22, -4, -11)
(-1, -65, -32, -31, -7, -12)
(0, -68, -37, -44, -8, -13)
(4, -73, -46, -61, -4, -12)
(6, -77, -57, -77, 4, -8)
(7, -79, -70, -81, 7, -4)
(4, -85, -87, -98, 7, -5)
(5, -84, -99, -89, 9, -14)
(8, -67, -113, -88, 8, -27)
(11, -57, -127, -97, 3, -38)
(16, -49, -127, -99, 0, -43)
(22, -46, -127, -105, 1, -41)
(27, -51, -127, -95, 7, -31)
(22, -53, -127, -70, 23, -10)
(13, -52, -127, -32, 32, 11)
(1, -41, -127, 12, 29, 29)
(-3, -21, -127, 58, 16, 39)
(-2, 6, -123, 93, 7, 37)
(-2, 17, -116, 124, -14, 33)
(-1, 30, -121, 127, -32, 16)
(7, 30, -119, 127, -49, -6)
(11, 18, -100, 127, -73, -27)
(16, 14, -86, 127, -83, -33)
(25, 20, -83, 127, -78, -19)
(33, 38, -102, 127, -72, 5)
(38, 73, -127, 127, -70, 24)
(60, 127, -127, 127, -54, 48)
(73, 127, -127, 127, 49, 88)
(-11, 127, 114, 127, 0, 121)
(-31, 127, 127, -40, 17, 99)
(-66, 102, 93, -10, 18, 72)
(-42, 96, 91, -45, 7, 5)
(-18, 94, 80, -69, 19, -59)
(-2, 56, 73, -71, 31, -103)
(34, 12, 83, -29, 41, -91)
(32, -9, 86, 10, 41, -37)
(19, -2, 90, 57, 38, 0)
(-2, 33, 104, 67, 25, 16)
(-4, 46, 116, 43, -10, 12)
(15, 40, 113, 21, -15, 0)
(19, 41, 109, 6, 8, -15)
(7, 51, 103, -13, 26, -21)
(-4, 53, 99, -34, 29, -21)
(-14, 55, 96, -51, 33, -24)
(-23, 52, 91, -65, 29, -31)
(-28, 58, 83, -78, 31, -42)
(-26, 65, 76, -95, 31, -54)
(-19, 64, 66, -114, 32, -63)
(-16, 51, 60, -124, 45, -69)
(-20, 39, 58, -127, 54, -68)
(-23, 24, 53, -127, 56, -68)
(-20, 18, 48, -126, 56, -72)
BatchID:  10




(-14, -71, -7, -1, -1, 0)
(-15, -72, -8, -1, -1, -1)
(-15, -72, -8, -1, -3, -1)
(-14, -71, -8, -2, -2, -1)
(-15, -72, -8, -3, -3, -1)
(-15, -73, -9, -2, -3, -1)
(-15, -73, -8, -1, -1, -1)
(-16, -73, -8, 0, -1, -1)
(-16, -72, -8, 0, -2, -2)
(-16, -71, -8, -1, -2, -3)
(-14, -71, -9, -2, -3, -4)
(-14, -72, -9, -2, -2, -4)
(-14, -72, -9, -1, -2, -4)
(-14, -72, -9, 0, -2, -3)
(-13, -71, -9, 0, -2, -3)
(-13, -71, -9, 0, -2, -3)
(-13, -70, -9, 0, -2, -2)
(-15, -71, -8, -2, -2, -3)
(-16, -73, -8, -2, -3, -3)
(-16, -73, -8, -3, -4, -4)
(-17, -73, -7, -5, -4, -6)
(-18, -69, -6, -9, -5, -9)
(-19, -67, -5, -20, -8, -11)
(-19, -70, -4, -32, -14, -14)
(-17, -75, -6, -40, -19, -19)
(-17, -69, -7, -52, -26, -24)
(-16, -69, -11, -81, -39, -28)
(-7, -83, -23, -111, -52, -33)
(2, -94, -42, -127, -48, -38)
(12, -104, -63, -127, -25, -38)
(10, -110, -80, -124, -2, -42)
(4, -114, -96, -125, -1, -50)
(7, -108, -107, -107, -3, -57)
(19, -95, -127, -95, 5, -52)
(21, -86, -127, -77, 36, -27)
(12, -63, -127, -91, 25, -16)
(2, -71, -127, -71, 10, -15)
(-3, -67, -127, -31, 5, -11)
(-2, -58, -127, 23, 3, 2)
(1, -45, -127, 90, -9, 13)
(12, -26, -126, 127, -17, 24)
(23, -6, -111, 127, -16, 37)
(35, 15, -108, 127, -7, 55)
(38, 41, -100, 127, 0, 70)
(34, 61, -87, 127, -1, 86)
(37, 92, -90, 127, 17, 98)
(38, 127, -101, 127, 54, 105)
(26, 127, -99, 127, 66, 115)
(3, 127, -86, 127, 49, 127)
(-17, 127, -58, 127, -17, 127)
(11, 127, -74, 127, 2, 127)
(-1, 127, -53, 127, 1, 119)
(-3, 127, -27, 127, -37, 127)
(12, 127, -16, 127, -70, 127)
(39, 127, -12, 127, -21, 127)
(12, 127, 15, 127, -3, 127)
(-15, 127, 84, 127, -25, 127)
(-24, 127, 95, 127, -28, 127)
(-28, 124, 98, 78, -44, 79)
(-9, 117, 88, 19, -42, 22)
(5, 119, 79, -4, -27, -20)
(15, 117, 78, -7, -14, -41)
(19, 117, 83, -1, 0, -39)
(13, 116, 92, -1, 6, -26)
(8, 116, 98, -6, 1, -10)
(5, 112, 99, -18, -3, -4)
(8, 111, 99, -39, -4, -10)
BatchID:  11




(-4, -70, -27, 0, 0, 0)
(-6, -67, -27, 0, 0, 0)
(-6, -68, -26, -1, -2, 0)
(-5, -70, -26, 0, -2, 0)
(-5, -70, -27, 0, 0, 0)
(-3, -68, -25, 0, 1, 0)
(-4, -68, -27, 0, 1, 0)
(-4, -69, -27, 0, 1, -1)
(-5, -70, -27, 0, 0, -1)
(-5, -71, -27, 1, -2, -1)
(-4, -68, -25, 2, -3, -1)
(-3, -68, -24, 0, -2, 0)
(-3, -69, -25, 0, 0, 0)
(-4, -68, -25, 0, 2, 0)
(-5, -69, -25, -1, 1, 0)
(-6, -70, -26, -1, 0, -1)
(-5, -70, -25, 0, 0, -1)
(-4, -68, -26, 0, 0, -1)
(-4, -67, -25, -1, 0, -2)
(-3, -68, -26, -1, 0, -2)
(-4, -68, -26, -1, 0, -2)
(-3, -69, -26, -1, 0, -1)
(-3, -68, -26, -1, 0, -1)
(-4, -67, -25, -3, 0, -1)
(-4, -68, -25, -5, -1, -1)
(-5, -70, -25, -5, -2, -1)
(-5, -68, -25, -5, -2, -2)
(-6, -65, -24, -9, -4, -3)
(-6, -64, -24, -19, -7, -5)
(-5, -70, -29, -30, -9, -7)
(-3, -77, -37, -46, -8, -11)
(-4, -82, -45, -66, -8, -14)
(4, -89, -62, -89, -3, -19)
(18, -90, -81, -103, 8, -26)
(26, -95, -107, -97, 15, -29)
(34, -92, -127, -89, 15, -25)
(35, -95, -127, -66, -6, -24)
(40, -81, -127, -64, -39, -21)
(39, -85, -127, -54, -32, -8)
(41, -81, -127, 18, -30, 6)
(30, -40, -127, 127, -11, 61)
(30, -29, -127, 127, 13, 81)
(15, -15, -127, 127, 21, 78)
(-5, 8, -127, 127, 2, 70)
(-15, 40, -124, 127, -28, 48)
(-6, 96, -127, 127, -31, 43)
(20, 127, -127, 127, -1, 56)
(42, 127, -127, 127, 68, 89)
(87, 127, -28, 127, 127, 95)
(-18, 127, -63, 127, 71, 124)
(-17, 127, -30, 127, 55, 127)
(-15, 127, 9, 127, 42, 127)
(-62, 127, 26, 127, 9, 127)
(-80, 127, 71, 127, -23, 127)
(-49, 127, 89, 102, -62, 97)
(-7, 127, 89, 14, -57, 32)
(5, 114, 80, -46, -33, -28)
(9, 102, 68, -74, -8, -67)
(14, 91, 68, -77, 8, -82)
(-5, 83, 76, -47, 16, -44)
(-11, 82, 78, -34, 0, -17)
(-17, 84, 77, -32, -15, -6)
(-19, 82, 78, -35, -25, -6)
(-21, 90, 79, -50, -29, -14)
(-16, 95, 73, -77, -26, -30)
BatchID:  12




(-9, -69, -14, 5, -2, -5)
(-8, -71, -13, 3, -4, -4)
(-8, -71, -14, 3, -3, -3)
(-7, -68, -13, 0, -3, -3)
(-7, -70, -13, -3, -2, -2)
(-9, -72, -12, -3, -3, -2)
(-10, -72, -13, -3, -5, -1)
(-9, -73, -13, -2, -6, -2)
(-8, -71, -13, -1, -5, -3)
(-8, -70, -13, -3, -3, -4)
(-7, -71, -13, -4, -3, -4)
(-7, -71, -14, -5, -2, -3)
(-7, -71, -15, -6, -1, -2)
(-6, -73, -14, -4, -1, -2)
(-7, -73, -14, -2, 0, -2)
(-9, -72, -14, -1, -1, -1)
(-9, -71, -13, -2, -3, -1)
(-10, -69, -13, -4, -5, -2)
(-11, -65, -13, -10, -9, -2)
(-12, -64, -12, -20, -15, -3)
(-11, -66, -12, -31, -23, -3)
(-9, -71, -14, -40, -28, -5)
(-6, -77, -16, -46, -28, -9)
(-6, -80, -23, -54, -25, -13)
(-8, -84, -27, -69, -24, -17)
(-10, -84, -35, -88, -28, -21)
(-4, -83, -47, -113, -34, -30)
(7, -81, -68, -127, -36, -34)
(21, -83, -91, -118, -26, -29)
(39, -79, -127, -98, 18, -12)
(33, -74, -127, -68, 44, -17)
(43, -62, -127, -56, 11, -28)
(43, -65, -127, -40, 8, -23)
(36, -61, -127, 19, 5, -2)
(30, -53, -127, 67, 3, 26)
(24, -50, -127, 119, -3, 40)
(14, -50, -127, 127, -12, 47)
(10, -43, -127, 127, -19, 48)
(7, -29, -127, 127, -23, 49)
(9, -10, -106, 127, -25, 53)
(12, 9, -97, 127, -37, 60)
(35, 63, -117, 127, -24, 59)
(59, 127, -127, 127, 14, 72)
(76, 127, -127, 127, 83, 107)
(58, 127, -127, 127, 127, 122)
(-13, 127, -120, 127, 127, 127)
(-28, 127, -99, 127, 97, 127)
(-54, 127, -38, 127, 86, 127)
(-57, 127, -3, 127, 23, 127)
(-74, 127, -3, 127, -7, 127)
(-98, 115, 35, 127, -12, 127)
(-57, 127, 83, 127, -68, 115)
(-5, 127, 108, 80, -52, 36)
(20, 127, 78, -105, -16, -87)
(16, 113, 59, -127, 7, -110)
(6, 109, 60, -127, 16, -106)
(-17, 120, 69, -121, 8, -80)
(-30, 119, 68, -112, -19, -44)
(-29, 102, 64, -99, -36, -16)
(-42, 91, 59, -102, -41, -14)
(-16, 90, 45, -127, -41, -57)
(6, 82, 41, -127, -5, -84)
(0, 83, 40, -127, 18, -98)
(-2, 74, 35, -127, 29, -99)
(0, 60, 25, -127, 44, -94)
(-6, 45, 21, -127, 57, -90)
BatchID:  13




(-10, -73, -18, -9, -2, -2)
(-8, -72, -19, -9, -2, -1)
(-8, -71, -19, -9, -2, -1)
(-7, -73, -20, -7, 0, -1)
(-7, -72, -21, -4, 1, -3)
(-6, -70, -22, -3, 2, -4)
(-6, -69, -22, -3, 1, -3)
(-7, -70, -23, -3, 1, -2)
(-6, -70, -22, -1, 0, 0)
(-6, -69, -21, 0, 2, 2)
(-8, -69, -20, 1, 3, 2)
(-9, -69, -19, 2, 2, 1)
(-9, -68, -18, 2, 1, 0)
(-9, -69, -18, 1, 0, 0)
(-8, -70, -17, 2, 0, 0)
(-9, -70, -17, 2, 0, 0)
(-8, -69, -16, 1, 0, 1)
(-8, -71, -16, 1, 0, 2)
(-7, -71, -16, 1, 0, 2)
(-7, -70, -16, 1, 0, 2)
(-8, -71, -15, 0, -1, 2)
(-6, -71, -16, -1, -2, 1)
(-5, -72, -18, -4, -2, 1)
(-4, -75, -20, -12, -3, 0)
(-2, -78, -26, -25, 0, 0)
(-2, -81, -36, -48, 10, 1)
(-1, -88, -52, -82, 20, 6)
(0, -97, -73, -109, 32, 10)
(-1, -100, -86, -108, 36, -3)
(-3, -83, -97, -101, 18, -26)
(7, -62, -119, -127, -14, -50)
(19, -47, -127, -127, -40, -54)
(28, -60, -127, -127, -48, -44)
(25, -86, -127, -116, -49, -35)
(24, -87, -127, -52, -39, -24)
(17, -72, -127, 18, 5, 4)
(7, -48, -127, 83, 41, 29)
(-10, -23, -127, 119, 53, 29)
(-21, -14, -127, 121, 21, 13)
(-17, -25, -116, 127, -31, -10)
(-3, -31, -99, 127, -65, -22)
(19, -16, -96, 127, -75, -12)
(35, 3, -93, 127, -56, 8)
(42, 30, -80, 127, -32, 35)
(59, 127, -117, 127, -4, 75)
(67, 127, -127, 127, 19, 100)
(61, 127, -127, 127, 84, 127)
(20, 127, -113, 127, 105, 127)
(1, 127, -95, 127, 83, 127)
(-34, 127, -55, 127, 58, 127)
(-90, 127, 14, 127, 0, 127)
(-105, 94, 127, 127, -25, 127)
(-93, 88, 106, 127, -127, 127)
(45, 127, 99, 80, -120, 84)
(34, 119, 96, 13, -14, -16)
(9, 105, 92, -46, 0, -70)
(6, 105, 75, -95, 9, -102)
(9, 101, 74, -111, -6, -103)
(27, 97, 81, -77, -24, -44)
(33, 65, 79, -58, -28, -7)
(30, 55, 82, -40, -13, 0)
(24, 64, 87, -40, -6, -2)
(18, 75, 88, -53, 0, -12)
(17, 82, 84, -71, 10, -23)
(10, 78, 76, -94, 23, -33)
(0, 73, 67, -111, 33, -39)
(-12, 70, 60, -126, 37, -45)
(-23, 78, 52, -127, 32, -56)
(-14, 82, 40, -127, 29, -67)
(-3, 82, 28, -127, 42, -78)
(-6, 63, 22, -127, 54, -82)
BatchID:  14




(5, -69, -24, 1, -1, 0)
(5, -68, -23, 0, 1, 0)
(4, -69, -23, -1, 2, 0)
(3, -70, -24, -1, 2, 0)
(1, -71, -26, 0, 2, 0)
(1, -70, -26, 2, 0, 0)
(2, -70, -25, 3, -1, -1)
(4, -69, -27, 4, -1, -2)
(3, -67, -26, 4, -2, -1)
(5, -66, -27, -2, 3, 0)
(1, -68, -25, -3, 2, 0)
(2, -71, -26, -2, -1, -1)
(3, -70, -27, 0, -3, -1)
(5, -68, -29, 0, -5, 0)
(8, -67, -30, -2, -2, 0)
(7, -70, -29, -6, 0, 1)
(5, -72, -29, -10, 0, 1)
(5, -72, -30, -18, 0, 1)
(4, -74, -31, -32, -3, 2)
(5, -79, -34, -48, -11, 1)
(13, -77, -42, -68, -14, 0)
(24, -75, -53, -89, -6, -3)
(24, -79, -69, -91, 2, -3)
(19, -78, -88, -89, 1, -5)
(17, -78, -112, -91, -10, -9)
(18, -74, -127, -86, -18, -10)
(20, -70, -127, -82, -13, -1)
(14, -72, -127, -61, -11, 17)
(10, -76, -127, -25, -1, 37)
(12, -66, -127, 9, 30, 51)
(0, -54, -127, 55, 47, 58)
(-20, -43, -127, 97, 36, 59)
(-38, -32, -127, 126, 6, 56)
(-36, -29, -127, 127, -11, 49)
(-26, -26, -127, 127, -22, 43)
(-13, -13, -125, 127, -28, 42)
(-1, 6, -118, 127, -25, 45)
(10, 33, -115, 127, -19, 48)
(30, 73, -120, 127, 3, 40)
(46, 116, -127, 127, 54, 38)
(43, 127, -127, 127, 84, 46)
(27, 127, -125, 127, 96, 62)
(11, 127, -116, 127, 111, 71)
(-8, 127, -98, 127, 95, 99)
(-3, 127, -19, 127, -101, 127)
(-3, 127, -10, 127, -82, 127)
(-38, 127, 17, 127, -57, 127)
(-43, 127, 64, 127, -64, 127)
(-27, 127, 86, 127, -96, 55)
(35, 127, 116, 27, -13, -66)
(37, 119, 101, -20, -4, -70)
(29, 106, 98, -25, 1, -43)
(15, 104, 102, -8, -19, 5)
(13, 97, 112, 11, -49, 36)
(27, 90, 115, 13, -57, 39)
(45, 84, 117, 3, -34, 22)
(48, 95, 120, -11, 0, 3)
(37, 105, 116, -35, 26, -10)
(24, 104, 110, -60, 43, -23)
(9, 106, 100, -85, 49, -29)
(-12, 97, 88, -110, 46, -29)
(-29, 101, 73, -127, 35, -33)
(-29, 102, 56, -127, 18, -43)
(-14, 97, 40, -127, 15, -60)
(0, 88, 27, -127, 30, -79)
(5, 69, 23, -127, 43, -91)
BatchID:  2




(1, -69, -25, -1, 0, 0)
(1, -69, -25, 0, 1, 0)
(0, -69, -25, -1, 0, 0)
(1, -69, -25, -1, -1, 0)
(1, -69, -24, 0, -1, 0)
(2, -70, -25, 0, 0, 0)
(2, -69, -25, 1, 1, 0)
(1, -69, -25, 1, 2, 1)
(0, -69, -24, 1, 1, 0)
(0, -68, -24, 0, 0, 0)
(1, -67, -23, -1, -1, 0)
(2, -69, -23, -2, -1, 0)
(3, -70, -24, -2, 0, 0)
(2, -71, -25, -1, 0, 0)
(2, -70, -25, -2, 1, 0)
(1, -70, -24, -2, 0, 0)
(2, -69, -25, -2, 0, 0)
(2, -67, -26, -4, -1, 0)
(3, -68, -25, -9, -3, 1)
(3, -70, -26, -14, -5, 1)
(4, -76, -29, -21, -3, 0)
(3, -80, -31, -27, -2, 0)
(7, -78, -35, -39, -1, -1)
(16, -69, -45, -62, 3, -1)
(29, -66, -59, -91, 14, -8)
(34, -71, -84, -106, 23, -14)
(29, -74, -121, -112, 19, -15)
(17, -83, -127, -101, -19, -10)
(26, -87, -127, -94, -47, 1)
(34, -94, -127, -74, -38, 14)
(34, -91, -127, -32, -31, 23)
(29, -87, -127, 17, -16, 36)
(20, -74, -127, 77, 0, 45)
(15, -54, -127, 126, 4, 49)
(11, -40, -127, 127, -8, 52)
(16, -25, -127, 127, -26, 55)
(22, -8, -127, 127, -29, 59)
(28, 18, -127, 127, -29, 73)
(46, 41, -127, 127, -28, 89)
(73, 70, -127, 127, -6, 95)
(89, 124, -127, 127, 40, 97)
(78, 127, -127, 127, 79, 116)
(6, 127, -127, 127, 117, 127)
(-50, 127, -43, 127, -1, 127)
(-44, 127, -1, 127, 1, 127)
(-48, 127, 8, 127, -81, 127)
(-59, 127, 26, 127, -102, 127)
(-62, 127, 60, 127, -86, 127)
(-63, 103, 80, 127, -121, 127)
(13, 127, 93, 116, -127, 38)
(54, 127, 89, 39, -17, -44)
(32, 115, 103, -17, -2, -80)
(32, 106, 97, -46, 19, -90)
(22, 112, 99, -48, 23, -75)
(8, 120, 100, -38, 7, -34)
(6, 101, 99, -30, -21, 7)
(8, 84, 100, -24, -30, 18)
(11, 86, 102, -34, -29, 8)
(18, 99, 97, -52, -13, -10)
(7, 110, 96, -76, 6, -24)
(-7, 117, 87, -109, 14, -36)
(-15, 124, 74, -127, 18, -51)
(-20, 118, 55, -127, 20, -66)
(-16, 103, 33, -127, 30, -88)
(-6, 87, 19, -127, 47, -109)
(-5, 65, 13, -127, 54, -122)
(-15, 50, 19, -127, 51, -123)
(-23, 42, 22, -127, 47, -115)
(-27, 29, 21, -127, 21, -107)
(-18, 20, 14, -127, -15, -102)
BatchID:  3




(3, -69, -30, 0, 0, 0)
(3, -69, -30, 0, 0, 0)
(2, -69, -29, 2, 0, 1)
(0, -68, -29, 2, 0, 2)
(0, -69, -28, 2, -4, 2)
(1, -65, -28, 0, -8, 0)
(2, -66, -27, -4, -7, 0)
(2, -67, -27, -6, -5, 0)
(3, -68, -28, -6, -2, 0)
(2, -70, -29, -6, 0, 2)
(3, -70, -29, -3, 1, 2)
(2, -67, -29, -3, 2, 2)
(3, -65, -30, -6, 3, 2)
(3, -65, -30, -11, 5, 2)
(1, -67, -31, -13, 4, 1)
(1, -69, -32, -17, 2, 0)
(1, -72, -33, -22, 0, 0)
(4, -76, -37, -26, -3, -2)
(6, -76, -42, -33, -3, -6)
(10, -71, -48, -48, -5, -11)
(18, -70, -59, -69, -8, -19)
(23, -77, -73, -81, -11, -23)
(28, -78, -94, -79, -13, -20)
(34, -76, -120, -75, -16, -13)
(35, -75, -127, -66, -17, -5)
(32, -71, -127, -52, -22, 20)
(23, -72, -127, -5, -14, 34)
(21, -58, -127, 42, -14, 41)
(16, -44, -127, 84, -16, 48)
(10, -36, -127, 122, -23, 52)
(8, -31, -127, 127, -25, 53)
(11, -19, -127, 127, -20, 56)
(14, -2, -118, 127, -13, 59)
(16, 17, -110, 127, -17, 65)
(20, 34, -99, 127, -32, 68)
(32, 62, -91, 127, -14, 59)
(40, 92, -92, 127, 10, 70)
(45, 127, -100, 127, 28, 83)
(40, 127, -106, 127, 46, 104)
(30, 127, -109, 127, 67, 126)
(9, 127, -50, 127, 9, 127)
(16, 127, -29, 127, 21, 127)
(-24, 127, 31, 127, 7, 127)
(-63, 127, 76, 127, -55, 127)
(-105, 127, 123, 127, -44, 127)
(-127, 127, 101, 127, -90, 127)
(-78, 113, 127, 103, -127, 97)
(-7, 127, 119, 29, -127, 9)
(54, 117, 96, -45, -25, -57)
(25, 88, 111, -64, 18, -97)
(35, 70, 103, -59, 15, -99)
(31, 59, 106, -32, 33, -72)
(8, 54, 111, -10, 19, -21)
(7, 80, 113, 1, -10, 12)
(7, 84, 109, -17, -3, 3)
(-1, 89, 101, -51, 10, -7)
(-9, 88, 88, -96, 23, -22)
(-11, 74, 78, -126, 32, -37)
(-14, 78, 68, -127, 44, -54)
(-24, 82, 60, -127, 44, -65)
(-27, 64, 52, -127, 34, -69)
(-26, 52, 46, -127, 22, -68)
(-26, 44, 41, -127, 13, -65)
BatchID:  4




(-8, -52, -44, -7, 15, -19)
(-1, -47, -44, -8, 5, -24)
(6, -48, -47, -12, -3, -27)
(14, -50, -50, -14, -5, -29)
(17, -51, -53, -15, -6, -30)
(16, -54, -53, -17, -9, -29)
(15, -60, -50, -11, -12, -23)
(13, -63, -47, 1, -14, -14)
(13, -61, -43, 13, -10, -3)
(13, -57, -39, 19, -6, 3)
(6, -55, -31, 18, 0, 7)
(0, -54, -22, 15, 5, 11)
(-2, -51, -17, 12, 12, 12)
(-5, -47, -30, -11, 24, 5)
(-6, -46, -35, -16, 25, 0)
(-7, -45, -39, -22, 20, -6)
(-5, -47, -46, -25, 9, -13)
(-2, -48, -49, -23, 0, -18)
(5, -47, -53, -23, -8, -22)
(19, -50, -67, -24, -5, -24)
(21, -49, -75, -25, 2, -19)
(32, -44, -88, -22, 16, -12)
(47, -28, -113, -21, 39, -18)
(47, -5, -127, -43, 14, -43)
(51, -7, -127, -81, -59, -45)
(51, -46, -127, -63, -76, -21)
(59, -52, -127, 15, -77, 9)
(78, -25, -127, 74, -52, 35)
(81, 1, -127, 126, -24, 53)
(66, 26, -127, 127, -21, 61)
(45, 41, -127, 127, -41, 72)
(28, 48, -127, 127, -75, 78)
(24, 30, -127, 127, -112, 79)
(31, 12, -127, 127, -127, 76)
(41, 13, -117, 127, -127, 81)
(58, 40, -120, 127, -127, 88)
(84, 107, -127, 127, -126, 79)
(103, 127, -127, 127, -49, 66)
(40, 127, 0, 127, 0, 78)
(33, 127, -40, 127, -33, 71)
(-36, 127, -12, 127, -36, 71)
(3, 127, 30, 127, -92, 127)
(52, 127, 41, 127, -46, 127)
(9, 127, 67, 127, -22, 127)
(-69, 127, 77, 127, -19, 127)
(-71, 127, 124, 127, -8, 101)
(-23, 127, 127, 87, -47, 15)
(20, 98, 84, -98, -5, -108)
(24, 84, 71, -110, 4, -111)
(17, 76, 79, -89, 6, -84)
(8, 78, 89, -54, -8, -35)
(13, 65, 90, -23, -34, 6)
(18, 48, 94, 2, -28, 17)
(20, 50, 97, 17, -15, 8)
(23, 75, 99, 18, 5, -6)
(13, 95, 106, 0, 27, -21)
(-2, 103, 101, -38, 38, -33)
(-14, 102, 88, -82, 41, -43)
(-27, 100, 70, -121, 40, -52)
(-32, 96, 52, -127, 30, -62)
(-30, 88, 37, -127, 24, -71)
(-22, 80, 24, -127, 20, -78)
(-18, 69, 17, -127, 20, -82)
(-15, 58, 14, -127, 20, -82)
(-13, 51, 10, -127, 19, -82)
BatchID:  5




(-10, -72, -14, 2, 1, 0)
(-11, -71, -12, 0, 0, -1)
(-11, -71, -12, -1, -2, -1)
(-9, -72, -13, -2, -2, -1)
(-10, -73, -12, -1, 0, -1)
(-9, -73, -13, 0, 0, -1)
(-10, -72, -13, 0, 2, -2)
(-11, -71, -12, 0, 0, -3)
(-9, -69, -13, -3, -2, -3)
(-8, -71, -13, -6, -3, -3)
(-7, -71, -14, -7, -4, -4)
(-6, -71, -14, -7, -2, -4)
(-6, -72, -15, -7, -1, -4)
(-6, -73, -15, -6, 0, -3)
(-7, -72, -16, -5, -1, -3)
(-8, -70, -15, -5, -2, -2)
(-8, -69, -14, -8, -4, -2)
(-9, -70, -13, -11, -6, -3)
(-9, -69, -12, -15, -8, -4)
(-10, -69, -12, -24, -9, -6)
(-10, -71, -11, -39, -13, -10)
(-11, -86, -18, -68, -25, -23)
(-12, -86, -23, -88, -36, -29)
(-5, -87, -36, -116, -49, -33)
(8, -87, -55, -127, -50, -31)
(23, -92, -72, -127, -29, -24)
(36, -85, -96, -127, 0, -20)
(46, -69, -127, -115, 41, -26)
(30, -57, -127, -110, 37, -35)
(16, -57, -127, -120, -20, -28)
(14, -78, -127, -89, -36, -3)
(15, -74, -127, -11, -31, 12)
(27, -56, -127, 69, -24, 23)
(30, -35, -127, 127, -8, 22)
(23, -18, -127, 127, -14, 23)
(24, -3, -127, 127, -19, 30)
(28, 10, -127, 127, -27, 46)
(36, 27, -127, 127, -39, 60)
(47, 57, -127, 127, -43, 77)
(70, 117, -127, 127, -21, 84)
(89, 127, -127, 127, 34, 98)
(76, 127, -127, 127, 85, 113)
(41, 127, -127, 127, 118, 111)
(-1, 127, -127, 127, 127, 116)
(-40, 127, -67, 127, 99, 127)
(-64, 127, 0, 127, 42, 127)
(-69, 127, 47, 127, -45, 127)
(-91, 127, 66, 127, -63, 127)
(-108, 127, 83, 127, -90, 127)
(-76, 116, 103, 111, -127, 127)
(68, 127, 106, 11, -127, 37)
(37, 117, 97, -38, 13, -40)
(8, 98, 99, -75, 1, -88)
(35, 85, 89, -80, 12, -115)
(39, 84, 89, -50, 33, -109)
(14, 80, 94, -29, 35, -71)
(-3, 85, 97, -14, 13, -21)
(-4, 104, 102, -13, -14, 4)
(-18, 103, 102, -42, -22, 1)
(-21, 102, 85, -90, -26, -21)
(-7, 108, 62, -127, -6, -51)
(2, 103, 41, -127, 30, -84)
(4, 88, 38, -127, 51, -111)
(-8, 83, 37, -127, 51, -127)
(-16, 76, 35, -127, 43, -127)
BatchID:  6




(-7, -66, -28, -3, -5, -9)
(-7, -67, -28, -4, -6, -10)
(-5, -68, -28, -7, -7, -11)
(-4, -68, -29, -6, -7, -11)
(-3, -68, -29, -5, -6, -10)
(-1, -68, -30, -3, -3, -9)
(-2, -67, -30, -2, -1, -8)
(-3, -66, -29, -2, -2, -8)
(-5, -67, -28, -3, -8, -9)
(-6, -67, -27, -4, -16, -10)
(-5, -67, -26, -5, -22, -11)
(-1, -65, -27, -7, -25, -11)
(1, -66, -29, -8, -21, -9)
(1, -66, -30, -9, -14, -7)
(1, -66, -31, -8, -7, -2)
(0, -65, -32, -8, -2, 0)
(-2, -65, -33, -7, 0, 1)
(-5, -65, -33, -8, 0, 0)
(-8, -68, -32, -10, -7, -2)
(-7, -70, -33, -13, -15, -7)
(-4, -74, -36, -21, -21, -11)
(-2, -79, -39, -30, -20, -14)
(0, -81, -47, -42, -17, -15)
(4, -87, -59, -60, -10, -16)
(9, -90, -69, -67, -3, -20)
(14, -88, -83, -62, 1, -23)
(14, -86, -111, -65, -4, -20)
(19, -85, -127, -63, -27, -16)
(29, -79, -127, -61, -44, -3)
(35, -75, -127, -43, -13, 6)
(30, -68, -127, -9, 9, 5)
(20, -58, -127, 32, 20, 6)
(7, -45, -127, 72, 15, 7)
(10, -33, -127, 107, 4, 11)
(15, -20, -127, 127, -4, 15)
(21, -10, -127, 127, -23, 23)
(26, -8, -127, 127, -45, 40)
(33, -6, -127, 127, -53, 57)
(45, 33, -127, 127, -50, 69)
(61, 82, -127, 127, -28, 69)
(70, 127, -127, 127, 30, 69)
(64, 127, -127, 127, 79, 97)
(36, 127, -127, 127, 101, 116)
(-22, 127, -52, 127, 32, 127)
(-44, 127, -7, 127, 40, 127)
(-50, 127, 45, 127, -58, 127)
(-47, 127, 68, 127, -124, 127)
(-55, 110, 97, 127, -97, 127)
(-63, 109, 87, 127, -111, 127)
(4, 127, 95, 105, -113, 78)
(49, 127, 94, 46, -30, -5)
(34, 106, 110, -16, -1, -62)
(38, 96, 108, -68, 18, -96)
(46, 91, 97, -89, 27, -97)
(31, 83, 96, -86, 35, -73)
(10, 74, 96, -76, 15, -27)
(5, 73, 90, -65, -17, 5)
(10, 68, 86, -62, -28, 5)
(19, 70, 79, -65, -21, -10)
(16, 78, 69, -95, 4, -29)
(17, 67, 59, -127, 36, -51)
(12, 46, 60, -127, 51, -69)
(0, 63, 64, -127, 64, -84)
(-19, 80, 62, -127, 50, -83)
(-10, 79, 53, -127, 40, -77)
(1, 77, 45, -127, 42, -76)
(5, 53, 40, -127, 47, -72)
BatchID:  7




(-11, -70, -20, -2, -1, -3)
(-11, -71, -21, -2, -1, -3)
(-12, -72, -20, 0, -1, -2)
(-13, -72, -20, 1, 0, -2)
(-13, -71, -19, 2, 0, -2)
(-12, -69, -19, -1, 0, -5)
(-11, -68, -19, -4, 0, -7)
(-11, -68, -19, -7, 0, -8)
(-10, -70, -20, -9, -1, -9)
(-9, -72, -21, -9, -2, -10)
(-8, -72, -22, -7, -2, -11)
(-9, -72, -22, -5, -4, -9)
(-6, -70, -23, -3, -5, -8)
(-6, -69, -23, -3, -5, -7)
(-6, -68, -21, -4, -4, -7)
(-7, -69, -21, -5, -5, -7)
(-9, -70, -20, -7, -7, -8)
(-10, -74, -19, -8, -9, -10)
(-9, -76, -19, -11, -12, -13)
(-11, -78, -20, -18, -16, -19)
(-12, -82, -21, -34, -23, -25)
(-14, -86, -23, -52, -34, -31)
(-10, -90, -33, -74, -50, -34)
(-3, -95, -45, -94, -62, -35)
(24, -90, -87, -111, -27, -9)
(32, -86, -115, -73, 21, 9)
(20, -76, -127, -63, 44, 1)
(2, -64, -127, -69, 3, -20)
(-1, -76, -127, -73, -24, -24)
(-1, -83, -127, -20, -26, -13)
(0, -63, -127, 33, 0, 11)
(-5, -46, -127, 85, 23, 26)
(-15, -39, -127, 120, 23, 23)
(-32, -35, -127, 127, -7, 13)
(-32, -26, -127, 127, -31, 3)
(-13, -11, -127, 127, -43, 0)
(8, 9, -124, 127, -43, 5)
(21, 39, -109, 127, -36, 7)
(29, 67, -96, 127, -18, 15)
(42, 100, -95, 127, 17, 21)
(47, 127, -107, 127, 55, 31)
(44, 127, -127, 127, 76, 55)
(35, 127, -127, 127, 84, 81)
(5, 127, -72, 127, 54, 112)
(-11, 127, -62, 127, 62, 127)
(-28, 127, -28, 127, 24, 127)
(-47, 127, 0, 127, -27, 127)
(-56, 127, 24, 127, -62, 127)
(-23, 127, 61, 127, -101, 127)
(18, 116, 78, 127, -88, 100)
(33, 121, 96, 83, -63, 36)
(35, 116, 96, 0, -43, -7)
(48, 105, 80, -52, -25, -43)
(57, 104, 71, -63, -6, -58)
(47, 107, 77, -61, -1, -51)
(36, 105, 83, -59, -10, -24)
(29, 89, 84, -53, -18, 1)
(29, 81, 83, -45, -19, 13)
(26, 84, 84, -51, -16, 10)
(31, 83, 84, -63, -12, -1)
(33, 97, 83, -78, 3, -16)
(26, 106, 78, -106, 18, -28)
(18, 114, 65, -127, 35, -42)
(9, 115, 45, -127, 53, -59)
(0, 101, 31, -127, 66, -71)
(-7, 80, 30, -127, 63, -82)
(-12, 79, 30, -127, 57, -86)
(-13, 73, 25, -127, 46, -83)
BatchID:  8




(-3, -66, -32, -1, 0, 2)
(-3, -67, -32, 0, 0, 3)
(-3, -66, -33, 2, -1, 3)
(-5, -67, -32, 3, -2, 4)
(-5, -66, -31, 3, -5, 5)
(-3, -63, -30, 0, -7, 5)
(-2, -65, -30, -3, -6, 4)
(-3, -69, -31, -3, -3, 2)
(-5, -70, -31, -2, -1, 0)
(-6, -71, -32, -1, -1, 0)
(-5, -70, -32, 0, -2, 1)
(-4, -69, -32, 0, -1, 0)
(-4, -68, -31, -2, 0, 0)
(-4, -68, -31, -5, 2, 0)
(-4, -70, -31, -6, 3, 0)
(-4, -70, -32, -7, 3, -2)
(-3, -72, -34, -7, 2, -3)
(-1, -73, -37, -8, 4, -4)
(-2, -73, -41, -11, 5, -5)
(-2, -73, -44, -19, 6, -7)
(-1, -74, -50, -31, 5, -9)
(1, -72, -55, -46, 6, -14)
(4, -66, -59, -61, 6, -20)
(7, -57, -66, -73, 0, -27)
(16, -49, -83, -97, 0, -30)
(23, -41, -111, -114, 9, -27)
(29, -38, -127, -127, 14, -24)
(39, -44, -127, -127, 19, -23)
(37, -56, -127, -112, 27, -14)
(32, -57, -127, -71, 40, 0)
(23, -53, -127, -12, 52, 21)
(10, -40, -127, 43, 37, 38)
(-3, -38, -127, 103, 4, 61)
(-8, -37, -127, 127, -29, 73)
(1, -23, -127, 127, -50, 62)
(15, 4, -127, 127, -56, 43)
(26, 34, -127, 127, -66, 29)
(31, 54, -127, 127, -92, 24)
(51, 84, -127, 127, -96, 35)
(120, 127, -127, 127, 40, 84)
(102, 127, -127, 127, 85, 106)
(16, 127, -124, 127, 57, 127)
(25, 127, -127, 127, 33, 127)
(-2, 127, -40, 127, 31, 127)
(-15, 127, -7, 127, -4, 127)
(-52, 127, 10, 127, 33, 127)
(-81, 122, 69, 127, 36, 127)
(-82, 127, 90, 127, -80, 80)
(-3, 127, 122, 127, -127, 23)
(39, 127, 111, 29, -48, -38)
(33, 127, 103, -48, -37, -55)
(46, 113, 88, -84, -6, -63)
(43, 110, 86, -81, 10, -54)
(30, 104, 87, -64, 10, -28)
(17, 87, 92, -44, 1, -5)
(8, 80, 94, -25, -12, 7)
(10, 81, 96, -18, -17, 6)
(16, 92, 100, -28, -12, -3)
(20, 98, 96, -50, 1, -18)
(15, 104, 89, -77, 20, -32)
(1, 106, 78, -115, 32, -43)
(-10, 99, 59, -127, 40, -54)
(-18, 92, 43, -127, 44, -64)
(-22, 89, 33, -127, 45, -76)
(-17, 85, 23, -127, 43, -89)
(-13, 75, 14, -127, 47, -96)
(-11, 61, 8, -127, 55, -99)
BatchID:  9




(-12, -73, -17, -3, 0, 0)
(-12, -72, -18, -1, 0, 0)
(-13, -71, -19, -1, 0, 0)
(-13, -70, -19, -2, -1, 0)
(-12, -70, -18, -3, -2, -1)
(-12, -70, -19, -3, 0, -1)
(-12, -69, -18, -3, 0, -2)
(-11, -70, -18, -5, 0, -2)
(-12, -71, -18, -4, 0, -3)
(-12, -72, -19, -2, 0, -3)
(-12, -70, -20, 0, -1, -3)
(-12, -69, -18, -2, -2, -2)
(-10, -71, -20, -2, -3, -2)
(-10, -69, -19, -2, -1, -2)
(-10, -68, -19, -4, 0, -2)
(-12, -67, -18, -5, 0, -2)
(-14, -66, -16, -9, 0, -2)
(-14, -65, -16, -16, -3, -3)
(-15, -65, -16, -25, -4, -5)
(-16, -68, -16, -36, -6, -8)
(-16, -74, -17, -47, -9, -13)
(-16, -84, -24, -57, -14, -19)
(-17, -88, -30, -70, -24, -31)
(-15, -90, -38, -97, -34, -42)
(-6, -93, -54, -126, -43, -52)
(12, -97, -105, -127, -35, -62)
(9, -101, -127, -110, -25, -55)
(16, -92, -127, -68, -10, -45)
(27, -61, -127, -90, -10, -48)
(37, -50, -127, -85, -7, -41)
(21, -51, -127, -47, 10, -19)
(4, -44, -127, 8, 20, 0)
(-5, -32, -127, 63, 24, 10)
(-13, -21, -127, 126, 5, 18)
(-10, -3, -127, 127, -15, 21)
(-3, 15, -127, 127, -18, 16)
(4, 38, -127, 127, -29, 15)
(17, 56, -127, 127, -47, 20)
(30, 68, -127, 127, -42, 25)
(42, 89, -127, 127, -19, 34)
(59, 127, -127, 127, 10, 47)
(57, 127, -127, 127, 50, 63)
(31, 127, -127, 127, 87, 92)
(-29, 127, -51, 127, -9, 127)
(7, 127, -74, 127, -33, 127)
(8, 127, -56, 127, -7, 127)
(46, 127, -31, 127, -36, 127)
(42, 127, -4, 127, 6, 127)
(-8, 127, 53, 127, -11, 127)
(-57, 127, 127, 127, -32, 127)
(-49, 127, 127, 98, -77, 104)
(-7, 127, 127, 10, -98, 48)
(47, 127, 114, -40, -43, -24)
(47, 122, 102, -56, 3, -75)
(54, 107, 105, -51, 25, -100)
(41, 105, 111, -43, 44, -67)
(29, 103, 106, -52, 36, -37)
(13, 105, 97, -63, 29, -23)
(0, 103, 91, -77, 25, -23)
(-14, 100, 77, -110, 27, -33)
(-21, 103, 58, -127, 24, -50)
(-17, 102, 41, -127, 26, -71)
(-6, 89, 27, -127, 41, -91)
(-3, 77, 19, -127, 57, -107)
(-5, 71, 15, -127, 62, -114)
BatchID:  10




(-7, -69, -24, -3, -2, 0)
(-7, -69, -24, -2, -1, 1)
(-7, -69, -23, -2, -1, 1)
(-7, -69, -24, -1, -1, 1)
(-8, -68, -24, -1, 0, 2)
(-8, -67, -24, 0, 0, 2)
(-9, -67, -24, -1, 0, 3)
(-10, -66, -24, -2, -1, 2)
(-10, -68, -24, -2, -2, 2)
(-10, -69, -23, -1, -3, 1)
(-9, -69, -23, -1, -4, 2)
(-9, -69, -24, 0, -3, 2)
(-9, -68, -24, -1, -1, 2)
(-10, -69, -25, -1, 0, 2)
(-11, -70, -25, -2, 0, 2)
(-12, -72, -23, -1, -1, 1)
(-13, -72, -23, -1, -5, 0)
(-12, -73, -23, -4, -8, -2)
(-13, -74, -21, -10, -11, -4)
(-13, -74, -21, -21, -13, -8)
(-13, -76, -23, -38, -16, -12)
(-13, -77, -26, -58, -18, -15)
(-12, -80, -31, -81, -20, -18)
(-9, -85, -41, -104, -21, -19)
(-2, -81, -56, -126, -15, -23)
(5, -74, -69, -127, -3, -29)
(11, -67, -86, -127, 7, -40)
(17, -59, -114, -127, 24, -47)
(21, -51, -127, -106, 45, -39)
(18, -38, -127, -110, 13, -34)
(28, -48, -127, -108, -3, -4)
(20, -69, -127, -52, 32, 15)
(12, -57, -127, 25, 57, 23)
(5, -23, -127, 82, 60, 30)
(-2, 1, -127, 120, 34, 29)
(-2, 22, -127, 127, -6, 16)
(2, 28, -127, 127, -62, 3)
(19, 32, -127, 127, -101, 10)
(38, 34, -127, 127, -111, 35)
(56, 35, -127, 127, -103, 64)
(68, 50, -127, 127, -80, 73)
(77, 102, -127, 127, -37, 51)
(79, 127, -127, 127, 15, 42)
(60, 127, -127, 127, 64, 68)
(4, 127, -122, 127, 62, 113)
(27, 127, -115, 127, 42, 127)
(-18, 127, -46, 127, 31, 127)
(-7, 127, 7, 127, -21, 127)
(-15, 127, 36, 127, -34, 127)
(-41, 127, 56, 127, -50, 127)
(-27, 118, 97, 127, -62, 127)
(8, 127, 105, 100, -56, 64)
(2, 127, 109, 6, -38, 4)
(14, 118, 97, -59, -38, -44)
(35, 107, 88, -86, -16, -80)
(39, 101, 93, -84, -1, -84)
(41, 99, 104, -71, 7, -60)
(45, 100, 113, -56, 19, -27)
(53, 97, 116, -55, 27, -1)
(56, 88, 126, -72, 50, 1)
(42, 79, 125, -104, 78, -10)
(30, 69, 109, -127, 101, -25)
(19, 65, 92, -127, 121, -37)
(5, 60, 75, -127, 127, -39)
(-7, 56, 58, -127, 127, -41)
(-17, 55, 43, -127, 127, -46)
(-29, 53, 30, -127, 127, -55)
(-42, 51, 22, -127, 127, -67)
(-52, 51, 17, -126, 127, -81)
(-58, 47, 13, -119, 126, -91)
(-62, 42, 8, -110, 110, -101)
(-59, 38, 4, -101, 89, -110)
BatchID:  11




(-12, -69, -29, 0, -2, 0)
(-12, -69, -29, 1, -1, 1)
(-12, -68, -28, 2, -1, 2)
(-13, -66, -28, 2, 0, 2)
(-13, -65, -27, 0, 0, 1)
(-12, -65, -26, -2, -1, 0)
(-11, -67, -28, -4, -2, -1)
(-10, -69, -29, -3, -2, -1)
(-10, -70, -30, -2, 0, 0)
(-10, -71, -31, 0, 1, 0)
(-9, -69, -32, 2, 4, -1)
(-10, -67, -32, 1, 4, -2)
(-12, -69, -31, 0, 3, -3)
(-12, -69, -31, 1, 0, -3)
(-11, -71, -30, 4, 0, -3)
(-14, -72, -28, 6, 0, -2)
(-16, -72, -25, 7, 0, 0)
(-19, -72, -23, 5, 0, 0)
(-21, -73, -19, 3, 0, -2)
(-24, -72, -16, 0, 0, -7)
(-26, -69, -13, -13, -2, -14)
(-28, -71, -10, -39, -10, -24)
(-26, -77, -12, -71, -21, -35)
(-21, -79, -21, -105, -33, -45)
(-16, -80, -34, -127, -45, -52)
(4, -79, -56, -127, -43, -51)
(34, -73, -91, -127, -4, -43)
(48, -63, -127, -127, 78, -30)
(30, -39, -127, -99, 127, -35)
(22, 0, -127, -127, 37, -75)
(29, -31, -127, -127, 11, -47)
(18, -50, -127, -59, 28, -31)
(28, -31, -127, 24, 23, 7)
(23, -18, -127, 104, 19, 49)
(23, 2, -127, 127, 26, 71)
(22, 40, -127, 127, 20, 76)
(22, 72, -127, 127, -12, 83)
(23, 88, -127, 127, -46, 84)
(32, 92, -127, 127, -79, 72)
(45, 108, -127, 127, -82, 55)
(67, 127, -127, 127, -49, 49)
(90, 127, -127, 127, 10, 73)
(100, 127, -127, 127, 59, 126)
(35, 127, -127, 127, 6, 127)
(45, 127, -127, 127, 19, 127)
(-12, 127, -68, 127, 31, 127)
(-3, 127, 51, 127, -29, 127)
(-46, 127, 112, 127, -30, 127)
(-81, 127, 127, 55, -68, 127)
(25, 127, 127, -16, -56, 3)
(24, 123, 119, -90, -20, -56)
(52, 91, 98, -114, 4, -95)
(63, 74, 99, -80, 42, -106)
(46, 64, 109, -52, 47, -85)
(22, 47, 114, -22, 40, -36)
(10, 66, 118, -7, 11, -1)
(-7, 75, 114, -44, -4, -13)
(0, 82, 102, -81, 7, -34)
(0, 94, 91, -122, 29, -56)
(5, 95, 74, -127, 55, -74)
(0, 92, 54, -127, 81, -87)
(-6, 87, 40, -127, 94, -93)
(-16, 74, 30, -127, 92, -95)
(-25, 41, 18, -127, 68, -93)
(-18, 25, 14, -127, 57, -93)
(-10, 15, 11, -127, 56, -93)
(-5, 2, 5, -127, 56, -89)
(-5, -12, -2, -127, 47, -80)
BatchID:  12




(-13, -70, -18, -4, 0, -2)
(-12, -70, -19, -3, 0, -2)
(-12, -70, -20, -2, 1, -2)
(-12, -70, -20, -1, 1, -2)
(-13, -70, -20, 0, 0, -2)
(-14, -69, -19, 0, -3, -1)
(-13, -69, -19, 0, -3, -1)
(-13, -70, -20, 1, -2, -1)
(-14, -70, -20, 2, -1, 0)
(-14, -70, -19, 2, 0, 0)
(-15, -69, -18, 3, 0, 0)
(-15, -69, -17, 3, 0, -1)
(-15, -69, -16, 1, -2, -2)
(-14, -70, -16, 0, -4, -2)
(-13, -70, -17, 0, -3, -2)
(-13, -71, -17, -1, -2, -1)
(-14, -71, -17, 0, -1, 0)
(-15, -70, -15, -1, 0, 0)
(-21, -70, -11, -6, -2, -3)
(-23, -68, -8, -13, -5, -7)
(-25, -67, -6, -24, -9, -13)
(-27, -66, -3, -43, -15, -20)
(-29, -70, 0, -71, -29, -32)
(-25, -81, -5, -105, -47, -42)
(-17, -90, -16, -127, -64, -54)
(0, -88, -40, -127, -65, -58)
(18, -84, -66, -127, -42, -53)
(35, -81, -99, -127, -3, -47)
(33, -83, -127, -127, 38, -30)
(17, -73, -127, -101, 51, -15)
(12, -30, -127, -97, -3, -22)
(27, -28, -127, -118, 6, -5)
(22, -39, -127, -53, 37, 1)
(11, -18, -127, 13, 60, 14)
(-9, -3, -127, 73, 36, 17)
(-12, 2, -127, 127, -1, 25)
(-7, 12, -127, 127, -32, 24)
(13, 40, -127, 127, -53, 44)
(24, 62, -127, 127, -54, 61)
(30, 74, -127, 127, -59, 64)
(27, 86, -127, 127, -50, 52)
(29, 111, -127, 127, -35, 41)
(48, 127, -127, 127, -1, 35)
(57, 127, -127, 127, 46, 51)
(52, 127, -127, 127, 83, 73)
(10, 127, -120, 127, 81, 104)
(-16, 127, -58, 127, 53, 127)
(-45, 127, 24, 127, -12, 127)
(-28, 127, 81, 127, -85, 127)
(4, 127, 98, 127, -105, 127)
(-18, 127, 113, 104, -70, 127)
(-28, 127, 127, 111, -62, 101)
(-3, 127, 127, 45, -43, 36)
(11, 124, 127, -28, -13, -22)
(33, 97, 110, -71, 10, -72)
(45, 83, 97, -74, 49, -101)
(33, 70, 99, -67, 59, -96)
(15, 62, 97, -56, 54, -67)
(-8, 71, 97, -41, 34, -26)
(-27, 91, 101, -48, 9, -10)
(-31, 99, 87, -95, 5, -20)
(-18, 74, 71, -127, 26, -45)
(-13, 67, 73, -127, 49, -74)
(-19, 82, 71, -127, 64, -101)
(-8, 78, 60, -127, 73, -113)
(1, 69, 45, -127, 89, -115)
(2, 52, 32, -127, 107, -108)
BatchID:  13




(-12, -67, -27, -22, -8, -18)
(-10, -67, -30, -23, -6, -18)
(-9, -67, -32, -21, -2, -18)
(-8, -67, -32, -19, 2, -18)
(-8, -67, -32, -15, 3, -19)
(-8, -65, -31, -12, 2, -19)
(-6, -62, -32, -13, 1, -18)
(-4, -59, -33, -15, 1, -17)
(-3, -60, -34, -18, 2, -14)
(-2, -65, -34, -17, 4, -11)
(-3, -68, -34, -12, 6, -8)
(-6, -68, -32, -7, 6, -5)
(-6, -63, -30, -7, 4, -2)
(-6, -62, -27, -10, 1, -1)
(-5, -62, -27, -14, 2, -1)
(-5, -64, -27, -16, 5, -1)
(-8, -68, -26, -17, 4, 0)
(-9, -69, -29, -14, 1, 0)
(-6, -68, -30, -17, -2, -2)
(-5, -71, -33, -30, -5, -7)
(-3, -73, -38, -51, -8, -12)
(2, -78, -49, -78, -8, -15)
(10, -85, -68, -95, -3, -14)
(17, -92, -91, -96, 4, -13)
(18, -98, -114, -90, 10, -15)
(19, -91, -127, -70, 4, -22)
(19, -74, -127, -59, 9, -18)
(25, -54, -127, -46, 25, -13)
(27, -34, -127, -51, 22, -9)
(15, -30, -127, -45, 20, 2)
(0, -43, -127, -16, 21, 13)
(-11, -44, -127, 46, 10, 20)
(-10, -29, -127, 107, 0, 24)
(-9, -11, -127, 127, -16, 20)
(-2, 3, -127, 127, -41, 12)
(12, 22, -127, 127, -63, 0)
(34, 43, -127, 127, -69, 0)
(51, 53, -127, 127, -72, 18)
(63, 51, -127, 127, -61, 34)
(65, 56, -127, 127, -38, 47)
(70, 96, -127, 127, -11, 63)
(79, 127, -127, 127, 25, 82)
(81, 127, -127, 127, 89, 120)
(8, 127, -25, 127, 76, 127)
(-44, 127, -39, 127, 44, 127)
(-85, 127, 25, 127, 36, 127)
(-105, 127, 115, 64, -73, 127)
(-97, 73, 127, 127, -127, 127)
(-38, 86, 108, 106, -127, 104)
(17, 117, 119, 72, -54, 26)
(13, 126, 127, 16, -34, -23)
(36, 101, 127, -39, -4, -68)
(51, 75, 108, -62, 34, -85)
(42, 52, 100, -62, 51, -74)
(21, 39, 99, -45, 55, -47)
(-4, 38, 104, -32, 27, -15)
(-11, 41, 109, -22, -5, 1)
(-4, 46, 111, -21, -25, 0)
(10, 51, 108, -24, -26, -7)
(17, 51, 102, -44, -1, -18)
(18, 45, 90, -68, 32, -31)
(-11, 53, 87, -99, 67, -50)
(-18, 54, 76, -115, 62, -50)
(-11, 44, 60, -123, 66, -54)
(-5, 30, 49, -123, 83, -59)
(-6, 13, 41, -117, 101, -66)
(-17, -1, 39, -104, 113, -67)
(-30, -5, 37, -91, 116, -68)
(-39, -3, 35, -81, 107, -70)
(-44, -2, 32, -73, 89, -72)
BatchID:  14




(5, -69, -24, 1, -1, 0)
(5, -68, -23, 0, 1, 0)
(4, -69, -23, -1, 2, 0)
(3, -70, -24, -1, 2, 0)
(1, -71, -26, 0, 2, 0)
(1, -70, -26, 2, 0, 0)
(2, -70, -25, 3, -1, -1)
(4, -69, -27, 4, -1, -2)
(3, -67, -26, 4, -2, -1)
(5, -66, -27, -2, 3, 0)
(1, -68, -25, -3, 2, 0)
(2, -71, -26, -2, -1, -1)
(3, -70, -27, 0, -3, -1)
(5, -68, -29, 0, -5, 0)
(8, -67, -30, -2, -2, 0)
(7, -70, -29, -6, 0, 1)
(5, -72, -29, -10, 0, 1)
(5, -72, -30, -18, 0, 1)
(4, -74, -31, -32, -3, 2)
(5, -79, -34, -48, -11, 1)
(13, -77, -42, -68, -14, 0)
(24, -75, -53, -89, -6, -3)
(24, -79, -69, -91, 2, -3)
(19, -78, -88, -89, 1, -5)
(17, -78, -112, -91, -10, -9)
(18, -74, -127, -86, -18, -10)
(20, -70, -127, -82, -13, -1)
(14, -72, -127, -61, -11, 17)
(10, -76, -127, -25, -1, 37)
(12, -66, -127, 9, 30, 51)
(0, -54, -127, 55, 47, 58)
(-20, -43, -127, 97, 36, 59)
(-38, -32, -127, 126, 6, 56)
(-36, -29, -127, 127, -11, 49)
(-26, -26, -127, 127, -22, 43)
(-13, -13, -125, 127, -28, 42)
(-1, 6, -118, 127, -25, 45)
(10, 33, -115, 127, -19, 48)
(30, 73, -120, 127, 3, 40)
(46, 116, -127, 127, 54, 38)
(43, 127, -127, 127, 84, 46)
(27, 127, -125, 127, 96, 62)
(11, 127, -116, 127, 111, 71)
(-8, 127, -98, 127, 95, 99)
(-3, 127, -19, 127, -101, 127)
(-3, 127, -10, 127, -82, 127)
(-38, 127, 17, 127, -57, 127)
(-43, 127, 64, 127, -64, 127)
(-27, 127, 86, 127, -96, 55)
(35, 127, 116, 27, -13, -66)
(37, 119, 101, -20, -4, -70)
(29, 106, 98, -25, 1, -43)
(15, 104, 102, -8, -19, 5)
(13, 97, 112, 11, -49, 36)
(27, 90, 115, 13, -57, 39)
(45, 84, 117, 3, -34, 22)
(48, 95, 120, -11, 0, 3)
(37, 105, 116, -35, 26, -10)
(24, 104, 110, -60, 43, -23)
(9, 106, 100, -85, 49, -29)
(-12, 97, 88, -110, 46, -29)
(-29, 101, 73, -127, 35, -33)
(-29, 102, 56, -127, 18, -43)
(-14, 97, 40, -127, 15, -60)
(0, 88, 27, -127, 30, -79)
(5, 69, 23, -127, 43, -91)
BatchID:  2




(1, -69, -25, -1, 0, 0)
(1, -69, -25, 0, 1, 0)
(0, -69, -25, -1, 0, 0)
(1, -69, -25, -1, -1, 0)
(1, -69, -24, 0, -1, 0)
(2, -70, -25, 0, 0, 0)
(2, -69, -25, 1, 1, 0)
(1, -69, -25, 1, 2, 1)
(0, -69, -24, 1, 1, 0)
(0, -68, -24, 0, 0, 0)
(1, -67, -23, -1, -1, 0)
(2, -69, -23, -2, -1, 0)
(3, -70, -24, -2, 0, 0)
(2, -71, -25, -1, 0, 0)
(2, -70, -25, -2, 1, 0)
(1, -70, -24, -2, 0, 0)
(2, -69, -25, -2, 0, 0)
(2, -67, -26, -4, -1, 0)
(3, -68, -25, -9, -3, 1)
(3, -70, -26, -14, -5, 1)
(4, -76, -29, -21, -3, 0)
(3, -80, -31, -27, -2, 0)
(7, -78, -35, -39, -1, -1)
(16, -69, -45, -62, 3, -1)
(29, -66, -59, -91, 14, -8)
(34, -71, -84, -106, 23, -14)
(29, -74, -121, -112, 19, -15)
(17, -83, -127, -101, -19, -10)
(26, -87, -127, -94, -47, 1)
(34, -94, -127, -74, -38, 14)
(34, -91, -127, -32, -31, 23)
(29, -87, -127, 17, -16, 36)
(20, -74, -127, 77, 0, 45)
(15, -54, -127, 126, 4, 49)
(11, -40, -127, 127, -8, 52)
(16, -25, -127, 127, -26, 55)
(22, -8, -127, 127, -29, 59)
(28, 18, -127, 127, -29, 73)
(46, 41, -127, 127, -28, 89)
(73, 70, -127, 127, -6, 95)
(89, 124, -127, 127, 40, 97)
(78, 127, -127, 127, 79, 116)
(6, 127, -127, 127, 117, 127)
(-50, 127, -43, 127, -1, 127)
(-44, 127, -1, 127, 1, 127)
(-48, 127, 8, 127, -81, 127)
(-59, 127, 26, 127, -102, 127)
(-62, 127, 60, 127, -86, 127)
(-63, 103, 80, 127, -121, 127)
(13, 127, 93, 116, -127, 38)
(54, 127, 89, 39, -17, -44)
(32, 115, 103, -17, -2, -80)
(32, 106, 97, -46, 19, -90)
(22, 112, 99, -48, 23, -75)
(8, 120, 100, -38, 7, -34)
(6, 101, 99, -30, -21, 7)
(8, 84, 100, -24, -30, 18)
(11, 86, 102, -34, -29, 8)
(18, 99, 97, -52, -13, -10)
(7, 110, 96, -76, 6, -24)
(-7, 117, 87, -109, 14, -36)
(-15, 124, 74, -127, 18, -51)
(-20, 118, 55, -127, 20, -66)
(-16, 103, 33, -127, 30, -88)
(-6, 87, 19, -127, 47, -109)
(-5, 65, 13, -127, 54, -122)
(-15, 50, 19, -127, 51, -123)
(-23, 42, 22, -127, 47, -115)
(-27, 29, 21, -127, 21, -107)
(-18, 20, 14, -127, -15, -102)
BatchID:  3




(3, -69, -30, 0, 0, 0)
(3, -69, -30, 0, 0, 0)
(2, -69, -29, 2, 0, 1)
(0, -68, -29, 2, 0, 2)
(0, -69, -28, 2, -4, 2)
(1, -65, -28, 0, -8, 0)
(2, -66, -27, -4, -7, 0)
(2, -67, -27, -6, -5, 0)
(3, -68, -28, -6, -2, 0)
(2, -70, -29, -6, 0, 2)
(3, -70, -29, -3, 1, 2)
(2, -67, -29, -3, 2, 2)
(3, -65, -30, -6, 3, 2)
(3, -65, -30, -11, 5, 2)
(1, -67, -31, -13, 4, 1)
(1, -69, -32, -17, 2, 0)
(1, -72, -33, -22, 0, 0)
(4, -76, -37, -26, -3, -2)
(6, -76, -42, -33, -3, -6)
(10, -71, -48, -48, -5, -11)
(18, -70, -59, -69, -8, -19)
(23, -77, -73, -81, -11, -23)
(28, -78, -94, -79, -13, -20)
(34, -76, -120, -75, -16, -13)
(35, -75, -127, -66, -17, -5)
(32, -71, -127, -52, -22, 20)
(23, -72, -127, -5, -14, 34)
(21, -58, -127, 42, -14, 41)
(16, -44, -127, 84, -16, 48)
(10, -36, -127, 122, -23, 52)
(8, -31, -127, 127, -25, 53)
(11, -19, -127, 127, -20, 56)
(14, -2, -118, 127, -13, 59)
(16, 17, -110, 127, -17, 65)
(20, 34, -99, 127, -32, 68)
(32, 62, -91, 127, -14, 59)
(40, 92, -92, 127, 10, 70)
(45, 127, -100, 127, 28, 83)
(40, 127, -106, 127, 46, 104)
(30, 127, -109, 127, 67, 126)
(9, 127, -50, 127, 9, 127)
(16, 127, -29, 127, 21, 127)
(-24, 127, 31, 127, 7, 127)
(-63, 127, 76, 127, -55, 127)
(-105, 127, 123, 127, -44, 127)
(-127, 127, 101, 127, -90, 127)
(-78, 113, 127, 103, -127, 97)
(-7, 127, 119, 29, -127, 9)
(54, 117, 96, -45, -25, -57)
(25, 88, 111, -64, 18, -97)
(35, 70, 103, -59, 15, -99)
(31, 59, 106, -32, 33, -72)
(8, 54, 111, -10, 19, -21)
(7, 80, 113, 1, -10, 12)
(7, 84, 109, -17, -3, 3)
(-1, 89, 101, -51, 10, -7)
(-9, 88, 88, -96, 23, -22)
(-11, 74, 78, -126, 32, -37)
(-14, 78, 68, -127, 44, -54)
(-24, 82, 60, -127, 44, -65)
(-27, 64, 52, -127, 34, -69)
(-26, 52, 46, -127, 22, -68)
(-26, 44, 41, -127, 13, -65)
BatchID:  4




(-8, -52, -44, -7, 15, -19)
(-1, -47, -44, -8, 5, -24)
(6, -48, -47, -12, -3, -27)
(14, -50, -50, -14, -5, -29)
(17, -51, -53, -15, -6, -30)
(16, -54, -53, -17, -9, -29)
(15, -60, -50, -11, -12, -23)
(13, -63, -47, 1, -14, -14)
(13, -61, -43, 13, -10, -3)
(13, -57, -39, 19, -6, 3)
(6, -55, -31, 18, 0, 7)
(0, -54, -22, 15, 5, 11)
(-2, -51, -17, 12, 12, 12)
(-5, -47, -30, -11, 24, 5)
(-6, -46, -35, -16, 25, 0)
(-7, -45, -39, -22, 20, -6)
(-5, -47, -46, -25, 9, -13)
(-2, -48, -49, -23, 0, -18)
(5, -47, -53, -23, -8, -22)
(19, -50, -67, -24, -5, -24)
(21, -49, -75, -25, 2, -19)
(32, -44, -88, -22, 16, -12)
(47, -28, -113, -21, 39, -18)
(47, -5, -127, -43, 14, -43)
(51, -7, -127, -81, -59, -45)
(51, -46, -127, -63, -76, -21)
(59, -52, -127, 15, -77, 9)
(78, -25, -127, 74, -52, 35)
(81, 1, -127, 126, -24, 53)
(66, 26, -127, 127, -21, 61)
(45, 41, -127, 127, -41, 72)
(28, 48, -127, 127, -75, 78)
(24, 30, -127, 127, -112, 79)
(31, 12, -127, 127, -127, 76)
(41, 13, -117, 127, -127, 81)
(58, 40, -120, 127, -127, 88)
(84, 107, -127, 127, -126, 79)
(103, 127, -127, 127, -49, 66)
(40, 127, 0, 127, 0, 78)
(33, 127, -40, 127, -33, 71)
(-36, 127, -12, 127, -36, 71)
(3, 127, 30, 127, -92, 127)
(52, 127, 41, 127, -46, 127)
(9, 127, 67, 127, -22, 127)
(-69, 127, 77, 127, -19, 127)
(-71, 127, 124, 127, -8, 101)
(-23, 127, 127, 87, -47, 15)
(20, 98, 84, -98, -5, -108)
(24, 84, 71, -110, 4, -111)
(17, 76, 79, -89, 6, -84)
(8, 78, 89, -54, -8, -35)
(13, 65, 90, -23, -34, 6)
(18, 48, 94, 2, -28, 17)
(20, 50, 97, 17, -15, 8)
(23, 75, 99, 18, 5, -6)
(13, 95, 106, 0, 27, -21)
(-2, 103, 101, -38, 38, -33)
(-14, 102, 88, -82, 41, -43)
(-27, 100, 70, -121, 40, -52)
(-32, 96, 52, -127, 30, -62)
(-30, 88, 37, -127, 24, -71)
(-22, 80, 24, -127, 20, -78)
(-18, 69, 17, -127, 20, -82)
(-15, 58, 14, -127, 20, -82)
(-13, 51, 10, -127, 19, -82)
BatchID:  5




(-10, -72, -14, 2, 1, 0)
(-11, -71, -12, 0, 0, -1)
(-11, -71, -12, -1, -2, -1)
(-9, -72, -13, -2, -2, -1)
(-10, -73, -12, -1, 0, -1)
(-9, -73, -13, 0, 0, -1)
(-10, -72, -13, 0, 2, -2)
(-11, -71, -12, 0, 0, -3)
(-9, -69, -13, -3, -2, -3)
(-8, -71, -13, -6, -3, -3)
(-7, -71, -14, -7, -4, -4)
(-6, -71, -14, -7, -2, -4)
(-6, -72, -15, -7, -1, -4)
(-6, -73, -15, -6, 0, -3)
(-7, -72, -16, -5, -1, -3)
(-8, -70, -15, -5, -2, -2)
(-8, -69, -14, -8, -4, -2)
(-9, -70, -13, -11, -6, -3)
(-9, -69, -12, -15, -8, -4)
(-10, -69, -12, -24, -9, -6)
(-10, -71, -11, -39, -13, -10)
(-11, -86, -18, -68, -25, -23)
(-12, -86, -23, -88, -36, -29)
(-5, -87, -36, -116, -49, -33)
(8, -87, -55, -127, -50, -31)
(23, -92, -72, -127, -29, -24)
(36, -85, -96, -127, 0, -20)
(46, -69, -127, -115, 41, -26)
(30, -57, -127, -110, 37, -35)
(16, -57, -127, -120, -20, -28)
(14, -78, -127, -89, -36, -3)
(15, -74, -127, -11, -31, 12)
(27, -56, -127, 69, -24, 23)
(30, -35, -127, 127, -8, 22)
(23, -18, -127, 127, -14, 23)
(24, -3, -127, 127, -19, 30)
(28, 10, -127, 127, -27, 46)
(36, 27, -127, 127, -39, 60)
(47, 57, -127, 127, -43, 77)
(70, 117, -127, 127, -21, 84)
(89, 127, -127, 127, 34, 98)
(76, 127, -127, 127, 85, 113)
(41, 127, -127, 127, 118, 111)
(-1, 127, -127, 127, 127, 116)
(-40, 127, -67, 127, 99, 127)
(-64, 127, 0, 127, 42, 127)
(-69, 127, 47, 127, -45, 127)
(-91, 127, 66, 127, -63, 127)
(-108, 127, 83, 127, -90, 127)
(-76, 116, 103, 111, -127, 127)
(68, 127, 106, 11, -127, 37)
(37, 117, 97, -38, 13, -40)
(8, 98, 99, -75, 1, -88)
(35, 85, 89, -80, 12, -115)
(39, 84, 89, -50, 33, -109)
(14, 80, 94, -29, 35, -71)
(-3, 85, 97, -14, 13, -21)
(-4, 104, 102, -13, -14, 4)
(-18, 103, 102, -42, -22, 1)
(-21, 102, 85, -90, -26, -21)
(-7, 108, 62, -127, -6, -51)
(2, 103, 41, -127, 30, -84)
(4, 88, 38, -127, 51, -111)
(-8, 83, 37, -127, 51, -127)
(-16, 76, 35, -127, 43, -127)
BatchID:  6




(-7, -66, -28, -3, -5, -9)
(-7, -67, -28, -4, -6, -10)
(-5, -68, -28, -7, -7, -11)
(-4, -68, -29, -6, -7, -11)
(-3, -68, -29, -5, -6, -10)
(-1, -68, -30, -3, -3, -9)
(-2, -67, -30, -2, -1, -8)
(-3, -66, -29, -2, -2, -8)
(-5, -67, -28, -3, -8, -9)
(-6, -67, -27, -4, -16, -10)
(-5, -67, -26, -5, -22, -11)
(-1, -65, -27, -7, -25, -11)
(1, -66, -29, -8, -21, -9)
(1, -66, -30, -9, -14, -7)
(1, -66, -31, -8, -7, -2)
(0, -65, -32, -8, -2, 0)
(-2, -65, -33, -7, 0, 1)
(-5, -65, -33, -8, 0, 0)
(-8, -68, -32, -10, -7, -2)
(-7, -70, -33, -13, -15, -7)
(-4, -74, -36, -21, -21, -11)
(-2, -79, -39, -30, -20, -14)
(0, -81, -47, -42, -17, -15)
(4, -87, -59, -60, -10, -16)
(9, -90, -69, -67, -3, -20)
(14, -88, -83, -62, 1, -23)
(14, -86, -111, -65, -4, -20)
(19, -85, -127, -63, -27, -16)
(29, -79, -127, -61, -44, -3)
(35, -75, -127, -43, -13, 6)
(30, -68, -127, -9, 9, 5)
(20, -58, -127, 32, 20, 6)
(7, -45, -127, 72, 15, 7)
(10, -33, -127, 107, 4, 11)
(15, -20, -127, 127, -4, 15)
(21, -10, -127, 127, -23, 23)
(26, -8, -127, 127, -45, 40)
(33, -6, -127, 127, -53, 57)
(45, 33, -127, 127, -50, 69)
(61, 82, -127, 127, -28, 69)
(70, 127, -127, 127, 30, 69)
(64, 127, -127, 127, 79, 97)
(36, 127, -127, 127, 101, 116)
(-22, 127, -52, 127, 32, 127)
(-44, 127, -7, 127, 40, 127)
(-50, 127, 45, 127, -58, 127)
(-47, 127, 68, 127, -124, 127)
(-55, 110, 97, 127, -97, 127)
(-63, 109, 87, 127, -111, 127)
(4, 127, 95, 105, -113, 78)
(49, 127, 94, 46, -30, -5)
(34, 106, 110, -16, -1, -62)
(38, 96, 108, -68, 18, -96)
(46, 91, 97, -89, 27, -97)
(31, 83, 96, -86, 35, -73)
(10, 74, 96, -76, 15, -27)
(5, 73, 90, -65, -17, 5)
(10, 68, 86, -62, -28, 5)
(19, 70, 79, -65, -21, -10)
(16, 78, 69, -95, 4, -29)
(17, 67, 59, -127, 36, -51)
(12, 46, 60, -127, 51, -69)
(0, 63, 64, -127, 64, -84)
(-19, 80, 62, -127, 50, -83)
(-10, 79, 53, -127, 40, -77)
(1, 77, 45, -127, 42, -76)
(5, 53, 40, -127, 47, -72)
BatchID:  7




(-11, -70, -20, -2, -1, -3)
(-11, -71, -21, -2, -1, -3)
(-12, -72, -20, 0, -1, -2)
(-13, -72, -20, 1, 0, -2)
(-13, -71, -19, 2, 0, -2)
(-12, -69, -19, -1, 0, -5)
(-11, -68, -19, -4, 0, -7)
(-11, -68, -19, -7, 0, -8)
(-10, -70, -20, -9, -1, -9)
(-9, -72, -21, -9, -2, -10)
(-8, -72, -22, -7, -2, -11)
(-9, -72, -22, -5, -4, -9)
(-6, -70, -23, -3, -5, -8)
(-6, -69, -23, -3, -5, -7)
(-6, -68, -21, -4, -4, -7)
(-7, -69, -21, -5, -5, -7)
(-9, -70, -20, -7, -7, -8)
(-10, -74, -19, -8, -9, -10)
(-9, -76, -19, -11, -12, -13)
(-11, -78, -20, -18, -16, -19)
(-12, -82, -21, -34, -23, -25)
(-14, -86, -23, -52, -34, -31)
(-10, -90, -33, -74, -50, -34)
(-3, -95, -45, -94, -62, -35)
(24, -90, -87, -111, -27, -9)
(32, -86, -115, -73, 21, 9)
(20, -76, -127, -63, 44, 1)
(2, -64, -127, -69, 3, -20)
(-1, -76, -127, -73, -24, -24)
(-1, -83, -127, -20, -26, -13)
(0, -63, -127, 33, 0, 11)
(-5, -46, -127, 85, 23, 26)
(-15, -39, -127, 120, 23, 23)
(-32, -35, -127, 127, -7, 13)
(-32, -26, -127, 127, -31, 3)
(-13, -11, -127, 127, -43, 0)
(8, 9, -124, 127, -43, 5)
(21, 39, -109, 127, -36, 7)
(29, 67, -96, 127, -18, 15)
(42, 100, -95, 127, 17, 21)
(47, 127, -107, 127, 55, 31)
(44, 127, -127, 127, 76, 55)
(35, 127, -127, 127, 84, 81)
(5, 127, -72, 127, 54, 112)
(-11, 127, -62, 127, 62, 127)
(-28, 127, -28, 127, 24, 127)
(-47, 127, 0, 127, -27, 127)
(-56, 127, 24, 127, -62, 127)
(-23, 127, 61, 127, -101, 127)
(18, 116, 78, 127, -88, 100)
(33, 121, 96, 83, -63, 36)
(35, 116, 96, 0, -43, -7)
(48, 105, 80, -52, -25, -43)
(57, 104, 71, -63, -6, -58)
(47, 107, 77, -61, -1, -51)
(36, 105, 83, -59, -10, -24)
(29, 89, 84, -53, -18, 1)
(29, 81, 83, -45, -19, 13)
(26, 84, 84, -51, -16, 10)
(31, 83, 84, -63, -12, -1)
(33, 97, 83, -78, 3, -16)
(26, 106, 78, -106, 18, -28)
(18, 114, 65, -127, 35, -42)
(9, 115, 45, -127, 53, -59)
(0, 101, 31, -127, 66, -71)
(-7, 80, 30, -127, 63, -82)
(-12, 79, 30, -127, 57, -86)
(-13, 73, 25, -127, 46, -83)
BatchID:  8




(-3, -66, -32, -1, 0, 2)
(-3, -67, -32, 0, 0, 3)
(-3, -66, -33, 2, -1, 3)
(-5, -67, -32, 3, -2, 4)
(-5, -66, -31, 3, -5, 5)
(-3, -63, -30, 0, -7, 5)
(-2, -65, -30, -3, -6, 4)
(-3, -69, -31, -3, -3, 2)
(-5, -70, -31, -2, -1, 0)
(-6, -71, -32, -1, -1, 0)
(-5, -70, -32, 0, -2, 1)
(-4, -69, -32, 0, -1, 0)
(-4, -68, -31, -2, 0, 0)
(-4, -68, -31, -5, 2, 0)
(-4, -70, -31, -6, 3, 0)
(-4, -70, -32, -7, 3, -2)
(-3, -72, -34, -7, 2, -3)
(-1, -73, -37, -8, 4, -4)
(-2, -73, -41, -11, 5, -5)
(-2, -73, -44, -19, 6, -7)
(-1, -74, -50, -31, 5, -9)
(1, -72, -55, -46, 6, -14)
(4, -66, -59, -61, 6, -20)
(7, -57, -66, -73, 0, -27)
(16, -49, -83, -97, 0, -30)
(23, -41, -111, -114, 9, -27)
(29, -38, -127, -127, 14, -24)
(39, -44, -127, -127, 19, -23)
(37, -56, -127, -112, 27, -14)
(32, -57, -127, -71, 40, 0)
(23, -53, -127, -12, 52, 21)
(10, -40, -127, 43, 37, 38)
(-3, -38, -127, 103, 4, 61)
(-8, -37, -127, 127, -29, 73)
(1, -23, -127, 127, -50, 62)
(15, 4, -127, 127, -56, 43)
(26, 34, -127, 127, -66, 29)
(31, 54, -127, 127, -92, 24)
(51, 84, -127, 127, -96, 35)
(120, 127, -127, 127, 40, 84)
(102, 127, -127, 127, 85, 106)
(16, 127, -124, 127, 57, 127)
(25, 127, -127, 127, 33, 127)
(-2, 127, -40, 127, 31, 127)
(-15, 127, -7, 127, -4, 127)
(-52, 127, 10, 127, 33, 127)
(-81, 122, 69, 127, 36, 127)
(-82, 127, 90, 127, -80, 80)
(-3, 127, 122, 127, -127, 23)
(39, 127, 111, 29, -48, -38)
(33, 127, 103, -48, -37, -55)
(46, 113, 88, -84, -6, -63)
(43, 110, 86, -81, 10, -54)
(30, 104, 87, -64, 10, -28)
(17, 87, 92, -44, 1, -5)
(8, 80, 94, -25, -12, 7)
(10, 81, 96, -18, -17, 6)
(16, 92, 100, -28, -12, -3)
(20, 98, 96, -50, 1, -18)
(15, 104, 89, -77, 20, -32)
(1, 106, 78, -115, 32, -43)
(-10, 99, 59, -127, 40, -54)
(-18, 92, 43, -127, 44, -64)
(-22, 89, 33, -127, 45, -76)
(-17, 85, 23, -127, 43, -89)
(-13, 75, 14, -127, 47, -96)
(-11, 61, 8, -127, 55, -99)
BatchID:  9




(-12, -73, -17, -3, 0, 0)
(-12, -72, -18, -1, 0, 0)
(-13, -71, -19, -1, 0, 0)
(-13, -70, -19, -2, -1, 0)
(-12, -70, -18, -3, -2, -1)
(-12, -70, -19, -3, 0, -1)
(-12, -69, -18, -3, 0, -2)
(-11, -70, -18, -5, 0, -2)
(-12, -71, -18, -4, 0, -3)
(-12, -72, -19, -2, 0, -3)
(-12, -70, -20, 0, -1, -3)
(-12, -69, -18, -2, -2, -2)
(-10, -71, -20, -2, -3, -2)
(-10, -69, -19, -2, -1, -2)
(-10, -68, -19, -4, 0, -2)
(-12, -67, -18, -5, 0, -2)
(-14, -66, -16, -9, 0, -2)
(-14, -65, -16, -16, -3, -3)
(-15, -65, -16, -25, -4, -5)
(-16, -68, -16, -36, -6, -8)
(-16, -74, -17, -47, -9, -13)
(-16, -84, -24, -57, -14, -19)
(-17, -88, -30, -70, -24, -31)
(-15, -90, -38, -97, -34, -42)
(-6, -93, -54, -126, -43, -52)
(12, -97, -105, -127, -35, -62)
(9, -101, -127, -110, -25, -55)
(16, -92, -127, -68, -10, -45)
(27, -61, -127, -90, -10, -48)
(37, -50, -127, -85, -7, -41)
(21, -51, -127, -47, 10, -19)
(4, -44, -127, 8, 20, 0)
(-5, -32, -127, 63, 24, 10)
(-13, -21, -127, 126, 5, 18)
(-10, -3, -127, 127, -15, 21)
(-3, 15, -127, 127, -18, 16)
(4, 38, -127, 127, -29, 15)
(17, 56, -127, 127, -47, 20)
(30, 68, -127, 127, -42, 25)
(42, 89, -127, 127, -19, 34)
(59, 127, -127, 127, 10, 47)
(57, 127, -127, 127, 50, 63)
(31, 127, -127, 127, 87, 92)
(-29, 127, -51, 127, -9, 127)
(7, 127, -74, 127, -33, 127)
(8, 127, -56, 127, -7, 127)
(46, 127, -31, 127, -36, 127)
(42, 127, -4, 127, 6, 127)
(-8, 127, 53, 127, -11, 127)
(-57, 127, 127, 127, -32, 127)
(-49, 127, 127, 98, -77, 104)
(-7, 127, 127, 10, -98, 48)
(47, 127, 114, -40, -43, -24)
(47, 122, 102, -56, 3, -75)
(54, 107, 105, -51, 25, -100)
(41, 105, 111, -43, 44, -67)
(29, 103, 106, -52, 36, -37)
(13, 105, 97, -63, 29, -23)
(0, 103, 91, -77, 25, -23)
(-14, 100, 77, -110, 27, -33)
(-21, 103, 58, -127, 24, -50)
(-17, 102, 41, -127, 26, -71)
(-6, 89, 27, -127, 41, -91)
(-3, 77, 19, -127, 57, -107)
(-5, 71, 15, -127, 62, -114)
BatchID:  10




(-7, -69, -24, -3, -2, 0)
(-7, -69, -24, -2, -1, 1)
(-7, -69, -23, -2, -1, 1)
(-7, -69, -24, -1, -1, 1)
(-8, -68, -24, -1, 0, 2)
(-8, -67, -24, 0, 0, 2)
(-9, -67, -24, -1, 0, 3)
(-10, -66, -24, -2, -1, 2)
(-10, -68, -24, -2, -2, 2)
(-10, -69, -23, -1, -3, 1)
(-9, -69, -23, -1, -4, 2)
(-9, -69, -24, 0, -3, 2)
(-9, -68, -24, -1, -1, 2)
(-10, -69, -25, -1, 0, 2)
(-11, -70, -25, -2, 0, 2)
(-12, -72, -23, -1, -1, 1)
(-13, -72, -23, -1, -5, 0)
(-12, -73, -23, -4, -8, -2)
(-13, -74, -21, -10, -11, -4)
(-13, -74, -21, -21, -13, -8)
(-13, -76, -23, -38, -16, -12)
(-13, -77, -26, -58, -18, -15)
(-12, -80, -31, -81, -20, -18)
(-9, -85, -41, -104, -21, -19)
(-2, -81, -56, -126, -15, -23)
(5, -74, -69, -127, -3, -29)
(11, -67, -86, -127, 7, -40)
(17, -59, -114, -127, 24, -47)
(21, -51, -127, -106, 45, -39)
(18, -38, -127, -110, 13, -34)
(28, -48, -127, -108, -3, -4)
(20, -69, -127, -52, 32, 15)
(12, -57, -127, 25, 57, 23)
(5, -23, -127, 82, 60, 30)
(-2, 1, -127, 120, 34, 29)
(-2, 22, -127, 127, -6, 16)
(2, 28, -127, 127, -62, 3)
(19, 32, -127, 127, -101, 10)
(38, 34, -127, 127, -111, 35)
(56, 35, -127, 127, -103, 64)
(68, 50, -127, 127, -80, 73)
(77, 102, -127, 127, -37, 51)
(79, 127, -127, 127, 15, 42)
(60, 127, -127, 127, 64, 68)
(4, 127, -122, 127, 62, 113)
(27, 127, -115, 127, 42, 127)
(-18, 127, -46, 127, 31, 127)
(-7, 127, 7, 127, -21, 127)
(-15, 127, 36, 127, -34, 127)
(-41, 127, 56, 127, -50, 127)
(-27, 118, 97, 127, -62, 127)
(8, 127, 105, 100, -56, 64)
(2, 127, 109, 6, -38, 4)
(14, 118, 97, -59, -38, -44)
(35, 107, 88, -86, -16, -80)
(39, 101, 93, -84, -1, -84)
(41, 99, 104, -71, 7, -60)
(45, 100, 113, -56, 19, -27)
(53, 97, 116, -55, 27, -1)
(56, 88, 126, -72, 50, 1)
(42, 79, 125, -104, 78, -10)
(30, 69, 109, -127, 101, -25)
(19, 65, 92, -127, 121, -37)
(5, 60, 75, -127, 127, -39)
(-7, 56, 58, -127, 127, -41)
(-17, 55, 43, -127, 127, -46)
(-29, 53, 30, -127, 127, -55)
(-42, 51, 22, -127, 127, -67)
(-52, 51, 17, -126, 127, -81)
(-58, 47, 13, -119, 126, -91)
(-62, 42, 8, -110, 110, -101)
(-59, 38, 4, -101, 89, -110)
BatchID:  11




(-12, -69, -29, 0, -2, 0)
(-12, -69, -29, 1, -1, 1)
(-12, -68, -28, 2, -1, 2)
(-13, -66, -28, 2, 0, 2)
(-13, -65, -27, 0, 0, 1)
(-12, -65, -26, -2, -1, 0)
(-11, -67, -28, -4, -2, -1)
(-10, -69, -29, -3, -2, -1)
(-10, -70, -30, -2, 0, 0)
(-10, -71, -31, 0, 1, 0)
(-9, -69, -32, 2, 4, -1)
(-10, -67, -32, 1, 4, -2)
(-12, -69, -31, 0, 3, -3)
(-12, -69, -31, 1, 0, -3)
(-11, -71, -30, 4, 0, -3)
(-14, -72, -28, 6, 0, -2)
(-16, -72, -25, 7, 0, 0)
(-19, -72, -23, 5, 0, 0)
(-21, -73, -19, 3, 0, -2)
(-24, -72, -16, 0, 0, -7)
(-26, -69, -13, -13, -2, -14)
(-28, -71, -10, -39, -10, -24)
(-26, -77, -12, -71, -21, -35)
(-21, -79, -21, -105, -33, -45)
(-16, -80, -34, -127, -45, -52)
(4, -79, -56, -127, -43, -51)
(34, -73, -91, -127, -4, -43)
(48, -63, -127, -127, 78, -30)
(30, -39, -127, -99, 127, -35)
(22, 0, -127, -127, 37, -75)
(29, -31, -127, -127, 11, -47)
(18, -50, -127, -59, 28, -31)
(28, -31, -127, 24, 23, 7)
(23, -18, -127, 104, 19, 49)
(23, 2, -127, 127, 26, 71)
(22, 40, -127, 127, 20, 76)
(22, 72, -127, 127, -12, 83)
(23, 88, -127, 127, -46, 84)
(32, 92, -127, 127, -79, 72)
(45, 108, -127, 127, -82, 55)
(67, 127, -127, 127, -49, 49)
(90, 127, -127, 127, 10, 73)
(100, 127, -127, 127, 59, 126)
(35, 127, -127, 127, 6, 127)
(45, 127, -127, 127, 19, 127)
(-12, 127, -68, 127, 31, 127)
(-3, 127, 51, 127, -29, 127)
(-46, 127, 112, 127, -30, 127)
(-81, 127, 127, 55, -68, 127)
(25, 127, 127, -16, -56, 3)
(24, 123, 119, -90, -20, -56)
(52, 91, 98, -114, 4, -95)
(63, 74, 99, -80, 42, -106)
(46, 64, 109, -52, 47, -85)
(22, 47, 114, -22, 40, -36)
(10, 66, 118, -7, 11, -1)
(-7, 75, 114, -44, -4, -13)
(0, 82, 102, -81, 7, -34)
(0, 94, 91, -122, 29, -56)
(5, 95, 74, -127, 55, -74)
(0, 92, 54, -127, 81, -87)
(-6, 87, 40, -127, 94, -93)
(-16, 74, 30, -127, 92, -95)
(-25, 41, 18, -127, 68, -93)
(-18, 25, 14, -127, 57, -93)
(-10, 15, 11, -127, 56, -93)
(-5, 2, 5, -127, 56, -89)
(-5, -12, -2, -127, 47, -80)
BatchID:  12




(-13, -70, -18, -4, 0, -2)
(-12, -70, -19, -3, 0, -2)
(-12, -70, -20, -2, 1, -2)
(-12, -70, -20, -1, 1, -2)
(-13, -70, -20, 0, 0, -2)
(-14, -69, -19, 0, -3, -1)
(-13, -69, -19, 0, -3, -1)
(-13, -70, -20, 1, -2, -1)
(-14, -70, -20, 2, -1, 0)
(-14, -70, -19, 2, 0, 0)
(-15, -69, -18, 3, 0, 0)
(-15, -69, -17, 3, 0, -1)
(-15, -69, -16, 1, -2, -2)
(-14, -70, -16, 0, -4, -2)
(-13, -70, -17, 0, -3, -2)
(-13, -71, -17, -1, -2, -1)
(-14, -71, -17, 0, -1, 0)
(-15, -70, -15, -1, 0, 0)
(-21, -70, -11, -6, -2, -3)
(-23, -68, -8, -13, -5, -7)
(-25, -67, -6, -24, -9, -13)
(-27, -66, -3, -43, -15, -20)
(-29, -70, 0, -71, -29, -32)
(-25, -81, -5, -105, -47, -42)
(-17, -90, -16, -127, -64, -54)
(0, -88, -40, -127, -65, -58)
(18, -84, -66, -127, -42, -53)
(35, -81, -99, -127, -3, -47)
(33, -83, -127, -127, 38, -30)
(17, -73, -127, -101, 51, -15)
(12, -30, -127, -97, -3, -22)
(27, -28, -127, -118, 6, -5)
(22, -39, -127, -53, 37, 1)
(11, -18, -127, 13, 60, 14)
(-9, -3, -127, 73, 36, 17)
(-12, 2, -127, 127, -1, 25)
(-7, 12, -127, 127, -32, 24)
(13, 40, -127, 127, -53, 44)
(24, 62, -127, 127, -54, 61)
(30, 74, -127, 127, -59, 64)
(27, 86, -127, 127, -50, 52)
(29, 111, -127, 127, -35, 41)
(48, 127, -127, 127, -1, 35)
(57, 127, -127, 127, 46, 51)
(52, 127, -127, 127, 83, 73)
(10, 127, -120, 127, 81, 104)
(-16, 127, -58, 127, 53, 127)
(-45, 127, 24, 127, -12, 127)
(-28, 127, 81, 127, -85, 127)
(4, 127, 98, 127, -105, 127)
(-18, 127, 113, 104, -70, 127)
(-28, 127, 127, 111, -62, 101)
(-3, 127, 127, 45, -43, 36)
(11, 124, 127, -28, -13, -22)
(33, 97, 110, -71, 10, -72)
(45, 83, 97, -74, 49, -101)
(33, 70, 99, -67, 59, -96)
(15, 62, 97, -56, 54, -67)
(-8, 71, 97, -41, 34, -26)
(-27, 91, 101, -48, 9, -10)
(-31, 99, 87, -95, 5, -20)
(-18, 74, 71, -127, 26, -45)
(-13, 67, 73, -127, 49, -74)
(-19, 82, 71, -127, 64, -101)
(-8, 78, 60, -127, 73, -113)
(1, 69, 45, -127, 89, -115)
(2, 52, 32, -127, 107, -108)
BatchID:  13




(-12, -67, -27, -22, -8, -18)
(-10, -67, -30, -23, -6, -18)
(-9, -67, -32, -21, -2, -18)
(-8, -67, -32, -19, 2, -18)
(-8, -67, -32, -15, 3, -19)
(-8, -65, -31, -12, 2, -19)
(-6, -62, -32, -13, 1, -18)
(-4, -59, -33, -15, 1, -17)
(-3, -60, -34, -18, 2, -14)
(-2, -65, -34, -17, 4, -11)
(-3, -68, -34, -12, 6, -8)
(-6, -68, -32, -7, 6, -5)
(-6, -63, -30, -7, 4, -2)
(-6, -62, -27, -10, 1, -1)
(-5, -62, -27, -14, 2, -1)
(-5, -64, -27, -16, 5, -1)
(-8, -68, -26, -17, 4, 0)
(-9, -69, -29, -14, 1, 0)
(-6, -68, -30, -17, -2, -2)
(-5, -71, -33, -30, -5, -7)
(-3, -73, -38, -51, -8, -12)
(2, -78, -49, -78, -8, -15)
(10, -85, -68, -95, -3, -14)
(17, -92, -91, -96, 4, -13)
(18, -98, -114, -90, 10, -15)
(19, -91, -127, -70, 4, -22)
(19, -74, -127, -59, 9, -18)
(25, -54, -127, -46, 25, -13)
(27, -34, -127, -51, 22, -9)
(15, -30, -127, -45, 20, 2)
(0, -43, -127, -16, 21, 13)
(-11, -44, -127, 46, 10, 20)
(-10, -29, -127, 107, 0, 24)
(-9, -11, -127, 127, -16, 20)
(-2, 3, -127, 127, -41, 12)
(12, 22, -127, 127, -63, 0)
(34, 43, -127, 127, -69, 0)
(51, 53, -127, 127, -72, 18)
(63, 51, -127, 127, -61, 34)
(65, 56, -127, 127, -38, 47)
(70, 96, -127, 127, -11, 63)
(79, 127, -127, 127, 25, 82)
(81, 127, -127, 127, 89, 120)
(8, 127, -25, 127, 76, 127)
(-44, 127, -39, 127, 44, 127)
(-85, 127, 25, 127, 36, 127)
(-105, 127, 115, 64, -73, 127)
(-97, 73, 127, 127, -127, 127)
(-38, 86, 108, 106, -127, 104)
(17, 117, 119, 72, -54, 26)
(13, 126, 127, 16, -34, -23)
(36, 101, 127, -39, -4, -68)
(51, 75, 108, -62, 34, -85)
(42, 52, 100, -62, 51, -74)
(21, 39, 99, -45, 55, -47)
(-4, 38, 104, -32, 27, -15)
(-11, 41, 109, -22, -5, 1)
(-4, 46, 111, -21, -25, 0)
(10, 51, 108, -24, -26, -7)
(17, 51, 102, -44, -1, -18)
(18, 45, 90, -68, 32, -31)
(-11, 53, 87, -99, 67, -50)
(-18, 54, 76, -115, 62, -50)
(-11, 44, 60, -123, 66, -54)
(-5, 30, 49, -123, 83, -59)
(-6, 13, 41, -117, 101, -66)
(-17, -1, 39, -104, 113, -67)
(-30, -5, 37, -91, 116, -68)
(-39, -3, 35, -81, 107, -70)
(-44, -2, 32, -73, 89, -72)
BatchID:  14



