

(-5, 53, 0, 0, 0, 0)
(-5, 53, 0, 0, 0, 0)
(-6, 53, 0, 0, 0, 0)
(-6, 54, 0, 0, 0, 0)
(-6, 54, 0, 0, 0, 0)
(-5, 53, 0, 0, 0, 0)
(-6, 54, 0, 0, 0, 0)
(-6, 54, 0, 0, 0, 0)
(-5, 53, 0, 0, 0, 0)
(-5, 53, 0, 0, 0, 0)
(-6, 53, 0, 0, 0, 0)
(-6, 54, 0, 0, 0, 0)
(-6, 54, 0, 0, 0, 0)
(-5, 54, 0, 0, 0, 0)
(-5, 53, 0, 0, 0, 0)
(-5, 53, 0, 0, 0, 0)
(-5, 53, 0, 0, 0, 0)
(-5, 53, 0, 0, 0, 0)
(-5, 53, 0, 0, 1, 0)
(-5, 53, 0, 0, 1, 0)
(-5, 53, 0, 0, 0, 0)
(-6, 53, 0, 0, 0, 0)
(-5, 53, 0, 1, 1, 0)
(-6, 52, 1, 2, 5, 0)
(-4, 52, 0, 5, 16, 1)
(-7, 55, 0, 8, 40, 1)
(-34, 62, 6, 8, 64, -2)
(-77, 68, 9, 1, 63, -8)
(-117, 72, 18, -6, 28, -16)
(-127, 70, 27, -1, -30, -30)
(-121, 80, 18, 4, -81, -50)
(-95, 96, 8, -2, -87, -71)
(-74, 101, 2, -19, -67, -96)
(-58, 96, 5, -27, -28, -124)
(-59, 93, 6, -15, 12, -127)
(-70, 98, -3, 2, 31, -127)
(-82, 102, -17, 12, 33, -127)
(-92, 103, -25, 22, 23, -127)
(-100, 111, -34, 42, 4, -127)
(-99, 115, -44, 44, -26, -127)
(-95, 121, -49, 50, -42, -127)
(-93, 122, -56, 58, -57, -127)
(-83, 120, -61, 60, -63, -127)
(-75, 115, -58, 60, -55, -127)
(-72, 108, -55, 59, -54, -127)
(-67, 100, -54, 62, -56, -127)
(-48, 88, -47, 60, -59, -127)
(-39, 83, -38, 62, -58, -127)
(-27, 75, -31, 59, -61, -127)
(-2, 70, -23, 55, -67, -127)
(7, 62, -14, 49, -57, -127)
(8, 50, -8, 43, -50, -127)
(9, 41, -2, 35, -59, -127)
(9, 29, 3, 30, -68, -107)
(18, 19, 10, 24, -77, -85)
(31, 7, 16, 22, -86, -67)
(54, -6, 26, 19, -81, -38)
(59, -10, 28, 13, -67, -20)
(57, -15, 29, 4, -49, 0)
(52, -21, 28, -3, -30, 18)
(40, -22, 26, -8, -10, 32)
(25, -19, 21, -16, 4, 44)
(12, -20, 17, -24, 12, 51)
(1, -21, 13, -27, 21, 57)
(-7, -22, 10, -28, 29, 62)
(-14, -21, 9, -25, 33, 66)
(-15, -20, 9, -20, 33, 72)
(-15, -18, 7, -12, 36, 80)
(-17, -14, 6, -6, 40, 90)
BatchID:  2




(-11, 53, -3, 0, 0, 0)
(-11, 52, -2, 0, 0, 0)
(-11, 53, -3, 0, 0, 0)
(-11, 53, -2, 0, 0, 0)
(-11, 53, -2, 0, 0, 0)
(-11, 52, -2, 0, 0, 0)
(-11, 53, -3, 0, 0, 0)
(-11, 53, -2, 0, 0, 0)
(-11, 52, -3, 0, 0, 0)
(-11, 52, -3, 0, 0, 0)
(-11, 53, -3, 0, 0, 0)
(-11, 52, -2, 0, 0, 0)
(-11, 53, -3, 0, 0, 0)
(-11, 52, -3, 0, 0, 0)
(-11, 53, -3, 0, 0, 0)
(-11, 53, -3, 0, 0, 0)
(-10, 53, -3, 0, 0, 0)
(-10, 53, -3, 0, 0, 0)
(-10, 52, -3, 0, 0, 0)
(-10, 52, -3, 0, 0, 0)
(-10, 52, -3, 0, 0, 0)
(-11, 52, -3, 0, 1, 0)
(-12, 52, -3, 0, 2, 0)
(-12, 53, -4, 3, 10, 2)
(-18, 56, -5, 7, 24, 5)
(-40, 66, -3, 7, 38, 9)
(-75, 83, 1, -9, 43, 9)
(-110, 100, 7, -40, 36, -3)
(-127, 77, 9, -2, -4, -92)
(-127, 89, -2, 47, 20, -127)
(-127, 112, -16, 70, 36, -127)
(-127, 124, -34, 73, 32, -127)
(-127, 127, -43, 65, 16, -127)
(-117, 124, -45, 59, -59, -127)
(-93, 123, -48, 58, -99, -127)
(-69, 123, -55, 52, -118, -127)
(-52, 122, -60, 46, -118, -127)
(-40, 113, -57, 37, -109, -127)
(-34, 105, -53, 37, -100, -127)
(-28, 89, -47, 39, -73, -127)
(-23, 80, -42, 39, -67, -127)
(-16, 68, -35, 40, -62, -127)
(-6, 53, -25, 43, -55, -127)
(0, 43, -18, 48, -43, -127)
(3, 32, -12, 52, -32, -127)
(7, 25, -6, 51, -24, -127)
(11, 10, 4, 46, -23, -109)
(15, 4, 9, 44, -22, -92)
(16, -1, 13, 40, -23, -72)
(14, -8, 17, 36, -24, -53)
(13, -12, 21, 31, -29, -37)
(16, -17, 24, 23, -30, -27)
(17, -22, 27, 18, -28, -18)
(18, -24, 29, 11, -21, -8)
(19, -26, 30, 3, -10, 2)
(16, -30, 29, -1, 4, 12)
(10, -33, 29, -5, 19, 19)
(1, -35, 30, -8, 27, 26)
(-6, -32, 28, -10, 30, 33)
(-13, -30, 26, -13, 31, 43)
(-21, -28, 24, -14, 26, 53)
(-22, -25, 22, -15, 19, 63)
(-21, -22, 20, -15, 14, 71)
(-21, -16, 16, -18, 14, 80)
(-21, -13, 15, -25, 16, 88)
(-26, -11, 14, -32, 21, 95)
(-33, -8, 11, -40, 18, 100)
BatchID:  3




(-14, 52, -6, 0, 0, 0)
(-14, 52, -6, 0, 0, 0)
(-13, 52, -5, 0, -1, 0)
(-12, 53, -6, 0, -1, 0)
(-13, 52, -6, 0, 0, 0)
(-13, 52, -5, 0, 0, 0)
(-13, 52, -5, 0, 0, 0)
(-13, 52, -5, 0, 0, 0)
(-13, 52, -5, 0, 0, 0)
(-13, 52, -5, 0, 0, 0)
(-12, 52, -5, 0, 0, 0)
(-12, 52, -5, 0, 0, 0)
(-12, 52, -6, 0, 1, 0)
(-13, 52, -6, 0, 1, 0)
(-12, 52, -6, 0, 1, 0)
(-13, 52, -5, 0, 1, 0)
(-13, 52, -5, 0, 1, 0)
(-13, 52, -5, 0, 0, 0)
(-13, 52, -6, 0, 0, 0)
(-13, 52, -6, 0, 0, 0)
(-16, 53, -7, 1, 1, 2)
(-22, 54, -8, 2, 5, 3)
(-30, 57, -7, 2, 9, 4)
(-46, 61, -5, 3, 8, 7)
(-63, 66, -4, 2, 1, 12)
(-77, 71, -1, 3, -13, 9)
(-87, 73, 0, 6, -29, -4)
(-89, 75, -2, 10, -38, -30)
(-88, 80, -10, 18, -34, -65)
(-87, 86, -20, 29, -20, -98)
(-88, 92, -29, 43, -4, -124)
(-96, 98, -39, 62, 5, -127)
(-107, 104, -50, 86, 7, -127)
(-116, 112, -62, 105, -3, -127)
(-116, 118, -71, 105, -23, -127)
(-105, 113, -70, 96, -43, -127)
(-89, 108, -66, 91, -54, -127)
(-69, 101, -59, 84, -60, -127)
(-53, 96, -53, 74, -57, -127)
(-42, 89, -49, 73, -49, -127)
(-39, 83, -46, 73, -35, -127)
(-38, 75, -41, 72, -27, -127)
(-39, 68, -31, 71, -22, -127)
(-46, 64, -27, 71, -19, -127)
(-39, 58, -23, 62, -30, -127)
(-32, 51, -16, 53, -33, -127)
(-23, 42, -10, 50, -34, -127)
(-15, 36, -10, 45, -39, -127)
(-10, 28, -10, 35, -41, -127)
(-7, 16, -6, 26, -43, -116)
(-5, 4, 0, 22, -53, -100)
(-1, -4, 1, 22, -62, -84)
(5, -9, 0, 19, -64, -68)
(8, -16, 3, 10, -67, -54)
(10, -25, 7, 6, -73, -41)
(14, -31, 7, 5, -73, -29)
(17, -33, 4, 2, -65, -16)
(18, -36, 3, -4, -57, -6)
(17, -41, 3, -9, -47, 3)
(14, -45, 4, -12, -33, 11)
(10, -47, 4, -12, -20, 17)
(5, -48, 4, -12, -9, 22)
(2, -48, 3, -12, 0, 25)
(0, -48, 3, -12, 9, 28)
(-5, -49, 3, -11, 19, 33)
(-11, -46, 3, -9, 26, 40)
(-18, -42, 3, -10, 27, 46)
(-22, -40, 4, -12, 23, 54)
BatchID:  4




(-12, 52, -7, 0, 0, 0)
(-12, 52, -6, 0, 0, 0)
(-12, 53, -6, 0, 0, 0)
(-12, 53, -6, 0, 0, 0)
(-12, 53, -6, 0, 0, 0)
(-13, 52, -6, 0, 1, 0)
(-12, 52, -6, 0, 1, 0)
(-12, 53, -6, 0, 1, 0)
(-12, 53, -7, -1, 2, 0)
(-12, 53, -7, -1, 2, 0)
(-12, 52, -6, -1, 1, 0)
(-12, 52, -6, 0, 1, 0)
(-13, 52, -6, 0, 1, 0)
(-13, 53, -6, 0, 0, 0)
(-12, 52, -5, 0, 1, 0)
(-12, 52, -5, 0, 1, 0)
(-13, 52, -6, 0, 1, 0)
(-14, 52, -6, 0, 0, 0)
(-13, 52, -6, 0, 0, 0)
(-14, 52, -6, 0, 0, 0)
(-14, 52, -6, 0, -1, 0)
(-14, 51, -6, 0, -2, 0)
(-14, 51, -5, 0, -3, 1)
(-15, 52, -6, 0, -2, 2)
(-17, 53, -7, 1, 0, 5)
(-20, 54, -7, 2, 3, 8)
(-25, 55, -6, 5, 7, 12)
(-35, 60, -4, 9, 12, 19)
(-48, 70, -2, 6, 17, 24)
(-65, 81, -1, -3, 21, 24)
(-78, 82, 0, -12, 21, 17)
(-99, 86, -5, -11, 19, -3)
(-117, 76, -18, 8, -5, -41)
(-125, 76, -27, 41, -31, -86)
(-121, 90, -38, 69, -43, -122)
(-114, 108, -55, 90, -48, -127)
(-113, 127, -73, 93, -44, -127)
(-119, 127, -80, 82, -60, -127)
(-115, 127, -82, 80, -87, -127)
(-108, 127, -81, 82, -107, -127)
(-90, 127, -83, 75, -122, -127)
(-69, 127, -80, 60, -126, -127)
(-50, 127, -73, 42, -119, -127)
(-31, 114, -63, 34, -106, -127)
(-21, 106, -55, 33, -88, -127)
(-14, 95, -46, 31, -73, -127)
(-7, 84, -35, 37, -66, -127)
(-4, 79, -28, 45, -54, -127)
(-5, 71, -24, 48, -44, -127)
(-3, 61, -19, 46, -49, -127)
(2, 48, -13, 38, -51, -127)
(6, 29, -4, 30, -42, -127)
(6, 21, -4, 28, -46, -120)
(9, 11, -4, 23, -45, -99)
(12, -4, 1, 16, -43, -81)
(15, -19, 10, 22, -41, -69)
(16, -27, 13, 44, -31, -56)
(16, -22, 12, 49, -20, -44)
(15, -21, 15, 41, -20, -29)
(18, -23, 25, 29, -18, -11)
(19, -29, 26, 19, -20, 4)
(20, -25, 28, 10, -28, 20)
(16, -31, 29, -3, -18, 29)
(6, -35, 30, -2, -9, 31)
(1, -38, 30, -7, 2, 33)
(-2, -35, 25, -6, 13, 36)
(-7, -28, 19, -12, 22, 41)
(-13, -28, 17, -21, 34, 48)
(-24, -27, 14, -24, 42, 53)
(-32, -25, 10, -26, 39, 57)
BatchID:  5




(-10, 53, -6, 0, 0, 1)
(-10, 53, -6, 0, 0, 1)
(-10, 53, -6, 0, -1, 0)
(-10, 53, -6, 0, 0, 0)
(-10, 53, -5, 0, 0, 0)
(-10, 54, -6, 0, 0, 0)
(-11, 53, -5, 0, -1, 0)
(-10, 53, -6, 0, -2, 0)
(-10, 53, -5, 1, -4, 0)
(-8, 52, -5, 2, -5, 0)
(-7, 52, -5, 2, -5, 0)
(-6, 53, -5, 2, -5, 0)
(-7, 53, -4, 1, -3, 1)
(-7, 53, -4, 1, -2, 1)
(-7, 53, -4, 1, -1, 1)
(-8, 53, -4, 0, 0, 1)
(-9, 53, -4, 0, 1, 1)
(-11, 53, -4, 0, 2, 1)
(-13, 53, -4, 0, 1, 1)
(-13, 55, -6, 1, 4, 0)
(-17, 55, -4, 1, 6, 0)
(-23, 57, -2, 3, 10, -2)
(-35, 66, 0, 2, 18, -7)
(-54, 78, 1, -6, 30, -12)
(-72, 88, -2, -14, 42, -25)
(-101, 90, -12, -9, 50, -44)
(-127, 86, -18, 14, 39, -76)
(-127, 88, -22, 46, 9, -113)
(-127, 106, -33, 76, -17, -127)
(-127, 127, -56, 86, -28, -127)
(-127, 127, -77, 81, -32, -127)
(-127, 127, -86, 74, -44, -127)
(-127, 127, -80, 75, -65, -127)
(-106, 123, -71, 79, -87, -127)
(-84, 120, -66, 80, -102, -127)
(-56, 117, -62, 72, -112, -127)
(-32, 115, -58, 62, -108, -127)
(-18, 108, -51, 52, -97, -127)
(-13, 99, -46, 47, -90, -127)
(-10, 87, -40, 42, -86, -127)
(-6, 79, -34, 43, -83, -127)
(-8, 70, -27, 43, -85, -127)
(-6, 61, -22, 41, -92, -127)
(0, 48, -15, 33, -100, -127)
(6, 34, -6, 27, -109, -125)
(14, 24, -2, 29, -115, -109)
(23, 18, -3, 25, -111, -94)
(29, 10, 0, 15, -102, -76)
(33, -2, 4, 4, -94, -60)
(36, -21, 11, 1, -81, -46)
(37, -31, 14, 16, -57, -34)
(34, -27, 14, 21, -27, -23)
(25, -29, 16, 7, -1, -4)
(19, -30, 16, 8, 16, 5)
(10, -28, 16, 5, 27, 16)
(4, -29, 17, 3, 31, 26)
(0, -30, 19, 4, 34, 36)
(-4, -29, 19, 5, 34, 45)
(-6, -27, 19, 7, 35, 54)
(-5, -22, 18, 7, 37, 63)
(-4, -17, 17, 6, 42, 70)
(-6, -11, 15, 5, 50, 80)
(-10, -3, 12, 0, 60, 90)
(-16, 1, 8, -8, 65, 99)
(-20, 3, 6, -16, 68, 106)
(-23, 2, 6, -22, 68, 110)
(-21, 2, 6, -21, 66, 111)
(-21, 9, 5, -18, 71, 115)
(-21, 17, 2, -18, 75, 122)
BatchID:  6




(-12, 52, -7, 0, 0, 0)
(-12, 52, -6, 0, 0, 0)
(-12, 52, -6, 0, 0, 0)
(-12, 52, -7, 0, 1, 0)
(-13, 52, -7, 0, 0, 0)
(-13, 52, -8, -1, 0, 0)
(-12, 52, -7, 0, 0, 0)
(-12, 52, -7, 0, 0, 0)
(-12, 52, -8, 0, 0, 0)
(-12, 52, -8, 0, 0, 0)
(-13, 53, -7, 0, 0, 0)
(-13, 52, -7, 0, 0, 0)
(-13, 53, -8, 0, 0, 0)
(-12, 53, -8, 0, 0, 0)
(-12, 53, -8, 0, 0, 0)
(-12, 53, -7, 0, 0, 0)
(-12, 53, -8, 0, 0, 0)
(-12, 53, -7, 0, 0, 0)
(-13, 52, -7, 0, 0, 0)
(-15, 53, -6, 1, 0, 0)
(-21, 55, -5, 4, 3, 2)
(-27, 57, -7, 9, 7, 5)
(-36, 64, -8, 9, 15, 10)
(-51, 70, -3, 3, 22, 11)
(-70, 76, -1, -2, 25, 4)
(-86, 84, -1, -8, 26, -8)
(-102, 86, -7, -13, 25, -34)
(-116, 86, -15, -8, 21, -66)
(-125, 90, -25, 3, 13, -100)
(-127, 105, -55, 41, -27, -127)
(-127, 115, -62, 51, -53, -127)
(-120, 124, -66, 63, -76, -127)
(-107, 127, -73, 67, -94, -127)
(-92, 127, -77, 61, -105, -127)
(-74, 127, -71, 47, -110, -127)
(-57, 120, -58, 37, -113, -127)
(-41, 115, -52, 37, -106, -127)
(-30, 114, -50, 33, -94, -127)
(-20, 105, -44, 27, -87, -127)
(-9, 90, -32, 27, -78, -127)
(-3, 79, -23, 34, -65, -127)
(0, 72, -19, 39, -55, -127)
(6, 65, -16, 38, -49, -127)
(2, 57, -13, 36, -42, -127)
(0, 45, -10, 27, -36, -127)
(-2, 30, -7, 19, -43, -127)
(0, 15, -2, 18, -54, -116)
(2, 6, 2, 25, -61, -105)
(5, 1, 2, 35, -64, -89)
(7, -2, 1, 33, -62, -70)
(7, -8, 3, 22, -60, -50)
(5, -22, 8, 10, -62, -34)
(6, -33, 12, 12, -70, -22)
(17, -35, 14, 18, -75, -15)
(33, -35, 16, 19, -68, -11)
(47, -41, 23, 22, -49, -6)
(59, -47, 27, 31, -19, -2)
(60, -43, 28, 44, 23, 7)
(45, -29, 26, 45, 58, 22)
(31, -20, 25, 38, 71, 40)
(18, -15, 25, 30, 77, 58)
(9, -8, 26, 22, 76, 73)
(2, 0, 23, 8, 70, 85)
(-2, 5, 18, -6, 64, 95)
(-6, 13, 7, -36, 68, 109)
(-7, 16, 1, -48, 78, 115)
BatchID:  7




(-1, 46, -8, -7, -3, 0)
(-3, 48, -9, -6, -5, 3)
(-4, 49, -9, -3, -7, 5)
(-5, 51, -11, -2, -6, 5)
(-6, 52, -11, -2, -6, 5)
(-8, 52, -11, -3, -7, 4)
(-9, 52, -11, -2, -9, 5)
(-9, 52, -10, -2, -11, 7)
(-9, 52, -10, -2, -11, 7)
(-9, 52, -11, -1, -10, 8)
(-10, 51, -9, 0, -5, 8)
(-11, 51, -9, 1, -3, 7)
(-10, 51, -9, 2, 0, 6)
(-11, 51, -9, 2, 2, 6)
(-13, 51, -8, 3, 5, 6)
(-14, 51, -7, 4, 8, 6)
(-16, 51, -8, 5, 9, 6)
(-18, 50, -6, 7, 11, 5)
(-20, 51, -5, 9, 12, 5)
(-23, 52, -5, 10, 13, 4)
(-30, 57, -5, 8, 16, 4)
(-40, 63, -3, 0, 18, 0)
(-55, 67, 0, -9, 19, -6)
(-73, 67, 0, -12, 17, -14)
(-88, 70, 0, -8, 12, -24)
(-98, 72, -3, -2, 3, -40)
(-104, 77, -7, 4, -2, -62)
(-107, 82, -10, 12, -3, -86)
(-112, 89, -14, 24, -3, -106)
(-116, 99, -24, 37, -6, -125)
(-120, 109, -37, 45, -11, -127)
(-124, 117, -49, 49, -22, -127)
(-126, 121, -60, 53, -39, -127)
(-118, 121, -67, 60, -53, -127)
(-103, 118, -68, 70, -50, -127)
(-86, 107, -65, 78, -45, -127)
(-71, 97, -59, 85, -33, -127)
(-60, 90, -54, 87, -23, -127)
(-50, 86, -49, 90, -26, -127)
(-42, 82, -43, 94, -32, -127)
(-32, 79, -38, 94, -34, -127)
(-26, 72, -31, 91, -46, -127)
(-16, 65, -22, 86, -56, -127)
(-8, 57, -14, 82, -59, -127)
(-5, 50, -10, 76, -66, -127)
(0, 41, -2, 64, -78, -124)
(11, 28, 4, 59, -91, -105)
(27, 17, 13, 57, -96, -89)
(41, 10, 19, 54, -88, -72)
(51, 2, 21, 45, -73, -54)
(55, -7, 23, 31, -56, -38)
(54, -15, 23, 19, -40, -22)
(47, -19, 22, 9, -27, -5)
(32, -23, 17, -10, -21, 33)
(29, -25, 18, -11, -15, 46)
(26, -23, 17, -10, -2, 56)
(22, -21, 17, -8, 13, 63)
(16, -19, 16, -6, 31, 71)
(9, -13, 16, -5, 46, 79)
(-1, -6, 14, -10, 57, 89)
(-13, -2, 11, -18, 58, 98)
(-20, 2, 7, -26, 49, 107)
(-22, 7, 2, -36, 39, 114)
(-22, 10, 1, -41, 38, 120)
(-22, 13, 2, -41, 39, 127)
(-20, 18, 3, -39, 39, 127)
(-19, 24, 0, -37, 43, 127)
(-18, 32, -5, -36, 50, 127)
BatchID:  8




(-15, 52, -5, 0, 0, 0)
(-14, 52, -6, 0, 0, 0)
(-14, 52, -5, 0, 0, 0)
(-13, 52, -5, 0, 0, 0)
(-13, 52, -5, 0, 0, 0)
(-13, 52, -6, 0, 0, 0)
(-14, 52, -6, 0, 1, 0)
(-14, 52, -5, 0, 1, 0)
(-14, 52, -5, 0, 1, 0)
(-14, 52, -5, 0, 0, 0)
(-15, 52, -6, 0, 0, 0)
(-14, 52, -5, 0, 0, 0)
(-14, 52, -6, 0, 0, 0)
(-13, 53, -5, 0, 0, 0)
(-13, 52, -5, 0, 0, 0)
(-14, 52, -5, 0, 0, 0)
(-14, 52, -6, 0, 0, 0)
(-14, 52, -6, 0, 0, 0)
(-15, 52, -5, 0, 0, 0)
(-15, 53, -5, 0, 0, 0)
(-17, 53, -5, 0, 2, 1)
(-23, 56, -4, 2, 4, 2)
(-30, 60, -3, 0, 6, 1)
(-42, 66, -1, -2, 16, -1)
(-62, 75, 1, -5, 31, -7)
(-89, 86, 2, 0, 45, -15)
(-115, 100, -4, 11, 52, -34)
(-127, 107, -17, 23, 38, -71)
(-127, 113, -29, 37, 12, -122)
(-127, 120, -39, 51, -6, -127)
(-127, 127, -52, 68, -15, -127)
(-127, 127, -66, 70, -24, -127)
(-119, 127, -71, 63, -32, -127)
(-111, 127, -62, 63, -43, -127)
(-97, 119, -56, 69, -59, -127)
(-73, 114, -49, 69, -78, -127)
(-52, 114, -46, 64, -84, -127)
(-35, 113, -42, 54, -85, -127)
(-24, 111, -39, 42, -85, -127)
(-15, 105, -36, 33, -84, -127)
(-7, 91, -29, 24, -80, -127)
(11, 69, -18, 19, -69, -127)
(18, 57, -13, 9, -55, -127)
(23, 41, -6, -2, -56, -127)
(28, 25, 0, -10, -60, -127)
(32, 11, 2, -9, -57, -116)
(37, 0, 5, -12, -59, -91)
(62, -38, 13, -5, -54, -27)
(62, -42, 13, 0, -31, -7)
(56, -43, 12, 2, -10, 9)
(48, -41, 11, 1, 5, 27)
(39, -40, 9, -1, 16, 41)
(28, -38, 7, -4, 25, 55)
(20, -35, 5, -7, 32, 67)
(13, -31, 5, -10, 35, 78)
(8, -28, 6, -10, 34, 88)
(5, -22, 6, -7, 33, 99)
(2, -15, 6, -3, 31, 112)
(0, -5, 2, 0, 32, 127)
(-6, 4, 0, 0, 38, 127)
(-13, 12, -3, -1, 43, 127)
(-21, 19, -5, -4, 43, 127)
(-28, 24, -6, -4, 41, 127)
(-31, 30, -5, -3, 38, 127)
(-29, 37, -5, 0, 33, 127)
(-31, 47, -8, 2, 33, 127)
(-34, 63, -15, 4, 44, 127)
(-45, 76, -22, -2, 52, 127)
(-49, 79, -23, -11, 51, 127)
BatchID:  9




(-14, 59, -3, -1, -35, -4)
(-14, 60, -5, -3, -41, -3)
(-13, 57, -4, -3, -45, -2)
(-9, 55, -2, 2, -50, -2)
(-6, 58, -5, 2, -49, -2)
(-6, 57, -4, 0, -46, -1)
(-6, 55, -4, 0, -45, 0)
(-6, 55, -3, 2, -43, 0)
(-7, 55, -5, 3, -43, 1)
(-8, 54, -4, 4, -44, 3)
(-8, 54, -2, 12, -46, 7)
(-7, 54, -2, 15, -46, 8)
(-6, 56, -3, 15, -43, 10)
(-10, 58, -6, 11, -41, 11)
(-13, 58, -6, 5, -45, 13)
(-14, 55, -3, 5, -51, 13)
(-13, 53, -1, 10, -58, 14)
(-8, 54, -3, 12, -61, 15)
(-5, 53, -6, 9, -58, 15)
(-4, 51, -3, 6, -54, 15)
(-3, 50, -1, 9, -50, 16)
(-2, 50, -2, 12, -45, 16)
(-2, 51, -4, 11, -39, 17)
(-2, 49, -2, 9, -34, 18)
(-4, 48, -2, 11, -29, 18)
(-4, 49, -2, 12, -26, 19)
(-4, 50, -2, 13, -22, 19)
(-5, 50, -3, 12, -19, 19)
(-5, 52, -5, 11, -16, 19)
(-7, 51, -4, 8, -14, 18)
(-7, 51, -3, 8, -14, 18)
(-7, 53, -5, 8, -13, 17)
(-7, 54, -5, 6, -14, 17)
(-7, 53, -6, 5, -16, 17)
(-7, 53, -6, 4, -16, 16)
(-7, 51, -6, 5, -16, 15)
(-5, 52, -7, 6, -15, 14)
(-5, 51, -7, 5, -13, 12)
(-5, 49, -6, 4, -11, 11)
(-4, 48, -3, 8, -10, 10)
(-4, 49, -1, 10, -9, 9)
(-3, 48, -1, 9, -8, 9)
(-2, 47, -2, 6, -4, 9)
(-4, 46, -1, 3, 0, 10)
(-8, 46, 0, 3, 3, 11)
(-15, 50, 3, 9, 5, 14)
(-39, 70, 11, 28, 6, 25)
(-53, 84, 16, 21, 3, 21)
(-65, 104, 20, -6, 3, -2)
(-72, 120, 25, -43, 11, -40)
(-66, 126, 22, -60, 29, -85)
(-51, 127, 6, -59, 79, -127)
(-52, 127, -10, -60, 127, -127)
(-69, 118, -21, -54, 127, -127)
(-100, 100, -36, -22, 127, -127)
(-121, 98, -41, 15, 127, -127)
(-127, 105, -39, 45, 116, -127)
(-116, 116, -40, 65, 56, -127)
(-90, 127, -52, 75, 7, -127)
(-62, 127, -56, 67, -18, -127)
(-26, 122, -28, 49, -51, -127)
(-9, 112, -22, 37, -72, -127)
(10, 94, -18, 30, -83, -127)
(17, 72, -11, 26, -75, -127)
(16, 51, 0, 31, -71, -127)
BatchID:  10




(-9, 53, -3, -4, 1, 1)
(-9, 53, -4, -3, 0, 1)
(-10, 53, -3, -2, 0, 2)
(-9, 53, -4, -2, -1, 3)
(-9, 53, -3, -1, -2, 3)
(-9, 53, -2, -1, -2, 3)
(-9, 54, -3, -1, -1, 2)
(-10, 54, -2, -2, -1, 2)
(-10, 54, -2, -2, -2, 2)
(-10, 54, -2, -2, -2, 2)
(-9, 53, -3, -3, -2, 2)
(-9, 54, -2, -3, -2, 2)
(-9, 53, -3, -3, -2, 2)
(-9, 53, -4, -3, -1, 1)
(-10, 53, -3, -3, -1, 1)
(-9, 52, -3, -3, 0, 1)
(-10, 52, -3, -3, -1, 0)
(-10, 52, -4, -2, -1, 0)
(-10, 52, -3, -2, -1, 0)
(-15, 54, -4, 0, 2, 1)
(-18, 56, -5, 2, 5, 1)
(-24, 58, -5, 7, 11, 2)
(-30, 64, -3, 13, 19, 2)
(-41, 72, -2, 18, 24, 0)
(-56, 87, -1, 16, 29, -12)
(-74, 99, -4, 10, 38, -38)
(-88, 105, -11, 15, 51, -74)
(-102, 111, -26, 35, 72, -124)
(-124, 119, -45, 71, 81, -127)
(-127, 127, -61, 97, 70, -127)
(-127, 127, -69, 104, 51, -127)
(-127, 127, -68, 103, 25, -127)
(-115, 118, -69, 109, 7, -127)
(-103, 117, -71, 104, -11, -127)
(-85, 112, -61, 92, -26, -127)
(-68, 105, -49, 89, -33, -127)
(-53, 103, -45, 90, -36, -127)
(-40, 102, -44, 86, -35, -127)
(-27, 95, -42, 79, -34, -127)
(-16, 81, -34, 75, -30, -127)
(-7, 68, -23, 79, -24, -127)
(-3, 59, -16, 87, -21, -127)
(-4, 55, -10, 91, -32, -127)
(-4, 49, -2, 86, -62, -127)
(6, 41, 9, 79, -97, -107)
(21, 31, 19, 68, -127, -79)
(36, 22, 22, 51, -127, -49)
(52, 9, 22, 27, -127, -22)
(68, -5, 19, 4, -127, -3)
(74, -17, 17, -11, -102, 5)
(69, -26, 15, -24, -51, 8)
(57, -32, 12, -34, -5, 8)
(43, -36, 9, -40, 32, 9)
(29, -35, 4, -44, 59, 14)
(-2, -30, -6, -53, 75, 34)
(-14, -30, -10, -57, 67, 46)
(-19, -30, -7, -57, 53, 59)
(-20, -28, -4, -54, 39, 71)
(-17, -22, -4, -51, 25, 85)
(-19, -14, -5, -50, 16, 104)
(-43, 0, -6, -46, -38, 127)
(-43, 6, -9, -42, -65, 127)
(-42, 12, -12, -38, -90, 127)
(-34, 16, -15, -28, -105, 127)
(-26, 20, -14, -11, -103, 127)
BatchID:  11




(-42, 58, -4, 0, -2, -62)
(-37, 53, -2, -1, 0, -66)
(-32, 49, -1, -3, 0, -68)
(-25, 44, 0, -7, -3, -66)
(-19, 39, 1, -8, -3, -62)
(-10, 37, 0, -11, -3, -43)
(-9, 35, -1, -14, -5, -29)
(-10, 33, -1, -17, -10, -15)
(-12, 31, -2, -19, -18, -1)
(-11, 29, -3, -21, -28, 9)
(-6, 27, -4, -21, -35, 18)
(-1, 27, -6, -20, -35, 25)
(3, 28, -8, -13, -13, 36)
(1, 29, -9, -8, 1, 39)
(-3, 31, -9, -3, 15, 43)
(-10, 35, -8, 3, 24, 47)
(-15, 40, -6, 8, 28, 52)
(-21, 44, -7, 9, 30, 57)
(-28, 50, -7, 5, 32, 61)
(-36, 54, -7, -1, 31, 64)
(-45, 59, -5, -9, 32, 66)
(-63, 62, -5, -8, 27, 68)
(-84, 71, -6, -3, 17, 66)
(-101, 85, -9, -2, -2, 57)
(-112, 92, -9, -9, -21, 37)
(-112, 89, -6, -15, -25, 4)
(-104, 84, -5, -5, -15, -37)
(-98, 87, -11, 9, 9, -75)
(-101, 86, -15, 17, 34, -103)
(-110, 82, -15, 34, 47, -124)
(-126, 88, -25, 59, 57, -127)
(-127, 94, -39, 73, 47, -127)
(-127, 97, -50, 75, 19, -127)
(-127, 96, -48, 78, -2, -127)
(-127, 99, -45, 84, -28, -127)
(-105, 102, -46, 86, -48, -127)
(-78, 102, -44, 78, -45, -127)
(-60, 98, -33, 75, -38, -127)
(-51, 93, -28, 74, -31, -127)
(-38, 89, -27, 68, -31, -127)
(-34, 82, -26, 57, -24, -127)
(-32, 71, -19, 49, -27, -127)
(-19, 63, -11, 48, -42, -127)
(-1, 56, -5, 44, -51, -127)
(14, 47, 3, 40, -55, -127)
(19, 32, 16, 36, -64, -127)
(26, 14, 29, 43, -84, -106)
(51, 1, 36, 24, -96, -46)
(56, -9, 35, 2, -94, -17)
(64, -19, 24, -28, -81, 5)
(61, -28, 15, -46, -51, 16)
(53, -33, 9, -54, -20, 21)
(43, -37, 4, -54, 12, 23)
(28, -40, 0, -46, 42, 28)
(13, -38, -5, -36, 62, 36)
(-1, -34, -5, -30, 70, 44)
(-12, -31, -3, -25, 66, 55)
(-16, -25, -1, -23, 55, 66)
(-15, -18, -1, -26, 43, 78)
(-10, -14, -3, -28, 36, 87)
(-5, -7, -2, -26, 39, 95)
(-7, 2, 0, -23, 50, 106)
(-16, 13, 0, -21, 56, 121)
(-30, 25, 0, -23, 51, 127)
(-43, 37, -4, -37, 31, 127)
(-49, 42, -6, -55, 1, 127)
(-49, 45, -9, -66, -29, 127)
(-38, 45, -15, -72, -56, 127)
BatchID:  12




(-4, 53, -5, 2, 0, 0)
(-3, 54, -4, 3, -1, 0)
(-2, 55, -3, 4, -2, 0)
(-1, 55, -3, 3, -3, 0)
(0, 56, -3, 2, -1, -1)
(0, 56, -3, 0, 0, -2)
(0, 56, -3, -2, 1, -2)
(0, 56, -4, -3, 2, -2)
(-1, 54, -4, -3, 1, -2)
(0, 53, -4, -3, 0, -2)
(0, 53, -4, -2, 0, -2)
(1, 53, -4, -2, 2, -2)
(1, 53, -5, -2, 3, -1)
(0, 53, -4, -1, 3, -1)
(-1, 53, -4, 0, 2, 0)
(-1, 53, -5, 0, 0, 0)
(0, 54, -5, 0, 0, 1)
(0, 54, -4, 0, 0, 1)
(0, 53, -4, 0, 0, 2)
(-1, 53, -4, -1, 1, 2)
(-1, 53, -5, -2, 1, 1)
(-1, 52, -6, -2, 2, 0)
(-1, 52, -6, -2, 3, 0)
(-1, 52, -6, -2, 3, 0)
(-2, 51, -5, -1, 4, 0)
(-3, 52, -6, 0, 2, 1)
(-4, 52, -5, 1, 0, 2)
(-5, 53, -5, 3, -2, 3)
(-4, 53, -5, 4, -4, 4)
(-4, 54, -5, 3, -6, 4)
(-3, 55, -4, 2, -6, 3)
(-2, 56, -4, 1, -5, 2)
(-3, 56, -3, 0, -4, 1)
(-2, 55, -3, -1, -2, 0)
(-2, 55, -4, 0, 0, -1)
(-3, 54, -3, 0, 0, -3)
(-3, 55, -4, 0, 0, -3)
(-4, 54, -2, 0, 0, -4)
(-4, 54, -3, 0, 0, -4)
(-4, 54, -3, 0, 0, -4)
(-7, 55, -2, 0, 1, -4)
(-10, 56, -1, 2, 0, -3)
(-16, 59, 0, 7, 0, -2)
(-25, 65, 2, 13, -3, 0)
(-35, 79, 4, 7, -6, -5)
(-49, 95, 11, -24, -6, -28)
(-56, 99, 18, -49, -6, -62)
(-39, 101, 27, -42, 13, -102)
(-34, 113, 24, -24, 92, -127)
(-54, 122, 12, -4, 127, -127)
(-100, 123, -10, 25, 127, -127)
(-127, 118, -43, 50, 127, -127)
(-127, 114, -73, 69, 127, -127)
(-127, 112, -84, 86, 127, -127)
(-127, 113, -87, 105, 127, -127)
(-127, 123, -85, 119, 60, -127)
(-127, 127, -91, 126, 5, -127)
(-127, 127, -94, 123, -21, -127)
(-92, 127, -90, 119, -32, -127)
(-44, 127, -81, 118, -23, -127)
(-16, 127, -79, 117, -2, -127)
(-14, 122, -68, 127, 2, -127)
(-29, 91, -39, 127, -64, -127)
(-15, 91, -30, 127, -114, -127)
(15, 89, -22, 127, -127, -123)
(52, 75, -9, 127, -127, -106)
(68, 49, 11, 103, -127, -99)
(77, 23, 30, 89, -121, -93)
BatchID:

(-15, 52, -6, 0, 0, 0)
(-15, 51, -6, 0, 0, 0)
(-16, 52, -5, 0, 0, 0)
(-16, 51, -6, 0, 1, 0)
(-16, 52, -5, 0, 1, 0)
(-17, 51, -5, 0, 1, 0)
(-16, 51, -5, 0, 1, 0)
(-17, 52, -5, 0, 1, 0)
(-16, 51, -5, 0, 0, 0)
(-16, 51, -5, 0, 0, 0)
(-16, 52, -5, 0, 0, 0)
(-16, 52, -5, 0, 0, 0)
(-16, 52, -5, 0, 0, 0)
(-16, 51, -6, 0, 0, 0)
(-17, 51, -5, 0, 0, 0)
(-17, 51, -5, 0, 0, 0)
(-17, 51, -5, 0, -1, 0)
(-16, 52, -5, 0, -1, 0)
(-15, 52, -5, 0, -1, 0)
(-16, 51, -6, 0, 0, 0)
(-20, 53, -6, 1, 1, 1)
(-28, 56, -8, 2, 3, 4)
(-38, 63, -9, 3, 10, 8)
(-58, 75, -8, 3, 20, 10)
(-118, 109, -14, 4, 49, -34)
(-127, 106, -27, 41, 42, -94)
(-127, 121, -45, 71, 55, -127)
(-127, 127, -61, 79, 64, -127)
(-127, 127, -77, 97, 72, -127)
(-127, 121, -81, 115, 69, -127)
(-127, 110, -75, 122, 42, -127)
(-120, 105, -68, 127, 4, -127)
(-104, 109, -67, 127, -27, -127)
(-86, 109, -61, 115, -65, -127)
(-68, 109, -56, 106, -95, -127)
(-53, 110, -55, 95, -115, -127)
(-37, 109, -52, 77, -127, -127)
(-23, 104, -46, 63, -127, -127)
(-9, 100, -43, 50, -127, -127)
(6, 93, -43, 35, -127, -127)
(22, 77, -37, 21, -127, -127)
(44, 54, -23, 14, -123, -127)
(65, 27, -7, 18, -97, -127)
(80, 1, 8, 41, -66, -115)
(90, -14, 21, 76, -35, -101)
(92, -12, 30, 92, -8, -78)
(87, -9, 45, 82, -14, -45)
(95, -7, 50, 48, -44, 16)
(100, -12, 38, 21, -25, 50)
(48, -15, 35, -9, 5, 61)
(33, -15, 15, -46, 4, 70)
(32, -14, 0, -70, 28, 80)
(11, -18, -7, -76, 58, 82)
(-8, -25, -9, -72, 61, 76)
(-7, -29, -3, -56, 60, 72)
(-3, -27, 1, -36, 70, 79)
(-7, -13, -3, -18, 78, 97)
(-34, 8, -11, -11, 71, 127)
(-47, 16, -12, -16, 56, 127)
(-55, 19, -11, -25, 32, 127)
(-51, 22, -11, -32, 8, 127)
(-46, 25, -9, -34, -1, 127)
(-42, 32, -11, -34, -6, 127)
(-37, 41, -16, -36, -4, 127)
(-39, 50, -22, -33, 7, 127)
BatchID:  2




(-12, 52, -4, 0, 0, 0)
(-12, 53, -3, 0, 0, 0)
(-13, 53, -4, 0, 1, 0)
(-14, 53, -3, 0, 1, 0)
(-15, 53, -3, 0, 0, 0)
(-16, 53, -3, -2, -1, 0)
(-16, 53, -3, -2, -2, 0)
(-15, 52, -3, -2, -3, 0)
(-14, 52, -3, -2, -4, 0)
(-13, 51, -3, -2, -5, 0)
(-12, 52, -3, -1, -4, 0)
(-11, 52, -3, -1, -3, 0)
(-10, 51, -4, -1, -2, 0)
(-10, 52, -4, 0, 0, 0)
(-11, 52, -4, 0, 2, 0)
(-11, 52, -5, 0, 4, 0)
(-13, 53, -5, 0, 5, 0)
(-13, 53, -3, 0, 5, 0)
(-13, 53, -3, 0, 6, 0)
(-14, 52, -2, 0, 5, 0)
(-15, 52, -1, 0, 4, 0)
(-15, 52, -1, 0, 3, 0)
(-15, 52, -2, 0, 1, 0)
(-15, 53, -2, 0, 0, 0)
(-16, 53, -4, 0, 0, 0)
(-21, 54, -3, 0, 1, 2)
(-25, 57, -2, 1, 1, 2)
(-31, 61, 2, 1, 5, 0)
(-36, 62, 4, 6, 11, -6)
(-42, 68, 4, 13, 23, -17)
(-50, 81, 3, 15, 47, -32)
(-60, 89, 3, 15, 79, -46)
(-69, 92, -8, 36, 127, -62)
(-99, 115, -30, 53, 127, -81)
(-127, 111, -49, 54, 118, -113)
(-127, 100, -64, 108, 15, -127)
(-127, 127, -69, 108, -31, -127)
(-109, 127, -78, 81, -65, -127)
(-90, 116, -76, 62, -72, -127)
(-87, 108, -70, 62, -81, -127)
(-82, 103, -68, 60, -100, -127)
(-70, 108, -70, 59, -114, -127)
(-55, 105, -70, 51, -126, -127)
(-39, 103, -64, 44, -127, -127)
(-17, 93, -51, 35, -127, -127)
(6, 90, -41, 32, -127, -127)
(21, 90, -37, 27, -106, -127)
(32, 75, -27, 15, -96, -127)
(43, 50, -14, 10, -90, -127)
(40, 26, -5, 26, -76, -121)
(35, 17, -1, 37, -81, -99)
(43, 14, 1, 27, -97, -82)
(60, -2, 8, 17, -102, -67)
(85, -26, 16, 19, -89, -54)
(100, -40, 23, 30, -53, -39)
(99, -41, 28, 37, -15, -19)
(87, -35, 25, 34, 17, 5)
(67, -29, 20, 28, 43, 29)
(48, -22, 16, 15, 60, 46)
(29, -18, 13, 0, 67, 60)
(17, -15, 10, -11, 67, 69)
(10, -11, 9, -18, 65, 77)
(7, -6, 7, -25, 66, 87)
(0, -2, 4, -26, 70, 99)
(-7, 5, 1, -28, 72, 112)
(-16, 13, -2, -31, 73, 127)
(-27, 19, -6, -33, 70, 127)
(-35, 24, -8, -33, 59, 127)
(-35, 31, -11, -31, 52, 127)
(-36, 37, -14, -27, 55, 127)
(-42, 47, -17, -25, 59, 127)
(-51, 59, -23, -29, 57, 127)
BatchID:  3




(-14, 52, -6, 0, 0, 0)
(-15, 52, -5, 0, 0, 0)
(-15, 52, -5, 0, 0, 0)
(-15, 52, -5, 0, 0, 0)
(-16, 51, -5, 0, 0, 0)
(-15, 52, -5, 0, -1, 0)
(-15, 52, -5, 0, -1, 0)
(-15, 52, -4, 0, -1, 0)
(-15, 52, -5, 0, -1, 0)
(-14, 52, -5, 0, -1, 0)
(-14, 52, -5, 0, -1, 0)
(-14, 52, -5, 0, -1, 0)
(-15, 52, -6, 0, -1, 0)
(-16, 52, -6, 0, -1, 0)
(-19, 53, -6, 0, -1, 1)
(-27, 56, -7, 0, -1, 3)
(-55, 82, 0, -9, 6, 0)
(-74, 97, 1, -30, 11, -16)
(-95, 96, -2, -28, 16, -43)
(-118, 87, -7, 8, 37, -78)
(-127, 100, -13, 51, 52, -117)
(-127, 126, -23, 52, 32, -127)
(-127, 126, -36, 47, 8, -127)
(-127, 123, -48, 64, -23, -127)
(-118, 116, -52, 63, -58, -127)
(-96, 108, -52, 61, -80, -127)
(-74, 105, -51, 59, -98, -127)
(-54, 104, -51, 55, -106, -127)
(-35, 101, -51, 42, -103, -127)
(-21, 97, -48, 36, -96, -127)
(-13, 88, -45, 30, -84, -127)
(-8, 80, -39, 26, -80, -127)
(-1, 70, -33, 25, -78, -127)
(-1, 67, -30, 29, -77, -127)
(3, 59, -27, 27, -80, -127)
(11, 47, -21, 26, -79, -127)
(12, 32, -15, 28, -78, -127)
(17, 19, -8, 33, -82, -120)
(21, 10, -2, 38, -88, -103)
(30, 3, 2, 34, -95, -86)
(45, -2, 10, 25, -102, -70)
(69, -15, 17, 15, -94, -55)
(87, -31, 22, 13, -58, -39)
(74, -27, 23, 18, 46, 1)
(56, -21, 20, 7, 68, 23)
(39, -19, 19, -5, 79, 43)
(22, -16, 18, -15, 80, 61)
(11, -12, 13, -25, 71, 77)
(4, -9, 10, -32, 59, 91)
(1, -6, 8, -33, 53, 107)
(-2, -2, 5, -30, 55, 122)
(-9, 3, 2, -22, 59, 127)
(-20, 11, 0, -15, 63, 127)
(-33, 18, -3, -8, 63, 127)
(-47, 26, -6, -4, 52, 127)
(-51, 30, -6, -8, 31, 127)
(-44, 34, -7, -7, 7, 127)
(-52, 42, -14, 1, 1, 127)
(-77, 55, -26, 20, 0, 127)
(-95, 63, -34, 32, -23, 127)
(-74, 56, -24, 41, -37, 127)
(-51, 56, -11, 50, 0, 127)
(-38, 59, -2, 50, 50, 117)
(-37, 74, -11, 42, 93, 81)
BatchID:  4




(-11, 53, -5, 1, -1, 0)
(-9, 54, -6, 0, 3, -1)
(-8, 54, -8, -3, 10, -2)
(-9, 50, -7, -5, 14, -3)
(-9, 49, -7, -2, 16, -2)
(-11, 50, -6, -2, 18, -2)
(-13, 49, -5, 0, 19, -1)
(-14, 51, -5, 0, 20, -1)
(-17, 52, -5, 1, 20, 0)
(-18, 53, -5, 1, 20, 0)
(-26, 55, -3, 0, 16, 0)
(-29, 56, -3, 0, 10, 0)
(-32, 56, -4, 0, 5, 0)
(-30, 56, -6, 2, 6, 0)
(-27, 58, -9, 8, 18, 0)
(-31, 60, -11, 9, 32, -5)
(-37, 60, -10, 7, 38, -15)
(-42, 58, -8, 8, 37, -26)
(-49, 61, -10, 14, 37, -35)
(-52, 66, -13, 10, 32, -43)
(-52, 59, -22, 22, 36, -56)
(-60, 66, -35, 37, 50, -66)
(-71, 74, -40, 47, 60, -80)
(-91, 83, -31, 41, 35, -91)
(-88, 78, -41, 50, 8, -102)
(-84, 82, -47, 56, 7, -114)
(-89, 87, -50, 64, -2, -123)
(-87, 89, -53, 66, -13, -127)
(-86, 89, -56, 71, -17, -127)
(-84, 86, -58, 75, -18, -127)
(-83, 80, -56, 78, -20, -127)
(-82, 77, -53, 82, -25, -127)
(-78, 75, -51, 84, -34, -127)
(-75, 75, -50, 81, -45, -127)
(-70, 72, -47, 74, -60, -127)
(-63, 69, -44, 67, -75, -127)
(-57, 63, -42, 60, -91, -127)
(-48, 61, -41, 54, -105, -127)
(-36, 54, -37, 49, -114, -127)
(-24, 47, -30, 45, -122, -127)
(-14, 41, -26, 46, -122, -127)
(0, 36, -24, 42, -110, -127)
(11, 28, -18, 35, -95, -127)
(21, 18, -6, 25, -80, -119)
(24, 0, 6, 22, -80, -92)
(33, -15, 13, 30, -86, -66)
(45, -20, 15, 36, -78, -44)
(53, -25, 21, 32, -68, -27)
(61, -33, 26, 29, -60, -14)
(64, -36, 29, 26, -41, -2)
(59, -34, 29, 18, -19, 15)
(48, -29, 25, 5, 0, 35)
(35, -25, 19, -10, 19, 52)
(23, -23, 15, -23, 34, 64)
(14, -23, 12, -33, 44, 71)
(10, -22, 9, -38, 51, 74)
(9, -18, 6, -38, 63, 79)
(3, -12, 3, -36, 77, 86)
(-6, -4, 3, -32, 84, 95)
(-18, 3, 2, -30, 82, 107)
(-27, 12, 0, -31, 72, 118)
(-34, 19, -4, -33, 58, 127)
(-37, 28, -10, -36, 51, 127)
(-43, 36, -16, -47, 47, 127)
(-51, 38, -17, -57, 35, 127)
(-53, 40, -16, -60, 17, 127)
(-55, 39, -15, -55, -1, 127)
(-47, 47, -20, -40, -14, 127)
(-37, 57, -27, -31, 0, 127)
(-37, 69, -28, -30, 24, 127)
(-51, 79, -20, -46, 43, 127)
(-71, 77, -16, -63, 26, 127)
BatchID:  5




(-17, 53, -4, 2, -6, -1)
(-15, 53, -4, 2, -5, -3)
(-14, 52, -5, 2, -5, -3)
(-13, 53, -6, 2, -2, -3)
(-11, 51, -6, 1, 0, -3)
(-12, 49, -5, 2, 1, -2)
(-12, 49, -5, 4, 1, -1)
(-12, 49, -5, 2, 0, 0)
(-13, 49, -5, 2, 2, 0)
(-14, 49, -6, 2, 3, 0)
(-17, 50, -6, 1, 5, 1)
(-19, 52, -6, 2, 6, 1)
(-21, 53, -7, 0, 6, 0)
(-23, 52, -7, 0, 4, -2)
(-23, 52, -6, 1, 0, -5)
(-23, 52, -8, 3, -3, -6)
(-24, 53, -8, 7, -1, -7)
(-30, 55, -11, 15, 2, -9)
(-42, 62, -15, 27, 11, -13)
(-64, 73, -17, 35, 17, -26)
(-89, 86, -16, 33, 13, -50)
(-107, 95, -13, 29, 0, -85)
(-116, 99, -20, 34, -14, -119)
(-103, 104, -29, 30, 0, -127)
(-88, 100, -43, 47, 48, -127)
(-109, 93, -46, 63, 85, -127)
(-127, 90, -45, 78, 78, -127)
(-127, 84, -52, 83, 50, -127)
(-127, 79, -54, 84, 13, -127)
(-117, 77, -53, 83, -25, -127)
(-101, 77, -52, 76, -58, -127)
(-83, 72, -47, 64, -89, -127)
(-70, 72, -51, 58, -110, -127)
(-60, 72, -53, 45, -127, -127)
(-47, 65, -47, 36, -127, -127)
(-35, 62, -46, 33, -127, -127)
(-23, 60, -43, 27, -127, -127)
(-12, 57, -40, 21, -127, -127)
(0, 49, -34, 13, -127, -127)
(13, 39, -27, 8, -127, -127)
(25, 29, -20, 3, -127, -124)
(38, 19, -13, -2, -115, -114)
(47, 5, -5, -6, -94, -99)
(52, -6, -1, -5, -74, -81)
(54, -16, 4, -1, -56, -60)
(57, -23, 8, 1, -39, -38)
(56, -28, 11, 1, -21, -18)
(52, -32, 13, 3, -2, 0)
(44, -32, 13, 4, 14, 18)
(35, -31, 13, 4, 25, 36)
(27, -29, 11, 3, 33, 52)
(18, -25, 10, 0, 38, 68)
(14, -24, 9, 0, 43, 80)
(10, -21, 8, 0, 47, 91)
(8, -17, 8, 1, 55, 101)
(4, -10, 8, 5, 64, 111)
(-1, -1, 6, 10, 71, 123)
(-11, 8, 3, 12, 75, 127)
(-30, 26, -2, 7, 64, 127)
(-38, 32, -5, 1, 54, 127)
(-42, 38, -7, -4, 46, 127)
(-48, 44, -10, -10, 39, 127)
(-55, 51, -12, -14, 31, 127)
(-59, 54, -11, -16, -19, 127)
(-49, 56, -18, 0, -34, 127)
(-48, 70, -27, 28, -19, 127)
(-61, 85, -33, 49, 4, 127)
(-79, 98, -32, 68, 22, 127)
BatchID:  6




(-19, 50, -3, -1, -8, -2)
(-18, 50, -4, -1, -9, -2)
(-17, 50, -5, 0, -8, -1)
(-16, 51, -5, 0, -7, -1)
(-16, 50, -5, 0, -6, 0)
(-16, 50, -5, 0, -5, 0)
(-15, 49, -4, 1, -4, 0)
(-15, 50, -4, 0, -3, 0)
(-14, 49, -5, 0, -3, 1)
(-13, 50, -4, 1, -2, 1)
(-13, 50, -5, 2, 0, 1)
(-15, 51, -6, 2, 3, 3)
(-24, 53, -6, 3, 5, 5)
(-32, 58, -6, 2, 3, 6)
(-40, 62, -5, -1, 0, 4)
(-47, 68, -2, -7, -5, -1)
(-54, 77, -3, -15, -6, -12)
(-60, 80, -6, -16, 4, -29)
(-63, 76, -5, -6, 31, -53)
(-77, 78, -8, 20, 61, -78)
(-89, 85, -15, 36, 79, -100)
(-96, 93, -22, 41, 91, -119)
(-105, 92, -29, 48, 99, -127)
(-121, 93, -35, 57, 85, -127)
(-127, 95, -41, 62, 51, -127)
(-127, 94, -46, 69, 7, -127)
(-124, 89, -47, 74, -38, -127)
(-104, 87, -47, 77, -73, -127)
(-88, 87, -50, 71, -94, -127)
(-74, 84, -49, 56, -109, -127)
(-63, 77, -46, 45, -122, -127)
(-55, 74, -43, 39, -127, -127)
(-48, 73, -43, 30, -127, -127)
(-37, 69, -42, 18, -127, -127)
(-22, 66, -39, 8, -127, -127)
(-12, 58, -35, -4, -127, -127)
(-6, 48, -30, -8, -127, -127)
(2, 38, -25, -11, -127, -127)
(15, 23, -20, -10, -127, -127)
(24, 12, -12, -6, -123, -120)
(35, 1, -7, -3, -104, -114)
(46, -8, -1, 0, -83, -108)
(58, -18, 3, 7, -58, -99)
(71, -29, 8, 15, -24, -82)
(72, -36, 13, 22, 10, -60)
(62, -37, 15, 30, 35, -33)
(47, -31, 15, 31, 43, -4)
(34, -26, 17, 25, 41, 22)
(21, -24, 17, 17, 39, 43)
(9, -22, 15, 10, 33, 59)
(1, -20, 14, 2, 24, 72)
(-1, -21, 13, -3, 17, 81)
(4, -21, 12, -4, 16, 87)
(12, -18, 11, -2, 29, 92)
(15, -12, 9, 3, 51, 100)
(12, -1, 7, 10, 77, 110)
(0, 8, 4, 16, 97, 121)
(-15, 19, 2, 19, 106, 127)
(-30, 27, -1, 17, 101, 127)
(-39, 35, -5, 12, 90, 127)
(-51, 40, -7, 7, 82, 127)
(-65, 43, -7, 3, 67, 127)
(-67, 44, -7, 6, 34, 127)
(-61, 43, -11, 15, 11, 127)
(-53, 46, -22, 46, 10, 127)
(-50, 53, -34, 82, 31, 127)
(-54, 63, -42, 111, 62, 127)
(-66, 80, -40, 122, 90, 127)
(-75, 92, -33, 95, 108, 127)
(-80, 85, -26, 52, 92, 115)
BatchID:  7




(-21, 54, -6, 1, -9, -1)
(-19, 54, -6, 0, -8, -2)
(-19, 53, -6, 0, -7, -4)
(-18, 52, -6, 0, -4, -5)
(-19, 52, -6, 0, -2, -6)
(-19, 52, -5, 0, -2, -6)
(-19, 51, -7, -1, -3, -6)
(-18, 51, -6, -2, -3, -6)
(-17, 50, -6, -2, -4, -6)
(-17, 50, -5, -1, -4, -5)
(-16, 50, -5, -1, -3, -5)
(-15, 50, -4, 0, -1, -4)
(-13, 50, -5, -1, 1, -4)
(-13, 51, -5, -3, 6, -4)
(-18, 52, -7, -5, 11, -4)
(-26, 55, -7, -4, 16, -2)
(-37, 61, -8, -2, 21, -1)
(-50, 65, -11, 1, 25, -5)
(-64, 70, -11, 8, 28, -17)
(-81, 76, -9, 14, 22, -33)
(-90, 80, -11, 17, 3, -53)
(-92, 86, -15, 19, -9, -73)
(-92, 92, -19, 19, -15, -89)
(-90, 96, -23, 19, -18, -102)
(-90, 97, -26, 24, -15, -114)
(-94, 98, -27, 31, -13, -127)
(-97, 98, -28, 35, -19, -127)
(-94, 96, -28, 35, -30, -127)
(-87, 94, -30, 34, -39, -127)
(-79, 94, -33, 30, -41, -127)
(-76, 89, -30, 22, -46, -127)
(-70, 79, -24, 16, -57, -127)
(-55, 74, -25, 8, -78, -127)
(-44, 65, -19, 2, -87, -127)
(-37, 62, -20, 0, -88, -127)
(-33, 60, -24, -7, -87, -127)
(-19, 50, -21, -20, -90, -127)
(-10, 38, -17, -22, -87, -127)
(-4, 30, -13, -24, -74, -127)
(2, 24, -13, -26, -65, -127)
(10, 13, -11, -32, -58, -127)
(16, 1, -8, -33, -46, -127)
(22, -12, -2, -27, -32, -127)
(29, -22, 1, -14, -23, -127)
(36, -29, 3, -1, -13, -116)
(42, -32, 5, 6, 0, -96)
(48, -37, 9, 11, 10, -73)
(48, -41, 10, 14, 18, -48)
(43, -41, 13, 17, 27, -18)
(35, -37, 14, 12, 30, 12)
(24, -33, 12, 2, 27, 39)
(16, -31, 11, -6, 22, 62)
(0, -31, 9, -10, 12, 91)
(-2, -30, 9, -5, 7, 98)
(0, -25, 9, 0, 10, 103)
(1, -20, 8, 1, 22, 108)
(0, -13, 5, 5, 38, 115)
(-7, -4, 2, 8, 56, 126)
(-13, 4, 0, 7, 65, 127)
(-21, 11, -2, 4, 67, 127)
(-30, 19, -5, 2, 68, 127)
(-39, 27, -6, -2, 63, 127)
(-52, 37, -8, -10, 53, 127)
(-62, 42, -12, -20, 37, 127)
(-63, 45, -16, -26, 22, 127)
(-60, 44, -14, -27, 17, 127)
(-54, 49, -14, -20, 22, 127)
(-49, 55, -15, -19, 32, 127)
BatchID:  8




(-17, 52, -2, 0, 0, 0)
(-17, 52, -1, 0, 0, 0)
(-17, 51, -2, 0, 0, 0)
(-17, 51, -1, 0, 0, 0)
(-17, 52, -2, 0, 0, 0)
(-16, 51, -2, 0, 0, 0)
(-16, 52, -2, 0, 0, 0)
(-16, 52, -2, 0, 0, 0)
(-17, 51, -1, 0, 0, 0)
(-17, 52, -1, 0, 0, 0)
(-18, 52, -1, 0, 0, 0)
(-18, 52, -2, 0, -1, 0)
(-17, 51, -2, 0, -1, 0)
(-17, 51, -2, 0, -1, 0)
(-16, 51, -1, 0, 0, 0)
(-16, 51, -1, 0, 0, 0)
(-16, 51, -2, 0, 0, 0)
(-17, 51, -1, 0, 0, 0)
(-26, 55, -2, 1, -2, 1)
(-33, 59, 0, 1, -3, 0)
(-42, 68, 0, 0, -1, -3)
(-53, 73, 1, -2, 5, -13)
(-61, 75, -1, 5, 17, -30)
(-92, 95, -7, 31, 59, -73)
(-111, 99, -15, 39, 63, -97)
(-123, 100, -26, 48, 59, -125)
(-127, 107, -37, 63, 50, -127)
(-127, 114, -46, 67, 27, -127)
(-127, 113, -50, 68, -4, -127)
(-121, 105, -49, 74, -32, -127)
(-105, 102, -49, 76, -56, -127)
(-87, 99, -49, 70, -75, -127)
(-71, 92, -46, 61, -88, -127)
(-55, 87, -42, 55, -99, -127)
(-44, 84, -40, 49, -103, -127)
(-35, 86, -39, 41, -106, -127)
(-25, 78, -37, 30, -112, -127)
(-12, 71, -32, 22, -108, -127)
(0, 61, -28, 19, -101, -127)
(9, 52, -22, 19, -87, -127)
(13, 43, -18, 19, -69, -127)
(14, 32, -12, 20, -55, -127)
(16, 20, -6, 19, -47, -127)
(22, 6, 1, 18, -43, -127)
(30, -4, 9, 23, -38, -123)
(34, -9, 17, 24, -32, -107)
(39, -11, 19, 14, -33, -84)
(49, -20, 22, 2, -37, -59)
(54, -29, 25, -4, -31, -31)
(51, -29, 23, -8, -15, -2)
(44, -27, 20, -16, -6, 23)
(37, -29, 17, -22, 2, 41)
(15, -28, 10, -26, 23, 66)
(7, -28, 8, -24, 30, 76)
(4, -25, 7, -21, 35, 86)
(0, -20, 7, -17, 41, 96)
(-4, -14, 5, -12, 45, 109)
(-8, -8, 3, -7, 48, 123)
(-15, 0, 0, -2, 52, 127)
(-25, 8, -2, 0, 54, 127)
(-37, 15, -3, -1, 48, 127)
(-51, 26, -3, -8, 33, 127)
(-62, 32, -6, -21, 10, 127)
(-56, 31, -9, -28, -13, 127)
(-40, 32, -10, -23, -3, 127)
(-39, 38, -10, -13, 20, 127)
(-45, 43, -9, -4, 33, 127)
BatchID:  9




(-19, 51, -6, 0, 0, 0)
(-19, 51, -6, 0, 0, 0)
(-20, 51, -6, 0, 0, 0)
(-21, 52, -5, -1, 0, -1)
(-22, 52, -5, -3, -1, -2)
(-24, 54, -5, -5, -6, -2)
(-23, 53, -5, -6, -9, -3)
(-20, 52, -5, -6, -9, -5)
(-18, 51, -6, -5, -8, -6)
(-17, 50, -5, -4, -7, -6)
(-16, 50, -5, -2, -5, -6)
(-16, 49, -4, -1, -3, -5)
(-15, 49, -4, -1, -2, -4)
(-16, 49, -4, 0, -1, -2)
(-16, 49, -4, 0, 0, -1)
(-17, 49, -5, 0, 1, 0)
(-23, 51, -4, 0, 2, 0)
(-44, 59, -4, 5, 2, -1)
(-59, 71, -8, 10, 8, -5)
(-73, 86, -14, 10, 25, -16)
(-89, 94, -19, 10, 53, -46)
(-114, 94, -27, 31, 76, -85)
(-127, 101, -35, 58, 73, -127)
(-127, 110, -42, 79, 53, -127)
(-127, 116, -48, 88, 27, -127)
(-127, 112, -53, 89, 0, -127)
(-113, 102, -55, 91, -19, -127)
(-104, 98, -55, 91, -37, -127)
(-88, 90, -52, 82, -57, -127)
(-72, 82, -46, 72, -75, -127)
(-59, 78, -42, 63, -86, -127)
(-48, 78, -42, 54, -97, -127)
(-37, 77, -44, 43, -105, -127)
(-25, 69, -41, 32, -109, -127)
(-15, 61, -37, 30, -102, -127)
(-8, 52, -32, 29, -95, -127)
(0, 44, -26, 30, -91, -127)
(4, 37, -19, 32, -83, -127)
(6, 30, -13, 33, -76, -127)
(8, 23, -6, 32, -74, -127)
(13, 11, 0, 33, -80, -121)
(19, 3, 6, 35, -88, -105)
(28, -2, 12, 31, -93, -86)
(43, -8, 16, 20, -92, -64)
(56, -16, 18, 5, -77, -43)
(62, -29, 23, -6, -15, -4)
(51, -28, 21, -8, 12, 15)
(40, -27, 19, -13, 27, 32)
(27, -27, 15, -17, 37, 48)
(15, -24, 12, -20, 41, 64)
(7, -22, 9, -24, 40, 78)
(5, -20, 6, -26, 37, 91)
(3, -11, 2, -21, 47, 113)
(-2, -1, 0, -20, 53, 125)
(-12, 7, -4, -20, 58, 127)
(-29, 15, -7, -21, 54, 127)
(-49, 24, -8, -27, 37, 127)
(-63, 27, -10, -35, 4, 127)
(-57, 26, -10, -36, -23, 127)
(-48, 27, -9, -28, -27, 127)
(-36, 31, -13, -12, -17, 127)
(-33, 43, -14, 4, 13, 127)
(-52, 56, -18, 19, 47, 127)
(-72, 65, -16, 26, 58, 127)
(-97, 73, -19, 27, 61, 127)
BatchID:  10




(-16, 51, -5, 0, 0, 0)
(-16, 51, -5, 0, 0, 0)
(-16, 52, -6, 0, 0, 0)
(-16, 52, -5, 0, 0, 0)
(-16, 52, -6, 0, 0, 0)
(-15, 51, -5, 0, 0, 0)
(-15, 52, -5, 0, 1, 0)
(-15, 52, -6, 0, 2, 0)
(-16, 51, -6, 0, 2, 0)
(-16, 51, -5, 0, 2, 0)
(-16, 51, -5, 0, 2, 0)
(-17, 50, -5, 0, 2, 0)
(-19, 51, -5, 0, 3, 0)
(-25, 54, -4, 1, 3, 0)
(-27, 56, -3, 1, 0, -1)
(-31, 60, -5, 0, 3, -3)
(-38, 65, -7, 0, 15, -8)
(-46, 67, -6, 1, 23, -21)
(-58, 68, -3, 8, 27, -37)
(-70, 74, -5, 20, 23, -64)
(-81, 84, -16, 21, 28, -77)
(-86, 88, -27, 29, 39, -92)
(-95, 91, -36, 46, 50, -114)
(-109, 95, -43, 60, 50, -127)
(-117, 96, -52, 68, 9, -127)
(-114, 98, -59, 70, -12, -127)
(-106, 99, -65, 67, -31, -127)
(-98, 93, -65, 61, -43, -127)
(-92, 83, -57, 58, -56, -127)
(-83, 73, -47, 58, -74, -127)
(-70, 72, -42, 59, -96, -127)
(-56, 71, -41, 58, -112, -127)
(-38, 70, -40, 55, -113, -127)
(-24, 64, -35, 49, -103, -127)
(-14, 56, -26, 47, -94, -127)
(-3, 47, -16, 46, -86, -127)
(3, 42, -12, 46, -81, -127)
(8, 39, -8, 38, -78, -127)
(13, 31, -7, 25, -79, -127)
(20, 18, -2, 10, -83, -107)
(28, 3, 5, 2, -84, -91)
(37, -12, 11, 5, -79, -75)
(47, -18, 13, 10, -65, -57)
(51, -23, 16, 10, -47, -40)
(51, -28, 16, 10, -28, -20)
(48, -31, 17, 9, -10, -2)
(40, -31, 17, 6, 4, 14)
(30, -29, 16, -1, 13, 30)
(24, -28, 15, -10, 19, 44)
(19, -27, 13, -17, 25, 56)
(15, -24, 10, -23, 31, 67)
(13, -21, 7, -29, 38, 77)
(12, -18, 5, -32, 48, 86)
(9, -12, 3, -32, 64, 96)
(2, -5, 0, -31, 76, 106)
(-11, 3, -2, -30, 81, 118)
(-27, 11, -5, -29, 73, 127)
(-39, 19, -8, -31, 54, 127)
(-46, 23, -11, -33, 34, 127)
(-51, 26, -15, -32, 18, 127)
(-52, 29, -17, -26, 6, 127)
(-52, 35, -17, -17, 2, 127)
(-54, 44, -16, -11, 3, 127)
(-55, 50, -18, -8, 3, 127)
(-53, 59, -21, -5, 9, 127)
(-53, 66, -25, -1, 23, 127)
(-62, 73, -26, 0, 44, 127)
(-73, 84, -25, 0, 58, 127)
(-85, 86, -25, -8, 49, 127)
BatchID:  11




(-22, 52, -6, 0, 0, 0)
(-22, 51, -6, 0, -1, 0)
(-20, 51, -6, 1, -2, 0)
(-20, 51, -6, 1, -1, 0)
(-20, 52, -6, 2, -1, 0)
(-20, 51, -6, 0, 0, 0)
(-20, 50, -5, 0, 0, -1)
(-19, 50, -7, 0, -2, -2)
(-18, 50, -6, 0, -3, -1)
(-18, 50, -6, 0, -4, -1)
(-16, 50, -6, -2, -5, 0)
(-15, 50, -5, -2, -5, 0)
(-14, 50, -4, -1, -4, 0)
(-13, 50, -4, 0, -3, 1)
(-15, 50, -5, 0, 0, 2)
(-21, 52, -4, 2, 3, 3)
(-32, 58, -4, 5, 7, 4)
(-49, 70, -6, 5, 15, 1)
(-71, 83, -8, -4, 25, -11)
(-101, 90, -9, -9, 26, -38)
(-111, 88, -12, 10, 17, -72)
(-114, 106, -27, 40, 43, -127)
(-113, 105, -36, 54, 63, -127)
(-125, 104, -43, 67, 64, -127)
(-127, 102, -46, 71, 40, -127)
(-127, 100, -47, 71, 8, -127)
(-121, 97, -50, 71, -26, -127)
(-105, 96, -54, 71, -56, -127)
(-86, 91, -52, 65, -75, -127)
(-71, 84, -45, 60, -88, -127)
(-58, 84, -43, 56, -97, -127)
(-47, 85, -46, 46, -103, -127)
(-32, 77, -39, 33, -110, -127)
(-17, 72, -32, 28, -113, -127)
(10, 59, -23, 17, -101, -127)
(16, 47, -22, 12, -83, -127)
(23, 32, -13, 8, -67, -127)
(28, 14, -3, 13, -62, -127)
(31, 3, 3, 19, -57, -117)
(36, -2, 8, 24, -56, -97)
(44, -8, 13, 21, -61, -73)
(53, -17, 15, 15, -61, -49)
(63, -27, 19, 12, -54, -25)
(67, -31, 20, 13, -35, -2)
(60, -30, 18, 9, -9, 23)
(48, -28, 15, 3, 8, 46)
(34, -26, 12, -4, 21, 63)
(22, -25, 10, -9, 29, 75)
(14, -23, 9, -12, 34, 84)
(12, -20, 7, -13, 38, 90)
(10, -15, 5, -13, 48, 98)
(7, -9, 3, -12, 57, 109)
(1, -1, 0, -9, 66, 122)
(-8, 6, -2, -6, 76, 127)
(-23, 16, -4, -3, 77, 127)
(-37, 24, -6, -3, 64, 127)
(-45, 29, -8, -3, 47, 127)
(-50, 34, -10, -4, 37, 127)
(-54, 40, -13, -5, 31, 127)
(-55, 46, -15, -9, 30, 127)
(-56, 53, -18, -10, 32, 127)
(-54, 58, -21, -10, 39, 127)
(-38, 63, -27, -2, 66, 127)
(-44, 68, -37, 6, 119, 127)
(-72, 72, -45, 18, 127, 122)
(-111, 82, -47, 16, 127, 104)
(-127, 98, -50, -2, 87, 105)
(-127, 89, -47, -28, 8, 110)
(-107, 69, -36, -26, -40, 110)
BatchID:  12




(-16, 52, -4, 0, 0, 0)
(-16, 52, -4, 0, 0, 0)
(-16, 51, -4, 0, 0, 0)
(-16, 52, -4, 0, 0, 0)
(-16, 52, -5, 0, 0, 0)
(-16, 52, -5, 0, 0, 0)
(-16, 52, -4, 0, 0, 0)
(-16, 51, -4, 0, 0, 0)
(-15, 51, -4, 0, 0, 0)
(-15, 52, -4, 0, 0, 0)
(-16, 52, -4, 0, 0, 0)
(-16, 52, -4, 0, 0, 0)
(-16, 52, -5, 0, 0, 0)
(-16, 52, -4, 0, 0, 0)
(-19, 52, -4, 0, 0, 0)
(-25, 55, -5, 1, -2, 2)
(-33, 59, -5, 2, -6, 4)
(-41, 65, -4, 0, -11, 5)
(-45, 72, 0, -9, -17, -1)
(-47, 75, 1, -22, -21, -17)
(-45, 73, 4, -24, -15, -39)
(-42, 69, 2, -10, 9, -61)
(-55, 76, -1, 3, 50, -79)
(-66, 77, -2, 9, 78, -91)
(-91, 85, -13, 37, 107, -107)
(-122, 97, -24, 47, 108, -125)
(-127, 101, -31, 50, 62, -127)
(-127, 103, -38, 60, 22, -127)
(-127, 111, -49, 68, -4, -127)
(-119, 114, -57, 63, -34, -127)
(-102, 104, -55, 57, -50, -127)
(-88, 93, -47, 60, -60, -127)
(-80, 90, -46, 60, -71, -127)
(-58, 84, -42, 40, -106, -127)
(-39, 78, -40, 34, -116, -127)
(-21, 72, -35, 28, -111, -127)
(-4, 62, -27, 24, -99, -127)
(7, 54, -22, 22, -77, -127)
(12, 45, -19, 21, -55, -127)
(13, 35, -15, 22, -38, -127)
(11, 25, -9, 26, -30, -127)
(14, 17, -2, 28, -34, -127)
(20, 9, 6, 29, -44, -125)
(27, 2, 12, 28, -51, -103)
(35, -6, 17, 23, -54, -82)
(45, -13, 19, 16, -53, -61)
(53, -20, 22, 6, -43, -42)
(55, -28, 25, -1, -30, -24)
(53, -30, 24, -8, -12, -1)
(43, -31, 20, -14, 2, 22)
(34, -27, 17, -21, 10, 47)
(23, -26, 14, -27, 17, 65)
(13, -25, 11, -29, 20, 79)
(9, -25, 9, -28, 20, 88)
(9, -22, 7, -22, 25, 95)
(7, -15, 6, -15, 34, 105)
(3, -7, 5, -10, 43, 119)
(-4, 1, 2, -4, 50, 127)
(-18, 10, -1, 0, 54, 127)
(-30, 17, -4, 3, 51, 127)
(-41, 23, -5, 4, 44, 127)
(-48, 28, -4, 2, 33, 127)
(-55, 34, -4, -2, 19, 127)
(-61, 41, -7, -12, 1, 127)
(-63, 47, -10, -22, -19, 127)
(-57, 50, -17, -24, -32, 127)
(-43, 54, -21, -16, -10, 127)
BatchID:  13




(-17, 51, -6, 0, 0, 0)
(-17, 51, -6, 0, 0, 0)
(-17, 51, -7, 0, 0, 0)
(-17, 51, -6, 0, 0, 0)
(-17, 51, -5, 0, 0, 0)
(-17, 51, -6, 0, 0, 0)
(-18, 52, -6, 0, 0, 0)
(-18, 52, -6, 0, 0, 0)
(-18, 52, -5, 0, 0, 0)
(-17, 52, -5, 0, 0, -1)
(-16, 51, -4, 0, 0, -1)
(-16, 51, -4, 0, 0, 0)
(-16, 51, -5, 0, 0, 0)
(-16, 51, -5, 0, 0, 0)
(-18, 52, -5, 0, 0, 0)
(-22, 53, -6, 0, 1, 1)
(-30, 56, -5, 0, 1, 3)
(-37, 61, -2, 0, 1, 4)
(-47, 73, -1, -1, 7, 0)
(-57, 84, -6, -9, 22, -12)
(-75, 87, -9, -14, 44, -39)
(-93, 84, -10, 2, 65, -74)
(-116, 89, -14, 22, 80, -111)
(-124, 91, -27, 54, 82, -127)
(-127, 103, -44, 74, 75, -127)
(-127, 109, -52, 79, 48, -127)
(-127, 105, -53, 82, 15, -127)
(-126, 104, -54, 85, -17, -127)
(-115, 104, -55, 79, -53, -127)
(-95, 98, -53, 69, -86, -127)
(-76, 95, -52, 65, -107, -127)
(-57, 90, -50, 58, -113, -127)
(-42, 87, -47, 54, -110, -127)
(-32, 83, -44, 49, -97, -127)
(-28, 78, -39, 42, -87, -127)
(-23, 73, -33, 39, -88, -127)
(-19, 70, -30, 34, -86, -127)
(-21, 64, -28, 30, -90, -127)
(-21, 54, -23, 24, -100, -127)
(-21, 45, -21, 19, -109, -127)
(-6, 32, -16, 12, -119, -127)
(12, 22, -9, 10, -121, -127)
(37, 13, -3, 2, -109, -127)
(60, -1, 8, -2, -89, -127)
(74, -16, 17, -2, -68, -112)
(84, -28, 19, -4, -47, -82)
(85, -34, 19, -3, -26, -46)
(82, -33, 20, -2, -6, -5)
(68, -32, 20, -4, 7, 27)
(48, -28, 16, -7, 15, 51)
(31, -26, 11, -13, 17, 67)
(12, -24, 3, -24, 23, 91)
(7, -24, 0, -24, 31, 99)
(2, -22, 0, -22, 42, 106)
(-3, -19, -1, -16, 52, 112)
(-11, -13, -2, -9, 61, 121)
(-23, -4, -4, -5, 67, 127)
(-37, 3, -5, -3, 63, 127)
(-47, 9, -5, -4, 49, 127)
(-55, 15, -5, -5, 35, 127)
(-56, 17, -4, -7, 24, 127)
(-51, 20, -3, -5, 22, 127)
(-47, 24, -2, 0, 25, 127)
(-49, 30, -1, 5, 27, 127)
(-52, 39, -3, 11, 28, 127)
(-57, 46, -3, 9, 24, 127)
(-65, 52, -5, 11, 14, 127)
(-65, 53, -4, 12, -11, 127)
(-62, 53, 0, 15, -34, 127)
(-59, 55, 0, 21, -62, 127)
(-45, 60, -7, 31, -85, 127)
BatchID:  14

\  13




(-52, 81, -32, -2, 27, 65)
(-45, 73, -27, 0, 26, 53)
(-43, 67, -23, 4, 29, 41)
(-41, 64, -20, 9, 31, 29)
(-40, 62, -16, 12, 30, 18)
(-36, 60, -13, 13, 28, 9)
(-31, 55, -12, 9, 30, -3)
(-31, 54, -11, 5, 30, -8)
(-32, 52, -9, 0, 26, -12)
(-31, 51, -9, -1, 22, -15)
(-29, 50, -9, -5, 17, -17)
(-26, 50, -10, -8, 13, -19)
(-24, 49, -10, -11, 12, -21)
(-23, 49, -10, -11, 12, -23)
(-23, 48, -10, -10, 11, -23)
(-24, 48, -10, -8, 8, -24)
(-23, 49, -9, -4, 6, -24)
(-22, 50, -9, -2, 3, -24)
(-20, 51, -9, -1, 0, -25)
(-16, 54, -9, -2, 0, -27)
(-16, 54, -8, -2, -1, -27)
(-14, 54, -9, -3, -2, -28)
(-11, 54, -8, -2, -3, -27)
(-10, 54, -7, -2, -4, -27)
(-8, 53, -7, -2, -4, -26)
(-7, 54, -6, 0, -5, -23)
(-6, 54, -5, 1, -10, -16)
(-6, 54, -4, 2, -12, -12)
(-6, 55, -3, 2, -15, -9)
(-5, 55, -2, 3, -18, -5)
(-4, 56, -3, 2, -21, -3)
(-2, 56, -3, 1, -21, 0)
(-3, 57, -3, -1, -20, 1)
(-2, 56, -3, -4, -18, 3)
(-4, 55, -3, -6, -16, 5)
(-6, 54, -3, -6, -12, 7)
(-11, 54, -6, -5, -7, 11)
(-19, 56, -6, -1, -2, 17)
(-31, 61, -8, 1, 0, 20)
(-47, 68, -8, 1, -1, 18)
(-63, 75, -9, 0, -8, 9)
(-77, 82, -11, 2, -14, -5)
(-87, 90, -13, 6, -25, -28)
(-91, 96, -18, 8, -28, -55)
(-93, 99, -26, 15, -21, -85)
(-99, 108, -38, 29, -7, -116)
(-107, 113, -49, 44, -2, -127)
(-114, 114, -54, 51, -9, -127)
(-113, 108, -54, 62, -24, -127)
(-107, 106, -54, 71, -42, -127)
(-94, 105, -56, 73, -61, -127)
(-77, 104, -56, 69, -72, -127)
(-63, 98, -51, 63, -75, -127)
(-47, 90, -44, 58, -70, -127)
(-28, 79, -34, 56, -50, -127)
(-21, 73, -30, 53, -41, -127)
(-16, 64, -22, 53, -33, -127)
(-14, 59, -16, 53, -28, -127)
(-12, 53, -12, 52, -32, -127)
(-5, 45, -10, 47, -38, -127)
(1, 37, -7, 40, -42, -127)
(7, 28, -1, 31, -43, -127)
(12, 17, 5, 24, -47, -113)
(18, 8, 11, 19, -54, -98)
(27, 1, 14, 15, -59, -81)
BatchID:  14




(-9, 52, -5, -1, 0, 1)
(-9, 53, -5, 0, 0, 1)
(-9, 53, -6, -1, 0, 1)
(-9, 53, -6, -1, 0, 1)
(-9, 53, -6, -1, 0, 1)
(-9, 53, -6, 0, 0, 1)
(-8, 53, -6, 0, 0, 1)
(-9, 53, -6, 0, 0, 1)
(-8, 53, -6, 0, 1, 1)
(-9, 52, -5, 0, 1, 0)
(-8, 53, -5, 0, 1, 0)
(-8, 53, -5, 0, 0, 0)
(-9, 53, -5, 0, 0, 1)
(-8, 53, -4, 0, 0, 1)
(-8, 53, -5, 0, 0, 1)
(-9, 52, -5, 0, 1, 1)
(-9, 52, -5, 0, 2, 1)
(-12, 52, -6, 0, 3, 2)
(-16, 53, -7, 1, 4, 3)
(-25, 56, -9, 5, 5, 5)
(-37, 60, -12, 9, 6, 10)
(-56, 69, -14, 16, 6, 14)
(-87, 90, -17, 18, 5, 9)
(-127, 113, -22, 15, -23, -75)
(-127, 127, -21, 41, -26, -127)
(-122, 127, -40, 62, -17, -127)
(-116, 127, -61, 70, 0, -127)
(-113, 127, -71, 76, 16, -127)
(-114, 127, -63, 90, 11, -127)
(-108, 123, -57, 112, -4, -127)
(-92, 125, -56, 121, -28, -127)
(-72, 127, -53, 109, -48, -127)
(-61, 127, -48, 89, -62, -127)
(-45, 121, -46, 70, -80, -127)
(-29, 114, -42, 55, -90, -127)
(-15, 97, -36, 42, -92, -127)
(-2, 84, -29, 38, -95, -127)
(4, 76, -27, 40, -87, -127)
(9, 69, -29, 33, -74, -127)
(14, 54, -23, 24, -72, -127)
(22, 35, -11, 22, -72, -127)
(29, 20, 0, 30, -66, -127)
(36, 13, 4, 36, -62, -123)
(58, -5, 17, 25, -61, -83)
(69, -18, 25, 32, -50, -61)
(74, -21, 27, 36, -26, -33)
(66, -15, 29, 19, -12, 3)
(61, -19, 19, 0, -7, 33)
(46, -24, 17, -16, 12, 45)
(33, -29, 11, -26, 23, 56)
(26, -25, 6, -31, 39, 64)
(15, -25, 3, -35, 53, 69)
(3, -24, 0, -32, 58, 78)
(-4, -19, 0, -28, 59, 88)
(-13, -13, -1, -23, 54, 103)
(-21, -5, -3, -21, 45, 119)
(-24, 0, -5, -21, 35, 127)
(-26, 6, -10, -22, 30, 127)
(-29, 12, -12, -24, 27, 127)
(-33, 18, -11, -23, 22, 127)
(-33, 25, -10, -21, 18, 127)
(-35, 34, -12, -18, 13, 127)
(-34, 43, -17, -18, 14, 127)
(-39, 52, -20, -21, 20, 127)
(-54, 74, -32, -21, 19, 127)
BatchID:  2




(-12, 53, -5, 0, 0, -1)
(-12, 52, -4, -1, 0, -1)
(-12, 52, -3, -1, 0, -1)
(-12, 52, -5, 0, 0, 0)
(-11, 52, -4, 0, 0, 0)
(-11, 52, -4, 0, 0, 0)
(-11, 53, -5, 0, 0, 0)
(-11, 53, -5, 0, 0, 0)
(-12, 53, -5, -1, 0, 0)
(-12, 53, -5, -1, 0, -1)
(-11, 53, -5, 0, 0, -1)
(-10, 52, -5, 0, 0, -1)
(-11, 52, -5, 0, 0, 0)
(-10, 52, -5, 0, 0, 0)
(-10, 52, -5, 0, 0, 0)
(-10, 52, -5, 0, 0, 0)
(-11, 52, -6, 0, 0, 0)
(-13, 53, -6, 0, 0, 1)
(-14, 52, -6, 2, 1, 3)
(-18, 54, -8, 6, 7, 5)
(-21, 54, -9, 10, 15, 6)
(-32, 58, -8, 15, 24, 8)
(-52, 67, -9, 19, 23, 13)
(-75, 83, -14, 18, 16, 21)
(-99, 106, -26, 10, 9, 22)
(-127, 112, -47, 11, -17, -10)
(-127, 112, -48, 38, -73, -71)
(-127, 123, -50, 98, -109, -127)
(-127, 127, -74, 127, -108, -127)
(-123, 127, -103, 127, -94, -127)
(-99, 127, -110, 105, -60, -127)
(-90, 127, -88, 89, -41, -127)
(-84, 122, -62, 88, -49, -127)
(-74, 113, -51, 96, -65, -127)
(-57, 127, -53, 94, -93, -127)
(-34, 127, -56, 71, -118, -127)
(-9, 125, -55, 51, -120, -127)
(9, 107, -49, 36, -110, -127)
(20, 91, -38, 27, -100, -127)
(26, 76, -29, 25, -92, -127)
(29, 63, -22, 25, -87, -127)
(30, 51, -14, 23, -84, -127)
(32, 36, -8, 18, -86, -108)
(38, 17, 1, 16, -86, -91)
(46, -1, 9, 26, -81, -76)
(66, -15, 15, 39, -28, -53)
(61, -20, 17, 31, 3, -39)
(49, -25, 19, 24, 21, -24)
(37, -25, 18, 13, 31, -6)
(27, -25, 18, 2, 34, 12)
(18, -25, 16, -6, 34, 30)
(11, -25, 16, -13, 34, 46)
(4, -19, 14, -17, 32, 68)
(4, -16, 14, -17, 34, 77)
(6, -10, 13, -16, 39, 87)
(6, 0, 9, -18, 47, 97)
(4, 7, 7, -23, 56, 110)
(-2, 17, 1, -30, 63, 123)
(-10, 26, -3, -41, 64, 127)
(-17, 33, -6, -57, 59, 127)
(-22, 37, -9, -67, 51, 127)
(-27, 44, -14, -70, 45, 127)
(-33, 53, -20, -69, 37, 127)
(-40, 64, -29, -67, 31, 127)
(-46, 72, -40, -59, 25, 127)
(-49, 73, -42, -44, 23, 127)
(-48, 73, -42, -15, 25, 127)
BatchID:  3




(-11, 52, -7, -1, 3, -1)
(-12, 52, -7, -1, 2, 0)
(-14, 52, -7, 0, 1, 0)
(-16, 54, -8, 1, 0, 0)
(-19, 54, -8, 2, 0, 1)
(-25, 56, -7, 4, 2, 1)
(-32, 60, -9, 6, 2, 2)
(-42, 64, -7, 4, 1, 0)
(-58, 66, -8, 0, -16, -9)
(-62, 61, -7, 0, -46, -24)
(-41, 62, -4, 11, -69, -45)
(-26, 67, -8, 4, -66, -48)
(-17, 63, -8, -3, -51, -49)
(-11, 54, -3, -5, -33, -52)
(-8, 49, 1, 0, -19, -55)
(-10, 49, 0, 4, -8, -55)
(-15, 52, -4, 6, 0, -51)
(-33, 59, -7, 9, 7, -41)
(-58, 67, -15, 12, 6, -29)
(-85, 81, -26, 19, 1, -24)
(-123, 100, -43, 25, 13, -44)
(-127, 106, -59, 47, 15, -94)
(-127, 110, -65, 63, -27, -127)
(-127, 108, -80, 77, -51, -127)
(-127, 108, -90, 93, -63, -127)
(-127, 109, -86, 93, -76, -127)
(-105, 99, -69, 88, -78, -127)
(-77, 96, -53, 88, -88, -127)
(-57, 103, -48, 85, -103, -127)
(-38, 113, -52, 70, -107, -127)
(-21, 110, -48, 54, -105, -127)
(-5, 97, -32, 46, -103, -127)
(0, 89, -22, 51, -98, -127)
(9, 83, -22, 47, -99, -127)
(19, 76, -17, 34, -103, -127)
(21, 57, -14, 19, -102, -125)
(29, 37, -7, 7, -100, -109)
(36, 20, 1, 5, -97, -94)
(43, 3, 10, 12, -94, -76)
(50, -4, 15, 24, -86, -58)
(55, -7, 18, 32, -68, -33)
(59, -13, 22, 33, -51, -11)
(59, -18, 23, 31, -29, 10)
(50, -19, 22, 26, 0, 29)
(31, -16, 21, 12, 20, 44)
(15, -17, 20, -5, 30, 51)
(-1, -18, 17, -27, 38, 54)
(0, -16, 15, -32, 45, 55)
(3, -15, 14, -33, 57, 58)
(0, -10, 11, -30, 72, 66)
(-5, -5, 7, -31, 84, 76)
(-13, 0, 2, -32, 89, 87)
(-26, 9, -2, -39, 79, 105)
(-26, 13, -3, -41, 69, 114)
(-23, 18, -4, -39, 63, 124)
(-26, 26, -10, -37, 64, 127)
(-34, 34, -19, -39, 65, 127)
(-44, 39, -26, -44, 65, 127)
(-52, 43, -27, -43, 63, 127)
(-55, 43, -22, -40, 52, 127)
(-44, 45, -16, -33, 40, 127)
(-34, 53, -19, -23, 38, 127)
(-26, 70, -31, -11, 45, 127)
(-31, 96, -44, -7, 78, 127)
(-60, 110, -50, -24, 96, 127)
BatchID:  4




(-4, 51, -3, 2, -3, 5)
(-6, 52, -3, 4, 2, 3)
(-7, 53, -3, 5, 6, 2)
(-8, 55, -3, 5, 10, 1)
(-8, 56, -2, 4, 14, 0)
(-12, 56, -3, 1, 18, -3)
(-14, 55, -3, 0, 18, -5)
(-17, 55, -4, 0, 16, -5)
(-21, 56, -4, 0, 14, -5)
(-23, 56, -4, 0, 10, -6)
(-27, 56, -1, -3, 5, -10)
(-32, 56, 2, -7, -4, -15)
(-21, 56, 0, -13, -26, -20)
(-13, 53, -2, -17, -22, -19)
(-10, 50, 0, -16, -10, -18)
(-15, 51, -1, -10, 2, -14)
(-28, 55, 0, -4, 15, -11)
(-44, 60, 0, 0, 21, -12)
(-64, 70, 1, 4, 23, -19)
(-88, 83, 0, 2, 21, -35)
(-109, 101, -1, -1, 19, -60)
(-127, 115, -11, 5, 27, -95)
(-127, 127, -26, 31, 21, -127)
(-127, 127, -42, 46, 9, -127)
(-127, 127, -49, 54, 4, -127)
(-127, 127, -51, 60, -3, -127)
(-127, 122, -57, 72, -13, -127)
(-119, 116, -59, 77, -23, -127)
(-110, 115, -55, 80, -39, -127)
(-95, 114, -51, 78, -68, -127)
(-67, 114, -48, 73, -99, -127)
(-47, 115, -48, 65, -112, -127)
(-29, 114, -46, 53, -123, -127)
(0, 106, -41, 43, -127, -127)
(14, 102, -38, 35, -115, -127)
(24, 93, -31, 16, -105, -127)
(32, 75, -23, 2, -114, -127)
(40, 53, -15, -1, -123, -127)
(49, 34, -10, 1, -127, -103)
(62, 16, -4, 1, -127, -74)
(80, -1, 0, 0, -122, -50)
(101, -34, 18, 31, -45, -15)
(88, -29, 21, 37, -3, 4)
(70, -25, 20, 29, 18, 26)
(53, -25, 18, 21, 35, 44)
(33, -22, 16, 11, 46, 57)
(5, -17, 8, -13, 53, 72)
(0, -17, 5, -20, 59, 75)
(1, -17, 6, -20, 64, 78)
(3, -13, 5, -17, 75, 84)
(1, -8, 2, -14, 88, 94)
(-7, -2, 0, -10, 98, 105)
(-22, 7, -3, -7, 104, 117)
(-36, 13, -4, -10, 96, 127)
(-44, 16, -3, -13, 75, 127)
(-39, 19, -3, -11, 57, 127)
(-28, 25, -5, -8, 58, 127)
(-23, 35, -11, -8, 76, 127)
(-28, 46, -18, -10, 100, 127)
(-53, 62, -26, -18, 121, 127)
(-78, 65, -33, -39, 100, 127)
(-85, 63, -28, -48, 63, 127)
(-71, 53, -23, -38, 39, 127)
(-48, 53, -23, -23, 29, 127)
(-28, 67, -28, -11, 49, 127)
(-34, 93, -41, -14, 89, 127)
(-78, 121, -57, -25, 112, 127)
BatchID:  5




(-10, 53, -7, -2, 3, -3)
(-10, 53, -7, -1, 3, -3)
(-10, 53, -8, -2, 3, -2)
(-10, 52, -8, -2, 2, -2)
(-10, 52, -8, -3, 0, -1)
(-10, 52, -7, -2, 0, 0)
(-9, 52, -8, -2, -1, 0)
(-9, 51, -8, -1, -1, 0)
(-9, 51, -8, -1, 0, 1)
(-10, 52, -8, -1, 0, 1)
(-10, 51, -8, 0, -1, 1)
(-11, 53, -8, 0, -2, 2)
(-12, 53, -8, 0, -4, 3)
(-12, 52, -8, -1, -6, 2)
(-13, 52, -8, 0, -6, 2)
(-18, 54, -8, 3, -4, 3)
(-25, 57, -8, 7, 0, 5)
(-42, 69, -7, 11, 8, 10)
(-65, 90, -6, 4, 25, 14)
(-105, 112, -11, -20, 40, -6)
(-127, 112, -26, -16, 10, -57)
(-127, 115, -29, 21, -29, -122)
(-127, 127, -37, 51, -38, -127)
(-127, 127, -50, 56, -35, -127)
(-124, 127, -59, 55, -16, -127)
(-122, 127, -63, 57, -7, -127)
(-120, 127, -60, 65, -14, -127)
(-108, 118, -53, 77, -31, -127)
(-88, 120, -50, 84, -54, -127)
(-57, 122, -47, 75, -73, -127)
(-30, 119, -43, 65, -83, -127)
(-14, 120, -42, 61, -83, -127)
(0, 115, -41, 48, -78, -127)
(6, 101, -36, 35, -71, -127)
(10, 85, -27, 29, -69, -127)
(12, 69, -22, 34, -75, -127)
(13, 55, -20, 40, -81, -127)
(14, 45, -18, 39, -82, -112)
(15, 29, -13, 29, -85, -98)
(15, 13, -5, 24, -93, -87)
(17, 1, 1, 24, -104, -78)
(19, -6, 1, 21, -113, -63)
(31, -15, 2, 10, -119, -48)
(44, -27, 7, 2, -113, -37)
(58, -42, 13, 9, -90, -30)
(65, -43, 15, 21, -51, -25)
(61, -39, 17, 24, -15, -16)
(55, -35, 16, 21, 8, -2)
(51, -32, 15, 18, 33, 17)
(41, -30, 14, 17, 60, 38)
(28, -24, 14, 15, 75, 59)
(15, -19, 12, 9, 83, 76)
(5, -16, 12, 4, 82, 87)
(-4, -12, 10, 0, 76, 94)
(-7, -7, 9, -5, 68, 101)
(-6, 0, 7, -9, 66, 110)
(-7, 5, 3, -10, 74, 121)
(-14, 13, 0, -10, 82, 127)
(-21, 20, -2, -14, 85, 127)
(-29, 29, -6, -18, 85, 127)
(-37, 36, -9, -24, 82, 127)
(-44, 39, -12, -26, 71, 127)
(-57, 47, -17, -22, 60, 127)
(-82, 56, -24, -20, 39, 127)
(-61, 49, -23, -15, -35, 127)
(-39, 47, -23, 13, -26, 127)
(-10, 64, -32, 46, 16, 127)
(-12, 92, -40, 50, 104, 127)
(-48, 104, -38, 26, 127, 127)
BatchID:  6




(-13, 50, -1, -5, 7, -4)
(-16, 51, -2, -4, 7, -3)
(-19, 51, -3, -6, 3, -1)
(-19, 51, -4, -6, -2, 0)
(-19, 51, -5, -6, -6, 0)
(-17, 51, -5, -4, -9, 1)
(-16, 53, -5, -1, -9, 0)
(-16, 52, -2, -1, -9, -1)
(-13, 51, -2, 0, -7, -3)
(-9, 51, -2, 0, -3, -6)
(-8, 52, -2, -2, 3, -7)
(-9, 50, -1, -3, 6, -6)
(-11, 49, -1, -2, 7, -4)
(-12, 50, -2, 0, 8, -2)
(-14, 51, -2, 0, 6, 0)
(-21, 53, -5, 2, 8, 3)
(-27, 57, -6, 4, 10, 5)
(-44, 64, -7, 2, 12, 4)
(-74, 76, -6, 0, 11, 2)
(-107, 87, -9, 8, 2, -7)
(-127, 99, -15, 25, -5, -41)
(-127, 118, -27, 46, -17, -93)
(-127, 127, -45, 58, -22, -127)
(-127, 127, -63, 59, -5, -127)
(-127, 127, -67, 64, 15, -127)
(-116, 127, -55, 77, 17, -127)
(-101, 107, -42, 95, 9, -127)
(-91, 104, -37, 105, 0, -127)
(-74, 101, -31, 99, -16, -127)
(-58, 96, -20, 90, -38, -127)
(-49, 98, -16, 84, -50, -127)
(-38, 98, -18, 68, -64, -127)
(-25, 90, -18, 47, -76, -127)
(-18, 75, -14, 35, -80, -127)
(-15, 66, -14, 30, -81, -127)
(-6, 59, -12, 21, -83, -127)
(-1, 49, -8, 15, -83, -127)
(1, 40, -7, 12, -81, -127)
(6, 28, -7, 4, -74, -125)
(11, 18, -3, -1, -72, -112)
(15, 4, 1, -5, -70, -100)
(22, -7, 8, -1, -62, -88)
(30, -16, 13, 4, -51, -77)
(47, -27, 18, 11, -16, -52)
(46, -33, 20, 13, 3, -34)
(43, -34, 20, 12, 18, -14)
(34, -32, 18, 6, 27, 6)
(29, -30, 16, -2, 31, 25)
(23, -30, 14, -11, 33, 44)
(16, -30, 11, -18, 35, 60)
(9, -27, 8, -23, 35, 72)
(4, -26, 6, -27, 34, 83)
(3, -22, 5, -27, 35, 93)
(0, -16, 2, -27, 38, 106)
(-7, -8, 0, -27, 41, 121)
(-18, 1, -3, -28, 41, 127)
BatchID:  7




(-15, 51, -7, 0, -1, 0)
(-15, 51, -6, 0, 0, 0)
(-15, 51, -7, 0, 0, 0)
(-16, 51, -7, 0, 0, 1)
(-16, 51, -7, 0, 0, 1)
(-16, 52, -8, 0, 0, 1)
(-16, 52, -8, 0, 0, 0)
(-17, 52, -7, 0, 0, 0)
(-17, 53, -7, 0, -1, -1)
(-17, 53, -7, 0, -1, -1)
(-17, 53, -8, 0, -1, -2)
(-16, 52, -6, 0, 0, -3)
(-17, 51, -6, 0, 0, -3)
(-18, 52, -6, 1, 0, -3)
(-21, 53, -6, 2, 2, -2)
(-28, 57, -7, 5, 3, 0)
(-39, 66, -8, 6, 6, 7)
(-56, 81, -9, 2, 12, 12)
(-84, 100, -12, -19, 17, 1)
(-124, 101, -25, -20, 6, -38)
(-127, 99, -34, 22, 0, -97)
(-127, 118, -48, 72, -5, -127)
(-127, 127, -76, 94, -3, -127)
(-127, 127, -89, 92, 15, -127)
(-127, 127, -89, 98, 12, -127)
(-127, 120, -81, 109, 3, -127)
(-121, 114, -72, 117, -19, -127)
(-96, 111, -62, 116, -51, -127)
(-64, 109, -49, 113, -74, -127)
(-47, 117, -46, 109, -88, -127)
(-32, 117, -45, 93, -107, -127)
(-12, 109, -39, 77, -114, -127)
(0, 97, -32, 71, -113, -127)
(8, 87, -29, 66, -107, -127)
(15, 77, -26, 57, -99, -127)
(19, 62, -18, 43, -90, -127)
(23, 42, -10, 36, -83, -124)
(27, 25, -2, 34, -77, -109)
(31, 9, 5, 36, -72, -94)
(35, -3, 12, 40, -67, -79)
(40, -10, 16, 43, -60, -63)
(47, -18, 19, 40, -53, -47)
(55, -25, 23, 35, -43, -32)
(60, -30, 22, 28, -22, -14)
(60, -31, 21, 15, 5, 9)
(51, -34, 14, 9, 32, 23)
(30, -31, 17, 0, 50, 32)
(22, -30, 13, -4, 53, 43)
(15, -25, 13, -8, 58, 53)
(10, -25, 13, -12, 58, 63)
(9, -21, 10, -11, 62, 73)
(3, -14, 8, -12, 71, 84)
(-4, -5, 6, -15, 77, 94)
(-11, 2, 4, -21, 77, 104)
(-20, 10, 3, -29, 73, 112)
(-27, 16, 1, -40, 62, 120)
(-30, 22, 0, -49, 46, 127)
(-24, 33, -12, -61, 30, 127)
(-24, 40, -19, -62, 42, 127)
(-33, 49, -23, -61, 56, 127)
(-41, 55, -24, -60, 57, 127)
(-45, 60, -25, -52, 49, 127)
(-44, 69, -28, -46, 47, 127)
(-42, 78, -40, -33, 53, 127)
(-39, 97, -55, -27, 79, 127)
(-63, 108, -65, -37, 106, 127)
BatchID:  8




(-10, 52, -8, -1, 0, -1)
(-11, 53, -8, -1, 0, 0)
(-11, 54, -8, -3, 0, 0)
(-11, 54, -7, -5, 0, 0)
(-11, 53, -7, -7, 0, 0)
(-11, 53, -7, -7, -1, 0)
(-11, 52, -7, -6, -1, 0)
(-10, 52, -7, -6, 0, -1)
(-11, 51, -7, -5, 0, -1)
(-11, 52, -7, -4, 1, -1)
(-11, 52, -7, -2, 1, 0)
(-12, 52, -7, -2, 1, -1)
(-12, 52, -6, 0, 0, -1)
(-12, 53, -6, 0, 0, -1)
(-11, 53, -7, 0, 0, -1)
(-12, 52, -6, 0, 0, 0)
(-14, 53, -6, 1, 0, 0)
(-25, 58, -7, 2, 3, -1)
(-34, 63, -7, 1, 4, -2)
(-48, 71, -7, -2, 9, -3)
(-70, 83, -7, -8, 13, -6)
(-98, 92, -11, -9, 6, -15)
(-124, 99, -20, 6, -8, -44)
(-127, 115, -32, 35, -20, -92)
(-127, 127, -67, 72, -17, -127)
(-127, 127, -77, 83, 25, -127)
(-127, 127, -84, 101, 49, -127)
(-127, 127, -81, 114, 39, -127)
(-125, 121, -70, 127, 24, -127)
(-114, 125, -57, 127, -14, -127)
(-89, 127, -49, 126, -58, -127)
(-62, 127, -45, 107, -89, -127)
(-32, 127, -42, 87, -109, -127)
(0, 127, -43, 63, -112, -127)
(19, 122, -36, 35, -100, -127)
(27, 100, -23, 17, -89, -127)
(32, 79, -12, 11, -87, -127)
(39, 59, -4, 8, -91, -127)
(50, 35, 3, 7, -96, -119)
(68, 10, 9, 14, -92, -102)
(86, -3, 9, 21, -68, -87)
(96, -13, 12, 23, -38, -69)
(97, -25, 16, 24, -12, -44)
(90, -33, 20, 27, 8, -16)
(74, -32, 20, 31, 26, 15)
(55, -23, 17, 26, 31, 48)
(43, -21, 15, 18, 34, 74)
(29, -16, 13, 13, 39, 91)
(18, -12, 10, 8, 41, 101)
(11, -9, 10, 4, 41, 106)
(9, -5, 10, 3, 43, 111)
(5, 2, 10, 2, 45, 119)
(-4, 23, 2, -11, 45, 127)
(-15, 32, -1, -23, 41, 127)
(-25, 37, -4, -39, 29, 127)
(-31, 41, -5, -49, 10, 127)
(-29, 47, -8, -53, -3, 127)
(-29, 56, -11, -52, -7, 127)
(-33, 68, -14, -46, -14, 127)
(-34, 79, -21, -37, -20, 127)
(-27, 89, -28, -21, -13, 127)
(-22, 113, -36, -1, 25, 127)
(-44, 127, -42, 3, 59, 127)
(-70, 127, -40, -7, 34, 127)
(-66, 113, -33, -7, -11, 127)
BatchID:  9




(-14, 52, -6, 1, -4, 0)
(-15, 52, -5, 1, -4, 0)
(-15, 52, -5, 1, -5, 0)
(-14, 52, -6, 1, -5, 0)
(-14, 52, -5, 1, -4, -1)
(-14, 52, -5, 1, -4, -1)
(-14, 52, -5, 1, -3, -2)
(-14, 53, -5, 1, -3, -1)
(-14, 54, -5, 0, -3, -1)
(-15, 53, -4, -1, -5, 0)
(-13, 52, -4, -1, -6, 0)
(-10, 53, -4, -1, -5, -1)
(-9, 52, -4, -3, -3, -2)
(-9, 51, -4, 0, 2, -1)
(-12, 53, -5, 1, 2, 0)
(-17, 54, -5, 2, 2, 1)
(-25, 58, -7, 4, 3, 5)
(-36, 62, -10, 9, 2, 11)
(-54, 70, -11, 16, 4, 17)
(-78, 86, -16, 27, 6, 16)
(-110, 102, -29, 38, 0, -10)
(-127, 113, -41, 51, -25, -66)
(-127, 123, -42, 59, -60, -126)
(-123, 127, -54, 64, -57, -127)
(-110, 127, -69, 63, -40, -127)
(-95, 127, -75, 59, -16, -127)
(-93, 123, -66, 64, 0, -127)
(-100, 107, -59, 85, 0, -127)
(-108, 113, -63, 92, -12, -127)
(-105, 116, -58, 80, -38, -127)
(-91, 109, -53, 69, -62, -127)
(-69, 102, -51, 71, -80, -127)
(-49, 108, -50, 75, -88, -127)
(-14, 93, -39, 67, -109, -127)
(-4, 87, -35, 71, -108, -127)
(3, 83, -33, 58, -108, -127)
(17, 71, -24, 40, -112, -127)
(33, 52, -14, 29, -109, -127)
(48, 35, -6, 27, -99, -127)
(60, 21, 3, 27, -89, -110)
(67, 5, 14, 28, -80, -88)
(72, -6, 26, 32, -77, -63)
(75, -15, 33, 30, -76, -33)
(78, -24, 40, 17, -77, 0)
(81, -30, 28, 14, -64, 32)
(72, -29, 25, 0, -29, 53)
(54, -32, 20, -13, 0, 67)
(39, -26, 9, -23, 22, 78)
(21, -23, 1, -35, 45, 83)
(7, -25, -3, -39, 60, 82)
(1, -23, -5, -36, 68, 80)
(4, -19, -6, -33, 79, 80)
(5, -14, -7, -29, 94, 84)
(-1, -6, -9, -23, 108, 94)
(-11, 5, -11, -19, 114, 107)
(-26, 15, -13, -22, 109, 120)
(-39, 22, -13, -28, 94, 127)
(-45, 26, -12, -31, 70, 127)
(-44, 31, -13, -35, 52, 127)
(-44, 36, -15, -39, 42, 127)
(-42, 41, -17, -44, 33, 127)
(-41, 47, -19, -45, 26, 127)
(-46, 57, -24, -43, 23, 127)
(-52, 68, -33, -39, 18, 127)
(-52, 74, -39, -32, 16, 127)
(-47, 79, -37, -22, 33, 127)
(-45, 81, -29, -13, 47, 127)
BatchID:  10




(-14, 52, -6, 2, -5, 2)
(-14, 52, -6, 2, -3, 1)
(-14, 52, -5, 2, -1, 1)
(-14, 53, -5, 1, 0, 1)
(-14, 53, -5, 0, 0, 1)
(-15, 52, -5, 0, -1, 1)
(-16, 52, -6, -1, -3, 2)
(-16, 52, -6, -1, -4, 2)
(-16, 51, -5, -1, -4, 2)
(-15, 51, -5, 0, -5, 1)
(-16, 52, -6, 0, -5, 1)
(-17, 52, -5, 0, -4, 2)
(-19, 53, -5, 1, -4, 2)
(-21, 54, -6, 2, -5, 2)
(-24, 54, -5, 4, -7, 0)
(-26, 53, -5, 7, -11, -3)
(-30, 55, -4, 12, -14, -7)
(-41, 58, -8, 19, -16, -8)
(-53, 65, -13, 28, -19, -6)
(-68, 73, -21, 34, -24, -9)
(-80, 79, -25, 37, -34, -20)
(-106, 104, -34, 55, -40, -66)
(-115, 118, -46, 59, -39, -103)
(-117, 127, -58, 58, -25, -127)
(-124, 127, -67, 58, -5, -127)
(-126, 122, -70, 60, 0, -127)
(-118, 106, -66, 77, -7, -127)
(-106, 101, -62, 80, -27, -127)
(-87, 99, -55, 81, -46, -127)
(-69, 101, -50, 79, -57, -127)
(-56, 103, -44, 71, -74, -127)
(-40, 102, -40, 62, -96, -127)
(-22, 99, -35, 52, -111, -127)
(-3, 94, -30, 43, -120, -127)
(13, 89, -30, 29, -118, -127)
(26, 76, -25, 10, -109, -127)
(31, 58, -14, -5, -100, -127)
(30, 39, -6, -13, -94, -124)
(26, 17, 3, -16, -103, -101)
(27, 0, 11, -11, -122, -76)
(45, -12, 7, -7, -127, -59)
(65, -18, 5, -14, -117, -46)
(77, -27, 6, -23, -91, -31)
(85, -38, 7, -26, -54, -14)
(80, -45, 8, -17, -4, 4)
(59, -40, 6, -5, 37, 25)
(40, -32, 2, -1, 59, 42)
(20, -28, 1, -1, 70, 56)
(4, -26, 2, 0, 70, 66)
(-2, -23, 2, 0, 62, 74)
(-2, -18, 5, 1, 54, 82)
(-2, -13, 7, 3, 49, 93)
(-3, -6, 6, 4, 47, 109)
(-7, 3, 3, 3, 49, 126)
(-14, 11, 0, -1, 51, 127)
(-23, 17, -2, -9, 47, 127)
(-28, 23, -4, -19, 39, 127)
(-28, 30, -7, -26, 34, 127)
(-26, 38, -9, -31, 35, 127)
(-25, 48, -12, -36, 38, 127)
(-31, 57, -16, -41, 39, 127)
(-41, 66, -18, -48, 26, 127)
(-53, 74, -22, -51, -2, 127)
(-62, 84, -27, -46, -37, 127)
(-67, 93, -38, -32, -63, 127)
(-66, 103, -46, -9, -55, 127)
(-64, 110, -35, 1, -25, 127)
BatchID:  11




(-13, 52, -1, 1, 0, 1)
(-13, 52, -2, 1, 0, 1)
(-14, 52, -1, 1, 0, 1)
(-15, 53, -1, 2, 0, 2)
(-17, 54, -2, 3, 1, 2)
(-23, 58, -2, 4, 5, 3)
(-34, 63, -1, 4, 10, 2)
(-42, 63, 1, 2, 7, -2)
(-46, 60, 3, 2, 4, -10)
(-49, 59, 4, 2, -1, -20)
(-47, 60, 4, -1, -8, -28)
(-44, 58, 3, -5, -12, -34)
(-40, 56, 4, -7, -17, -36)
(-36, 54, 3, -9, -20, -38)
(-31, 52, 2, -9, -17, -39)
(-31, 53, 1, -9, -12, -39)
(-35, 54, -1, -6, -7, -38)
(-43, 59, -4, 0, 0, -38)
(-56, 70, -7, 6, 7, -41)
(-77, 83, -12, 13, 15, -50)
(-98, 101, -18, 20, 25, -71)
(-116, 117, -31, 28, 46, -111)
(-127, 121, -52, 50, 61, -127)
(-127, 125, -69, 79, 63, -127)
(-127, 127, -80, 103, 54, -127)
(-127, 124, -74, 109, 29, -127)
(-114, 107, -57, 116, 9, -127)
(-94, 101, -46, 121, -9, -127)
(-70, 100, -36, 116, -34, -127)
(-48, 96, -24, 105, -53, -127)
(-31, 92, -16, 95, -71, -127)
(-16, 89, -15, 84, -87, -127)
(-4, 85, -16, 63, -95, -127)
(-1, 74, -14, 42, -105, -127)
(7, 60, -10, 24, -118, -127)
(23, 34, -6, -4, -122, -109)
(37, 14, 0, -12, -116, -102)
(51, -4, 8, -13, -96, -98)
(59, -16, 11, -5, -62, -93)
(62, -24, 13, -4, -33, -84)
(59, -41, 16, -6, 9, -42)
(52, -41, 16, -3, 25, -14)
(43, -36, 16, -4, 31, 11)
(33, -32, 15, -7, 30, 34)
(21, -27, 14, -12, 26, 53)
(15, -25, 15, -15, 18, 69)
(11, -23, 14, -16, 12, 83)
(9, -19, 13, -16, 9, 97)
(7, -15, 12, -14, 8, 112)
(6, -9, 10, -10, 12, 127)
(2, 0, 6, -7, 20, 127)
(-5, 8, 2, -7, 28, 127)
(-17, 17, 0, -10, 30, 127)
(-24, 23, -2, -13, 25, 127)
(-27, 30, -3, -11, 24, 127)
(-25, 38, -4, -10, 27, 127)
(-26, 48, -10, -8, 40, 127)
(-34, 62, -17, -7, 61, 127)
(-48, 72, -21, -11, 70, 127)
(-59, 81, -26, -15, 72, 127)
(-69, 86, -30, -15, 70, 127)
(-70, 84, -28, -21, 60, 127)
(-64, 82, -26, -19, 52, 127)
(-60, 86, -27, -16, 46, 127)
(-56, 97, -32, -15, 42, 127)
(-49, 105, -40, -17, 47, 127)
(-51, 114, -45, -20, 65, 127)
(-65, 120, -48, -26, 83, 127)
BatchID:  12




(-13, 52, -1, 0, -1, -1)
(-12, 53, -1, 0, -1, -1)
(-12, 53, -1, -1, 0, -1)
(-11, 52, -1, -1, 1, -1)
(-11, 52, -1, -1, 2, -1)
(-12, 52, -1, -1, 2, -1)
(-13, 51, -2, -1, 2, 0)
(-13, 52, -1, 0, 1, 0)
(-13, 52, -1, 0, 0, 0)
(-13, 52, -2, 0, -1, 0)
(-13, 52, -1, 0, -1, 0)
(-13, 52, -2, 0, -1, 0)
(-13, 52, -1, 0, -1, 0)
(-13, 52, -1, 0, 0, 0)
(-14, 52, -1, 0, 0, 0)
(-16, 53, -1, 0, 0, 0)
(-24, 54, 0, 0, -2, -4)
(-32, 60, 1, -2, -1, -7)
(-45, 67, 2, -7, 0, -15)
(-63, 75, 1, -13, 2, -31)
(-82, 80, 0, -3, 14, -49)
(-103, 88, -2, 15, 28, -72)
(-126, 100, -7, 36, 25, -102)
(-127, 114, -15, 50, 9, -127)
(-127, 127, -24, 52, -1, -127)
(-127, 127, -38, 51, -8, -127)
(-127, 127, -54, 47, -4, -127)
(-122, 127, -59, 44, 5, -127)
(-108, 117, -52, 60, 13, -127)
(-94, 112, -47, 80, 17, -127)
(-76, 106, -41, 89, 11, -127)
(-65, 104, -31, 93, 8, -127)
(-65, 114, -27, 91, -7, -127)
(-57, 114, -21, 70, -36, -127)
(-38, 104, -11, 53, -66, -127)
(-16, 91, -8, 43, -87, -127)
(6, 75, -9, 32, -91, -127)
(24, 61, -9, 22, -81, -127)
(36, 46, -8, 15, -62, -127)
(44, 28, -3, 16, -42, -127)
(50, 11, 7, 16, -28, -127)
(54, -6, 18, 29, -20, -118)
(60, -10, 20, 37, -10, -99)
(62, -9, 20, 28, -3, -74)
(58, -25, 25, 4, -13, -11)
(52, -26, 22, -4, -15, 19)
(45, -25, 17, -14, -17, 45)
(37, -26, 13, -22, -11, 65)
(28, -27, 9, -27, 0, 80)
(19, -26, 4, -29, 9, 91)
(11, -24, 0, -28, 18, 97)
(5, -22, 0, -26, 27, 102)
(0, -17, 1, -23, 36, 108)
(-7, -10, 0, -21, 41, 117)
(-15, 0, -2, -21, 42, 127)
(-25, 7, -4, -26, 37, 127)
(-35, 14, -5, -34, 25, 127)
(-43, 20, -8, -40, 10, 127)
(-49, 24, -9, -41, -11, 127)
(-47, 26, -10, -37, -32, 127)
(-38, 30, -12, -26, -42, 127)
(-29, 37, -12, -12, -37, 127)
(-21, 47, -13, 1, -22, 127)
(-17, 60, -19, 17, 0, 127)
(-13, 74, -26, 31, 34, 127)
BatchID:  13




(-12, 52, -6, 0, 0, 0)
(-12, 52, -6, 0, 0, 0)
(-12, 52, -6, 0, 0, 0)
(-12, 52, -5, 0, 0, 0)
(-13, 52, -5, 0, 0, 0)
(-12, 52, -5, 0, 0, 0)
(-12, 52, -5, 0, 0, 0)
(-12, 52, -6, 0, 0, 0)
(-12, 52, -5, 0, 0, 0)
(-12, 52, -5, 0, 0, 0)
(-12, 52, -6, 0, 0, 0)
(-12, 52, -6, 0, 0, 0)
(-12, 52, -6, 0, 0, 0)
(-12, 53, -6, 0, 0, 0)
(-13, 52, -6, 0, 0, 0)
(-12, 53, -6, 0, 0, 0)
(-13, 52, -6, 0, 0, 0)
(-13, 53, -6, 0, -1, 0)
(-14, 53, -6, 0, -2, 0)
(-16, 53, -6, 0, -3, 0)
(-22, 56, -6, 0, -3, 1)
(-30, 60, -8, 1, -3, 2)
(-37, 63, -8, 0, -4, 2)
(-45, 69, -7, 0, 0, 0)
(-62, 77, -6, -2, 2, -12)
(-77, 83, -4, -3, -7, -31)
(-84, 87, -4, 5, -13, -53)
(-85, 96, -9, 18, -7, -78)
(-87, 103, -19, 32, 7, -106)
(-91, 112, -30, 45, 28, -127)
(-111, 113, -52, 68, 38, -127)
(-110, 107, -59, 83, 34, -127)
(-106, 104, -65, 94, 22, -127)
(-97, 100, -68, 94, 8, -127)
(-88, 97, -65, 87, -5, -127)
(-78, 88, -56, 80, -24, -127)
(-63, 81, -44, 78, -45, -127)
(-49, 80, -38, 82, -63, -127)
(-35, 81, -37, 78, -76, -127)
(-22, 78, -31, 74, -85, -127)
(-12, 72, -25, 73, -89, -127)
(-3, 65, -21, 72, -85, -127)
(-1, 55, -14, 70, -84, -127)
(3, 45, -8, 66, -83, -127)
(5, 37, -4, 60, -83, -117)
(10, 27, 1, 50, -85, -105)
(17, 15, 8, 36, -87, -94)
(26, 1, 14, 31, -85, -83)
(34, -9, 22, 32, -78, -72)
(43, -16, 22, 28, -61, -57)
(48, -21, 22, 17, -37, -39)
(47, -28, 22, 5, -13, -19)
(41, -33, 21, -4, 9, 0)
(31, -32, 19, -10, 25, 17)
(19, -29, 16, -18, 32, 32)
(8, -28, 15, -26, 30, 46)
(1, -28, 12, -30, 25, 57)
(0, -28, 13, -30, 19, 66)
(4, -25, 11, -29, 19, 77)
(6, -20, 8, -27, 28, 88)
(4, -13, 6, -28, 39, 100)
(-3, -5, 2, -31, 50, 113)
(-15, 2, -1, -35, 55, 127)
(-30, 10, -5, -42, 49, 127)
(-41, 15, -7, -50, 25, 127)
(-41, 20, -11, -47, -4, 127)
BatchID:  14





(-10, 52, -5, 0, -1, 0)
(-10, 52, -4, 0, 0, 0)
(-10, 52, -4, 0, 0, 0)
(-11, 52, -5, 0, 0, 1)
(-11, 53, -4, 0, 0, 1)
(-11, 53, -5, -1, 0, 1)
(-11, 52, -5, 0, 0, 1)
(-12, 52, -5, 0, 0, 1)
(-12, 52, -5, 0, 0, 1)
(-12, 52, -5, 0, 0, 1)
(-12, 52, -5, 0, 0, 1)
(-13, 52, -5, 0, 0, 1)
(-12, 53, -5, 0, -1, 1)
(-13, 53, -5, 0, -1, 1)
(-12, 53, -5, 0, -2, 1)
(-13, 52, -4, 0, -2, 1)
(-12, 52, -5, 0, -2, 1)
(-13, 51, -5, 0, -2, 1)
(-16, 51, -5, 1, -2, 3)
(-21, 54, -6, 3, -1, 5)
(-28, 58, -6, 5, 1, 5)
(-39, 65, -5, 0, 7, 2)
(-57, 72, -4, -5, 11, -8)
(-77, 81, -5, -9, 11, -24)
(-94, 89, -8, -8, 10, -45)
(-109, 102, -10, 2, 16, -73)
(-127, 116, -17, 23, 30, -113)
(-127, 127, -33, 50, 35, -127)
(-124, 127, -54, 65, 54, -127)
(-122, 127, -66, 79, 76, -127)
(-122, 117, -67, 99, 74, -127)
(-122, 101, -62, 127, 55, -127)
(-111, 101, -62, 127, 24, -127)
(-96, 102, -61, 127, -7, -127)
(-73, 99, -53, 127, -38, -127)
(-60, 95, -50, 127, -62, -127)
(-49, 94, -45, 114, -87, -127)
(-35, 90, -40, 98, -111, -127)
(-6, 77, -35, 70, -127, -127)
(4, 68, -30, 59, -123, -127)
(10, 59, -24, 46, -111, -121)
(14, 47, -14, 37, -105, -112)
(22, 35, -5, 31, -99, -102)
(29, 24, 0, 19, -90, -88)
(39, -7, 10, 1, -75, -52)
(44, -19, 15, 2, -66, -37)
(49, -24, 19, 1, -54, -22)
(54, -29, 22, -1, -43, -6)
(56, -34, 21, -6, -24, 11)
(51, -36, 19, -8, 0, 27)
(28, -30, 13, -17, 27, 53)
(21, -28, 13, -19, 34, 63)
(18, -26, 13, -18, 37, 72)
(18, -21, 11, -16, 40, 81)
(17, -15, 10, -15, 46, 93)
(13, -6, 7, -16, 51, 107)
(7, 4, 2, -20, 56, 122)
(-2, 13, -1, -26, 59, 127)
(-13, 20, -5, -32, 57, 127)
(-22, 28, -7, -38, 53, 127)
(-31, 35, -11, -40, 46, 127)
(-42, 45, -18, -39, 33, 127)
(-49, 56, -25, -34, 28, 127)
(-71, 64, -31, -25, 25, 127)
(-84, 65, -26, -19, -2, 127)
BatchID:  2




(-14, 51, -2, 0, 0, 2)
(-13, 51, -3, 0, 0, 3)
(-14, 52, -2, 0, 0, 3)
(-17, 53, -2, 0, 0, 5)
(-18, 53, -2, 0, -1, 4)
(-19, 52, -2, 0, -1, 3)
(-22, 53, -2, 2, 0, 1)
(-28, 56, -2, 2, 0, 0)
(-35, 60, -2, -2, -1, -3)
(-41, 60, -2, -12, -4, -12)
(-43, 58, 0, -20, -4, -25)
(-49, 58, 2, -16, 1, -34)
(-65, 62, -1, -10, 2, -35)
(-82, 64, -9, 0, -4, -36)
(-102, 69, -16, 20, -8, -42)
(-120, 86, -19, 42, -6, -61)
(-127, 108, -25, 54, -1, -96)
(-127, 125, -32, 64, 7, -127)
(-127, 127, -44, 78, 18, -127)
(-127, 127, -55, 83, 20, -127)
(-127, 127, -60, 84, 14, -127)
(-126, 126, -53, 93, 11, -127)
(-111, 114, -48, 105, 0, -127)
(-96, 112, -44, 107, -14, -127)
(-78, 109, -39, 100, -33, -127)
(-65, 111, -38, 92, -52, -127)
(-52, 111, -37, 81, -76, -127)
(-37, 109, -38, 66, -102, -127)
(-17, 102, -37, 49, -120, -127)
(7, 91, -30, 37, -123, -127)
(24, 81, -18, 28, -124, -127)
(39, 64, -16, 17, -119, -127)
(52, 41, -7, 3, -106, -109)
(55, 17, 4, 0, -101, -91)
(63, 0, 10, 4, -101, -76)
(74, -5, 9, 1, -89, -60)
(88, -18, 14, -7, -68, -40)
(94, -35, 19, -2, -37, -19)
(83, -39, 19, 9, 4, 2)
(61, -32, 16, 10, 24, 26)
(45, -29, 11, 6, 31, 48)
(30, -28, 9, 3, 39, 63)
(20, -26, 7, 0, 42, 74)
(13, -24, 5, -3, 46, 82)
(11, -21, 4, -2, 52, 88)
(8, -16, 4, -1, 59, 95)
(2, -9, 3, 0, 64, 106)
(-7, 0, 2, 1, 68, 120)
(-20, 9, 0, -2, 66, 127)
(-33, 17, -2, -9, 56, 127)
(-37, 20, -5, -15, 42, 127)
(-32, 21, -5, -16, 42, 127)
(-29, 28, -6, -15, 55, 127)
(-35, 41, -9, -17, 67, 127)
(-46, 52, -15, -24, 68, 127)
(-69, 64, -22, -33, 54, 127)
(-88, 72, -33, -41, 19, 127)
(-79, 68, -36, -36, -5, 127)
(-66, 65, -31, -21, 7, 127)
(-59, 65, -19, -10, 19, 127)
(-50, 70, -14, -5, 17, 127)
(-37, 78, -19, -3, 19, 127)
(-30, 88, -29, 1, 31, 127)
(-27, 107, -40, 8, 61, 127)
(-42, 120, -50, 7, 105, 127)
(-82, 123, -49, -1, 114, 127)
(-100, 117, -41, -18, 75, 127)
(-96, 96, -33, -24, 23, 115)
BatchID:  3




(-14, 52, -7, 0, 0, 0)
(-14, 52, -6, 0, 0, 0)
(-14, 52, -6, 0, 0, 0)
(-14, 52, -6, 0, 0, 0)
(-14, 52, -6, 0, 0, 0)
(-14, 52, -6, 0, 0, 0)
(-14, 52, -5, 0, 0, 0)
(-14, 52, -6, 0, 0, 0)
(-14, 52, -5, 0, 0, 0)
(-14, 52, -5, 0, 0, 0)
(-14, 52, -5, 0, 0, 0)
(-14, 52, -4, 0, 0, 0)
(-14, 53, -4, 0, 0, 0)
(-15, 53, -5, 0, 0, 0)
(-15, 53, -5, -1, -1, 0)
(-16, 52, -5, -2, -1, 0)
(-19, 53, -6, -1, 0, 0)
(-23, 54, -7, 0, 1, 0)
(-43, 66, -14, 7, 26, -6)
(-72, 82, -17, 8, 55, -20)
(-123, 94, -26, 20, 73, -53)
(-127, 109, -37, 49, 48, -102)
(-127, 124, -58, 77, 7, -127)
(-127, 127, -81, 92, -22, -127)
(-127, 127, -98, 95, -23, -127)
(-127, 127, -98, 98, -15, -127)
(-107, 127, -87, 108, -2, -127)
(-95, 112, -70, 119, 4, -127)
(-84, 104, -51, 122, -5, -127)
(-78, 104, -38, 121, -27, -127)
(-67, 109, -35, 108, -60, -127)
(-56, 110, -35, 85, -92, -127)
(-35, 102, -31, 62, -122, -127)
(-12, 90, -26, 48, -127, -127)
(6, 82, -28, 36, -127, -127)
(22, 71, -28, 20, -119, -127)
(31, 56, -19, 6, -97, -127)
(34, 40, -10, 0, -79, -127)
(35, 21, -2, -1, -69, -115)
(36, 4, 5, 3, -68, -95)
(38, -5, 9, 10, -72, -76)
(42, -12, 8, 11, -76, -54)
(50, -20, 11, 7, -76, -32)
(61, -29, 12, 6, -68, -13)
(69, -34, 12, 6, -43, 4)
(66, -34, 12, 5, -13, 22)
(57, -32, 12, 3, 12, 40)
(45, -28, 11, 3, 33, 56)
(35, -24, 10, 2, 47, 71)
(27, -19, 10, 2, 53, 83)
(19, -11, 8, 1, 55, 96)
(14, -4, 7, -2, 55, 109)
(7, 3, 3, -6, 54, 124)
(-12, 20, -3, -16, 46, 127)
(-22, 25, -7, -23, 38, 127)
(-33, 30, -9, -27, 32, 127)
(-44, 36, -10, -27, 20, 127)
(-63, 47, -13, -25, 4, 127)
(-91, 54, -22, -23, -33, 127)
(-84, 50, -25, -10, -84, 127)
(-48, 44, -23, 25, -80, 127)
(-17, 50, -14, 55, -32, 127)
(1, 59, -8, 64, 24, 127)
(11, 67, -8, 56, 81, 127)
(11, 82, -20, 42, 127, 119)
(-2, 111, -36, 28, 127, 107)
BatchID:  4




(-12, 52, -7, -1, -1, 1)
(-12, 52, -8, -1, -1, 1)
(-12, 52, -8, -1, 0, 1)
(-13, 51, -8, -1, 0, 1)
(-13, 52, -9, 0, 0, 1)
(-13, 52, -8, 0, 0, 1)
(-14, 51, -8, 0, 0, 1)
(-14, 52, -9, 0, 0, 1)
(-13, 52, -8, 0, 1, 0)
(-12, 52, -9, 0, 3, 0)
(-10, 52, -9, 0, 6, -1)
(-10, 51, -8, 1, 11, -2)
(-11, 51, -8, 1, 13, -2)
(-12, 51, -9, 2, 14, -2)
(-13, 51, -8, 3, 15, -2)
(-14, 50, -11, 5, 17, 0)
(-16, 54, -15, 9, 32, 1)
(-31, 64, -21, 9, 60, 2)
(-73, 80, -27, 5, 86, -3)
(-127, 93, -39, -4, 92, -30)
(-127, 97, -50, 2, 64, -86)
(-127, 97, -67, 33, 24, -127)
(-127, 106, -99, 81, 13, -127)
(-127, 119, -127, 119, 16, -127)
(-127, 122, -127, 127, 10, -127)
(-127, 113, -118, 127, 5, -127)
(-127, 112, -107, 127, -19, -127)
(-102, 125, -94, 127, -48, -127)
(-62, 127, -70, 127, -93, -127)
(-42, 127, -55, 127, -112, -127)
(-25, 127, -47, 127, -123, -127)
(-7, 122, -45, 112, -122, -127)
(7, 107, -39, 87, -111, -127)
(18, 90, -29, 72, -97, -127)
(25, 74, -23, 65, -77, -127)
(26, 58, -17, 57, -56, -127)
(24, 42, -9, 45, -44, -113)
(26, 25, 0, 33, -38, -95)
(26, 5, 13, 35, -38, -79)
(30, -7, 17, 52, -36, -62)
(31, -4, 16, 48, -26, -43)
(33, -25, 27, 14, -39, -7)
(46, -32, 28, 7, -35, 8)
(60, -34, 28, 6, -16, 23)
(54, -34, 31, 5, 22, 29)
(40, -31, 25, 2, 47, 39)
(30, -26, 22, -6, 65, 48)
(12, -21, 19, -13, 79, 57)
(-5, -15, 18, -22, 72, 66)
(-17, -12, 18, -30, 59, 79)
(-25, -7, 15, -36, 45, 92)
(-32, -1, 9, -43, 27, 104)
(-37, 1, 3, -54, 10, 116)
(-37, 3, 1, -63, -4, 127)
(-35, 7, -2, -67, -12, 127)
(-24, 16, -12, -70, -21, 127)
(-20, 25, -17, -65, -2, 127)
(-33, 37, -20, -58, 22, 127)
(-41, 49, -28, -60, 31, 127)
(-55, 57, -37, -60, 43, 127)
(-58, 56, -34, -59, 46, 127)
(-43, 52, -26, -48, 47, 127)
(-30, 54, -31, -20, 66, 127)
(-16, 72, -50, 4, 106, 127)
(-29, 91, -70, 12, 127, 127)
(-80, 110, -72, -5, 127, 108)
(-108, 112, -67, -44, 127, 103)
(-103, 96, -56, -63, 64, 105)
(-86, 88, -54, -52, 18, 111)
BatchID:  5




(-13, 54, -1, -2, 3, -5)
(-14, 54, 0, -3, 2, -5)
(-14, 54, -2, -3, 0, -5)
(-14, 54, -2, -4, -1, -4)
(-15, 53, -2, -5, -5, -3)
(-13, 52, -2, -4, -8, -2)
(-13, 52, -3, -4, -9, -1)
(-11, 51, -2, -4, -9, -1)
(-10, 51, -2, -2, -8, -1)
(-10, 51, -2, -2, -6, -2)
(-10, 51, -3, -3, -3, -2)
(-11, 51, -3, -2, -1, -2)
(-12, 50, -3, -2, -1, -2)
(-14, 50, -2, -2, -2, 0)
(-18, 51, -2, -4, -9, 2)
(-22, 49, -2, -6, -22, 7)
(-26, 49, 0, -3, -37, 15)
(-31, 52, 0, 3, -47, 23)
(-40, 59, 0, 10, -51, 31)
(-52, 75, 2, 14, -43, 31)
(-70, 93, 8, 7, -27, 13)
(-87, 105, 11, 8, -20, -23)
(-92, 113, 2, 9, -6, -73)
(-91, 124, -9, 14, 26, -127)
(-99, 127, -23, 18, 60, -127)
(-108, 127, -34, 22, 76, -127)
(-111, 127, -42, 42, 80, -127)
(-119, 126, -49, 67, 69, -127)
(-115, 116, -52, 83, 45, -127)
(-106, 112, -49, 94, 20, -127)
(-97, 116, -47, 96, -7, -127)
(-80, 116, -46, 85, -42, -127)
(-63, 106, -39, 75, -65, -127)
(-51, 102, -34, 71, -82, -127)
(-40, 99, -33, 63, -104, -127)
(-26, 97, -31, 50, -118, -127)
(-15, 93, -29, 37, -127, -127)
(10, 74, -20, 1, -127, -127)
(20, 57, -14, -14, -127, -113)
(27, 39, -12, -22, -127, -92)
(37, 22, -11, -29, -127, -76)
(46, 5, -6, -37, -127, -61)
(87, -41, 4, -35, -127, -38)
(105, -55, 6, -20, -117, -25)
(114, -60, 10, -9, -65, -3)
(102, -59, 11, 2, -7, 24)
(75, -51, 8, 11, 37, 49)
(47, -34, 2, 11, 65, 68)
(-3, -22, -3, -3, 73, 86)
(-12, -22, 0, -8, 54, 87)
(-2, -24, 0, -5, 43, 87)
(7, -19, -2, 1, 49, 90)
(7, -9, -5, 10, 65, 98)
(0, 1, -7, 18, 83, 109)
(-12, 12, -8, 25, 96, 122)
(-31, 24, -9, 22, 95, 127)
(-41, 27, -10, 12, 76, 127)
(-37, 27, -6, 14, 58, 127)
(-35, 33, -5, 24, 58, 127)
(-38, 47, -11, 28, 66, 127)
(-43, 59, -16, 17, 75, 127)
(-53, 65, -18, 0, 75, 127)
(-59, 70, -20, -8, 54, 127)
(-48, 73, -19, -5, 56, 127)
(-45, 73, -19, 0, 65, 127)
(-45, 84, -22, 9, 77, 127)
BatchID:  6




(-12, 52, -5, 0, 0, 0)
(-13, 53, -6, 0, 0, 0)
(-13, 53, -6, 0, 0, 1)
(-12, 53, -5, 0, 0, 0)
(-12, 54, -6, 0, -1, 0)
(-12, 53, -6, 0, 0, 0)
(-13, 53, -5, 0, 0, 0)
(-12, 53, -5, 0, 0, 0)
(-13, 53, -6, -1, 0, 0)
(-13, 53, -6, 0, 0, 0)
(-14, 53, -6, -1, -1, 0)
(-14, 52, -6, 0, -2, 0)
(-13, 52, -6, 0, -3, 0)
(-13, 53, -7, 0, -3, 0)
(-12, 53, -6, 0, -2, 0)
(-14, 53, -7, 0, -1, 0)
(-18, 55, -6, 0, -1, 0)
(-26, 58, -8, 1, -2, 0)
(-36, 63, -8, 0, -4, -1)
(-46, 70, -8, -4, -6, -7)
(-56, 79, -8, -12, -4, -18)
(-67, 89, -8, -22, 0, -37)
(-78, 96, -10, -26, 8, -58)
(-91, 104, -16, -13, 33, -83)
(-111, 108, -27, 18, 60, -118)
(-127, 114, -42, 55, 61, -127)
(-127, 122, -49, 80, 45, -127)
(-127, 124, -59, 101, 7, -127)
(-119, 120, -60, 107, -8, -127)
(-98, 113, -53, 104, -15, -127)
(-82, 104, -42, 101, -28, -127)
(-70, 101, -33, 99, -48, -127)
(-58, 106, -32, 93, -74, -127)
(-45, 111, -37, 75, -97, -127)
(-28, 106, -37, 51, -116, -127)
(-7, 92, -33, 34, -127, -127)
(10, 82, -30, 22, -126, -127)
(21, 74, -28, 9, -113, -127)
(28, 56, -25, -7, -96, -127)
(34, 35, -15, -17, -86, -127)
(38, 12, -4, -12, -83, -127)
(44, -3, 3, 4, -84, -119)
(61, -7, 2, 12, -81, -100)
(77, -16, 5, 8, -70, -76)
(90, -33, 12, 12, -53, -51)
(95, -40, 17, 25, -17, -23)
(80, -35, 19, 33, 22, 7)
(56, -24, 14, 27, 39, 37)
(39, -20, 11, 15, 47, 60)
(21, -18, 10, 4, 48, 76)
(6, -16, 9, -4, 41, 86)
(3, -16, 8, -12, 32, 93)
(5, -15, 8, -13, 31, 100)
(6, -9, 8, -11, 37, 109)
(5, -1, 6, -10, 45, 122)
(0, 8, 3, -8, 56, 127)
(-15, 18, -2, -6, 64, 127)
(-31, 28, -5, -9, 62, 127)
(-48, 36, -10, -18, 45, 127)
(-59, 40, -11, -27, 17, 127)
(-64, 42, -13, -25, -5, 127)
(-73, 52, -17, -18, -20, 127)
(-73, 57, -23, -19, -38, 127)
(-46, 60, -13, -7, -5, 127)
(-48, 70, -11, -1, 20, 127)
(-48, 79, -15, -2, 38, 127)
(-51, 81, -17, -4, 58, 122)
(-58, 89, -14, -3, 77, 110)
BatchID:  7




(-13, 51, -6, -1, -1, 0)
(-13, 51, -6, -1, -1, 0)
(-13, 52, -6, -1, -1, 1)
(-13, 52, -6, -2, -1, 1)
(-14, 52, -6, -2, -2, 1)
(-13, 52, -6, -1, -2, 1)
(-13, 52, -6, -2, -3, 1)
(-12, 52, -6, -1, -2, 1)
(-11, 52, -5, -1, -1, 1)
(-11, 52, -5, -1, 0, 1)
(-11, 52, -5, -1, 1, 1)
(-11, 52, -6, -1, 2, 1)
(-12, 52, -5, -1, 2, 2)
(-13, 51, -5, 0, 1, 2)
(-14, 52, -6, 0, 2, 3)
(-16, 53, -7, 1, 5, 4)
(-23, 56, -8, 4, 15, 5)
(-39, 66, -6, 5, 31, 1)
(-68, 80, -6, 0, 45, -10)
(-100, 91, -9, -1, 47, -28)
(-127, 104, -12, 15, 37, -57)
(-127, 122, -24, 39, 2, -92)
(-127, 127, -43, 53, -35, -127)
(-127, 127, -61, 52, -44, -127)
(-127, 127, -67, 50, -24, -127)
(-112, 127, -66, 49, 0, -127)
(-101, 127, -57, 55, 15, -127)
(-92, 114, -47, 73, 15, -127)
(-85, 108, -41, 86, 6, -127)
(-70, 104, -33, 91, -15, -127)
(-57, 107, -27, 89, -40, -127)
(-44, 112, -25, 79, -69, -127)
(-25, 116, -28, 62, -97, -127)
(-8, 111, -30, 36, -111, -127)
(6, 96, -27, 9, -119, -127)
(23, 77, -21, -9, -123, -127)
(34, 60, -18, -17, -118, -127)
(46, 42, -14, -26, -111, -127)
(59, 20, -7, -31, -104, -127)
(74, -7, 6, -19, -100, -115)
(93, -27, 12, 11, -87, -89)
(110, -26, 14, 25, -47, -60)
(110, -30, 20, 26, -15, -28)
(96, -35, 19, 25, 11, 7)
(49, -20, 10, 4, 41, 65)
(28, -19, 5, -7, 40, 82)
(14, -20, 2, -13, 36, 93)
(7, -21, 3, -13, 32, 98)
(9, -17, 4, -9, 33, 104)
(5, -4, 1, 2, 51, 126)
(-1, 8, -1, 6, 61, 127)
(-18, 19, -4, 5, 67, 127)
(-35, 28, -7, -2, 60, 127)
(-44, 34, -10, -10, 46, 127)
(-48, 38, -11, -17, 34, 127)
(-56, 57, -15, -21, 35, 127)
(-68, 66, -22, -31, 25, 127)
(-69, 70, -24, -43, 5, 127)
(-58, 65, -22, -35, 7, 127)
(-50, 70, -22, -23, 29, 127)
(-53, 81, -25, -16, 48, 127)
(-58, 92, -25, -14, 62, 127)
(-64, 96, -25, -15, 59, 127)
(-69, 99, -26, -13, 50, 127)
(-66, 99, -28, -14, 35, 127)
(-55, 104, -32, -14, 39, 127)
(-53, 106, -35, -18, 58, 121)
BatchID:  8




(-14, 52, -5, 0, -1, 0)
(-13, 52, -5, 0, 0, 0)
(-14, 52, -5, -1, 0, 0)
(-14, 52, -5, 0, 1, 0)
(-14, 52, -5, 0, 0, 0)
(-14, 52, -5, 0, 0, 0)
(-14, 52, -5, 0, 0, 0)
(-15, 52, -4, 0, 0, 0)
(-14, 51, -4, 0, 0, 0)
(-14, 52, -4, 0, 0, 0)
(-14, 52, -5, 0, 0, 0)
(-14, 52, -5, 0, 0, 0)
(-14, 51, -4, 0, 0, 0)
(-15, 52, -3, 0, -1, 0)
(-15, 52, -4, 0, -2, 0)
(-16, 52, -6, 0, -3, 0)
(-20, 54, -5, -1, -4, 1)
(-31, 56, -5, -1, -8, 1)
(-42, 60, -5, -1, -15, 2)
(-55, 66, -4, 0, -23, -1)
(-72, 79, -3, 0, -23, -8)
(-92, 93, -4, -4, -20, -27)
(-109, 108, -3, -4, -21, -51)
(-112, 117, -1, 3, -18, -91)
(-108, 127, -4, 19, -4, -127)
(-103, 127, -13, 29, 20, -127)
(-98, 127, -27, 30, 44, -127)
(-101, 121, -33, 36, 62, -127)
(-108, 107, -37, 56, 58, -127)
(-108, 100, -41, 76, 38, -127)
(-103, 99, -40, 85, 5, -127)
(-89, 98, -40, 84, -29, -127)
(-69, 96, -41, 76, -64, -127)
(-54, 98, -41, 63, -84, -127)
(-45, 101, -43, 38, -107, -127)
(-29, 92, -44, 13, -127, -127)
(-12, 79, -44, -1, -127, -127)
(5, 68, -45, -6, -127, -127)
(27, 53, -40, -7, -127, -127)
(41, 37, -30, -5, -124, -127)
(47, 19, -16, 6, -99, -127)
(49, 4, -6, 25, -76, -126)
(49, -4, -1, 41, -58, -107)
(49, -8, 5, 52, -41, -86)
(48, -11, 15, 47, -35, -66)
(52, -17, 23, 37, -32, -47)
(60, -23, 28, 26, -20, -29)
(61, -26, 33, 14, 4, -9)
(56, -27, 30, 1, 30, 12)
(37, -24, 24, -3, 52, 32)
(12, -22, 23, -12, 62, 48)
(-2, -23, 20, -17, 47, 60)
(-4, -22, 18, -19, 32, 72)
(0, -22, 17, -15, 30, 81)
(4, -18, 16, -7, 36, 90)
(4, -10, 13, -2, 49, 101)
(0, -2, 8, 0, 67, 114)
(-11, 6, 3, -1, 79, 125)
(-26, 15, -1, -4, 84, 127)
(-38, 21, -3, -14, 77, 127)
(-46, 24, -6, -21, 65, 127)
(-48, 28, -9, -27, 58, 127)
(-44, 31, -11, -30, 55, 127)
(-39, 36, -15, -29, 64, 127)
(-39, 44, -20, -28, 84, 127)
(-50, 52, -26, -29, 101, 127)
(-68, 64, -33, -34, 106, 127)
(-85, 65, -37, -46, 81, 127)
(-95, 62, -36, -49, 49, 127)
(-92, 53, -33, -41, 18, 127)
BatchID:  9




(-20, 51, -6, 0, -1, 0)
(-21, 51, -6, 0, -2, 0)
(-23, 52, -6, 0, -3, -1)
(-24, 52, -6, 1, -5, -2)
(-24, 52, -7, 1, -6, -3)
(-23, 52, -7, 2, -6, -5)
(-23, 52, -6, 3, -6, -7)
(-23, 52, -6, 3, -5, -7)
(-23, 52, -5, 3, -5, -8)
(-22, 52, -5, 3, -5, -8)
(-22, 53, -5, 1, -6, -8)
(-21, 52, -4, 0, -6, -8)
(-19, 51, -5, -1, -6, -8)
(-18, 50, -5, -3, -4, -9)
(-18, 49, -5, -3, -3, -10)
(-17, 49, -4, -3, -1, -9)
(-18, 49, -5, -2, 0, -8)
(-23, 51, -7, -1, 2, -5)
(-34, 57, -10, 0, 5, -3)
(-54, 67, -14, 0, 13, -4)
(-87, 84, -21, -1, 28, -13)
(-127, 97, -33, 17, 46, -41)
(-127, 112, -43, 66, 31, -91)
(-127, 127, -59, 92, -18, -127)
(-127, 127, -77, 95, -40, -127)
(-127, 127, -92, 86, -35, -127)
(-127, 127, -85, 71, -29, -127)
(-124, 122, -63, 68, -34, -127)
(-105, 108, -45, 77, -55, -127)
(-79, 107, -36, 78, -83, -127)
(-52, 112, -35, 70, -109, -127)
(-26, 115, -38, 51, -127, -127)
(-3, 110, -39, 25, -127, -127)
(10, 100, -38, 4, -127, -127)
(19, 82, -36, -8, -125, -127)
(26, 64, -31, -11, -121, -127)
(30, 45, -26, -7, -117, -127)
(33, 27, -21, 1, -115, -120)
(42, 9, -14, 11, -112, -104)
(52, -3, -5, 26, -101, -90)
(62, -10, 1, 43, -78, -79)
(66, -13, 5, 45, -51, -66)
(63, -21, 13, 38, -33, -47)
(61, -26, 22, 32, -21, -24)
(66, -25, 25, 20, -15, 12)
(56, -20, 22, 15, 14, 29)
(22, -26, 23, 1, 28, 33)
(18, -23, 16, -3, 29, 42)
(14, -19, 13, -8, 50, 52)
(-4, -18, 10, -10, 62, 60)
(-19, -20, 10, -11, 56, 68)
(-21, -22, 14, -5, 49, 73)
(-19, -19, 14, 2, 49, 77)
(-13, -15, 15, 6, 51, 81)
(-6, -11, 13, 7, 60, 85)
(-3, -4, 11, 3, 77, 90)
(-10, 4, 3, -4, 91, 96)
(-33, 15, -5, -29, 91, 108)
(-36, 19, -7, -37, 80, 113)
(-36, 24, -6, -39, 71, 120)
(-35, 31, -9, -35, 63, 127)
(-39, 41, -13, -32, 59, 127)
(-52, 48, -20, -29, 48, 127)
(-69, 53, -30, -19, 25, 127)
(-77, 54, -34, -2, -32, 127)
(-58, 61, -26, 12, -24, 127)
(-53, 71, -24, 13, 1, 127)
(-53, 86, -29, 8, 21, 127)
(-51, 89, -30, -3, 50, 127)
BatchID:  10




(-14, 52, -5, 0, 0, 1)
(-14, 51, -5, 0, -1, 1)
(-15, 52, -5, 0, -2, 2)
(-15, 52, -5, 0, -2, 1)
(-14, 52, -4, 0, -2, 1)
(-13, 52, -5, 0, -1, 0)
(-14, 53, -5, -1, 0, 0)
(-13, 53, -5, -1, 0, 0)
(-13, 52, -5, -1, 0, 0)
(-14, 52, -6, -1, 0, 0)
(-14, 52, -5, -1, 0, 0)
(-15, 52, -6, -1, 0, 0)
(-15, 52, -6, 0, 0, 0)
(-18, 52, -6, 0, 0, 1)
(-24, 55, -8, 3, 1, 4)
(-32, 58, -10, 11, 7, 8)
(-54, 73, -11, 16, 20, 7)
(-88, 90, -11, 17, 25, -5)
(-124, 110, -13, 21, 23, -37)
(-127, 127, -22, 34, 8, -93)
(-127, 127, -40, 46, -19, -127)
(-127, 127, -58, 44, -8, -127)
(-123, 127, -66, 51, 7, -127)
(-112, 127, -66, 61, 7, -127)
(-101, 118, -61, 74, 3, -127)
(-93, 101, -56, 91, -2, -127)
(-86, 96, -50, 95, -20, -127)
(-74, 93, -42, 88, -50, -127)
(-61, 93, -37, 81, -80, -127)
(-45, 94, -37, 68, -109, -127)
(-30, 96, -37, 52, -127, -127)
(-12, 90, -36, 31, -127, -127)
(0, 80, -35, 17, -127, -127)
(9, 66, -31, 8, -127, -127)
(18, 52, -23, 6, -127, -127)
(28, 37, -16, 9, -117, -127)
(39, 26, -8, 12, -103, -125)
(47, 13, -3, 15, -86, -107)
(52, 1, 0, 13, -69, -87)
(60, -12, 6, 11, -60, -69)
(70, -27, 13, 16, -45, -51)
(74, -31, 14, 22, -21, -29)
(71, -30, 14, 21, -1, -7)
(63, -30, 15, 15, 13, 18)
(51, -29, 15, 10, 25, 42)
(38, -26, 13, 3, 34, 62)
(25, -22, 11, -2, 36, 77)
(19, -18, 10, -6, 36, 86)
(18, -15, 10, -10, 39, 94)
(17, -10, 9, -9, 48, 103)
(14, -3, 7, -5, 60, 114)
(7, 6, 5, -3, 71, 125)
(-5, 15, 0, -1, 80, 127)
(-18, 24, -2, -3, 82, 127)
(-32, 33, -6, -8, 80, 127)
(-45, 40, -10, -16, 74, 127)
(-51, 47, -10, -25, 60, 127)
(-57, 55, -10, -34, 49, 127)
(-68, 61, -14, -43, 37, 127)
(-78, 69, -26, -44, 25, 127)
(-81, 70, -38, -29, 25, 127)
(-77, 62, -32, -8, 44, 127)
(-79, 63, -18, 19, 62, 127)
(-75, 70, -14, 31, 53, 127)
(-57, 79, -23, 29, 41, 127)
(-48, 92, -37, 25, 54, 127)
(-51, 104, -48, 12, 82, 121)
(-82, 107, -47, -11, 97, 110)
(-105, 99, -42, -23, 76, 99)
BatchID:  11




(-16, 51, -7, 0, -1, 0)
(-16, 52, -7, 0, -1, 0)
(-16, 51, -8, 0, -1, 0)
(-15, 51, -7, 0, -1, 0)
(-15, 51, -7, 0, -1, 0)
(-15, 52, -7, 0, -1, 0)
(-16, 51, -7, 0, -1, 0)
(-16, 51, -7, 0, -1, 0)
(-16, 51, -7, 0, -1, 0)
(-15, 52, -7, 0, -1, 0)
(-16, 52, -7, 0, 0, 0)
(-15, 51, -7, 0, 0, 0)
(-15, 51, -7, 0, 0, 0)
(-16, 51, -8, 0, 0, 0)
(-17, 52, -8, 0, 0, 0)
(-20, 52, -9, 1, 1, 1)
(-26, 55, -9, 4, 3, 3)
(-37, 60, -13, 7, 7, 6)
(-55, 72, -12, 4, 18, 6)
(-88, 89, -13, -6, 26, -1)
(-127, 107, -23, 5, -1, -63)
(-127, 117, -32, 26, -28, -114)
(-127, 127, -50, 48, -20, -127)
(-123, 127, -70, 71, 9, -127)
(-119, 127, -73, 76, 30, -127)
(-114, 117, -63, 86, 27, -127)
(-103, 104, -57, 104, 9, -127)
(-92, 107, -54, 113, -12, -127)
(-82, 112, -54, 104, -39, -127)
(-62, 105, -47, 86, -70, -127)
(-52, 102, -42, 77, -92, -127)
(-41, 104, -43, 65, -114, -127)
(-26, 100, -44, 48, -127, -127)
(-4, 85, -39, 36, -127, -127)
(13, 75, -33, 35, -127, -127)
(21, 67, -31, 28, -114, -127)
(29, 52, -26, 20, -99, -127)
(34, 34, -15, 13, -89, -127)
(35, 13, -4, 12, -81, -112)
(38, -4, 5, 19, -81, -92)
(48, -10, 4, 24, -78, -77)
(59, -14, 6, 17, -67, -62)
(72, -27, 16, 10, -61, -47)
(86, -39, 22, 17, -41, -26)
(86, -41, 26, 30, 2, 1)
(63, -29, 25, 35, 33, 29)
(44, -20, 24, 29, 43, 50)
(27, -19, 23, 22, 47, 67)
(13, -14, 23, 17, 43, 80)
(8, -11, 21, 10, 35, 92)
(5, -9, 19, 8, 33, 104)
(2, -3, 16, 7, 36, 116)
(-2, 5, 11, 2, 41, 127)
(-7, 12, 6, -4, 47, 127)
(-13, 18, 2, -11, 55, 127)
(-31, 36, -7, -23, 69, 127)
(-42, 45, -13, -33, 68, 127)
(-51, 50, -17, -44, 66, 127)
(-55, 49, -17, -48, 55, 127)
(-52, 49, -16, -43, 44, 127)
(-48, 58, -21, -31, 47, 127)
(-54, 69, -28, -23, 56, 127)
(-68, 82, -36, -23, 58, 127)
(-83, 88, -39, -26, 56, 127)
(-91, 81, -34, -29, 31, 127)
(-83, 71, -26, -21, 1, 127)
(-64, 69, -25, -8, -15, 127)
BatchID:  12




(-17, 52, -7, 0, -1, 0)
(-17, 52, -6, 0, -2, 0)
(-16, 52, -7, 0, -3, 0)
(-16, 52, -7, 0, -3, 0)
(-15, 52, -7, 0, -4, 0)
(-15, 51, -6, 1, -3, 0)
(-15, 52, -7, 1, -4, 0)
(-16, 52, -6, 1, -5, 0)
(-15, 52, -7, 1, -5, 1)
(-15, 53, -7, 1, -6, 1)
(-14, 52, -7, 0, -6, 1)
(-14, 52, -6, 0, -4, 1)
(-13, 52, -8, 0, -3, 0)
(-15, 53, -7, 0, 0, 0)
(-16, 53, -9, 0, 0, 0)
(-22, 53, -9, 1, 0, 1)
(-31, 58, -10, 5, 0, 2)
(-54, 70, -10, 8, 1, 2)
(-85, 97, -10, 4, 13, -5)
(-127, 123, -16, -8, 37, -41)
(-127, 127, -26, 11, 17, -111)
(-127, 127, -41, 38, -5, -127)
(-127, 127, -61, 47, 19, -127)
(-127, 127, -66, 58, 35, -127)
(-117, 120, -63, 81, 37, -127)
(-111, 100, -57, 99, 33, -127)
(-99, 93, -45, 108, 14, -127)
(-70, 96, -30, 90, -63, -127)
(-57, 103, -34, 70, -98, -127)
(-46, 104, -42, 44, -127, -127)
(-31, 93, -42, 23, -127, -127)
(-13, 81, -37, 15, -127, -127)
(0, 73, -36, 14, -127, -127)
(11, 68, -39, 10, -127, -127)
(21, 56, -35, 3, -127, -127)
(28, 15, -12, 9, -93, -127)
(32, 3, -3, 21, -80, -113)
(33, -4, 1, 32, -76, -92)
(40, -10, 5, 30, -76, -70)
(51, -16, 11, 22, -76, -48)
(64, -26, 16, 15, -65, -28)
(70, -33, 19, 15, -40, -10)
(65, -32, 20, 14, -6, 9)
(50, -27, 18, 9, 17, 29)
(35, -25, 17, 0, 29, 45)
(22, -25, 16, -4, 36, 58)
(14, -23, 14, -8, 38, 67)
(15, -19, 12, -12, 46, 82)
(14, -15, 9, -11, 58, 92)
(10, -8, 6, -11, 68, 103)
(1, -1, 3, -10, 77, 116)
(-9, 7, 0, -10, 81, 127)
(-22, 14, -2, -14, 76, 127)
(-30, 20, -4, -18, 64, 127)
(-34, 24, -5, -20, 51, 127)
(-34, 28, -6, -17, 43, 127)
(-33, 36, -12, -12, 47, 127)
(-40, 48, -20, -9, 64, 127)
(-55, 59, -26, -9, 75, 127)
(-72, 67, -28, -16, 74, 127)
(-76, 62, -21, -23, 52, 127)
(-66, 57, -14, -15, 30, 127)
(-49, 64, -21, -3, 18, 127)
(-29, 79, -31, 2, 37, 127)
(-33, 94, -37, 0, 80, 127)
(-66, 112, -37, -7, 110, 127)
(-103, 122, -37, -24, 92, 127)
(-119, 113, -30, -47, 28, 127)
BatchID:  13




(-14, 52, -7, 0, 0, 0)
(-14, 52, -7, 0, 0, 0)
(-14, 51, -7, 0, 0, 0)
(-15, 51, -7, 0, 0, 0)
(-14, 52, -7, 0, 0, 0)
(-14, 52, -7, 0, 0, 0)
(-15, 52, -7, 0, 0, 0)
(-14, 52, -7, 0, 0, 0)
(-15, 52, -7, 0, 0, 0)
(-15, 52, -8, 0, 0, 0)
(-15, 52, -7, 0, 0, 0)
(-15, 52, -7, 0, 0, 0)
(-15, 52, -8, 0, 0, 0)
(-15, 52, -7, 0, 0, 0)
(-15, 52, -7, 0, 0, 0)
(-17, 53, -7, 0, 0, 0)
(-19, 53, -7, 0, 0, 0)
(-21, 54, -8, 1, 1, 0)
(-27, 57, -8, 3, 1, 0)
(-34, 61, -8, 4, 4, 0)
(-47, 69, -7, 3, 11, -1)
(-62, 80, -4, -2, 15, -8)
(-84, 92, -7, -6, 19, -25)
(-99, 99, -12, -4, 29, -50)
(-114, 100, -22, 14, 43, -90)
(-127, 113, -36, 45, 49, -127)
(-127, 127, -73, 82, 39, -127)
(-127, 127, -75, 95, 32, -127)
(-127, 125, -79, 111, 22, -127)
(-117, 122, -80, 115, 7, -127)
(-101, 111, -68, 110, -15, -127)
(-85, 102, -54, 109, -44, -127)
(-72, 105, -49, 107, -79, -127)
(-52, 113, -51, 88, -114, -127)
(-32, 107, -47, 66, -127, -127)
(-12, 102, -40, 51, -127, -127)
(9, 98, -40, 35, -127, -127)
(24, 86, -39, 16, -127, -127)
(37, 64, -34, 6, -127, -127)
(42, 38, -25, 12, -127, -120)
(41, 19, -17, 22, -114, -104)
(43, 7, -10, 31, -103, -94)
(53, -2, -2, 32, -90, -84)
(61, -15, 3, 32, -74, -76)
(71, -26, 14, 34, -56, -63)
(76, -31, 21, 36, -36, -46)
(76, -32, 24, 30, -14, -26)
(57, -28, 24, 7, 30, 21)
(43, -25, 21, -6, 44, 41)
(30, -23, 18, -19, 51, 57)
(21, -21, 17, -26, 51, 70)
(17, -15, 14, -30, 51, 81)
(13, -10, 11, -32, 54, 93)
(0, 4, 5, -30, 60, 123)
(-8, 12, 1, -30, 58, 127)
(-18, 20, -1, -30, 50, 127)
(-27, 28, -4, -30, 39, 127)
(-35, 33, -9, -31, 24, 127)
(-37, 38, -13, -27, 14, 127)
(-35, 43, -18, -16, 15, 127)
(-37, 52, -21, -6, 28, 127)
(-43, 60, -19, -1, 39, 127)
(-44, 69, -20, 0, 43, 127)
(-42, 80, -24, -4, 59, 127)
(-44, 91, -34, -8, 92, 127)
(-54, 97, -49, -6, 127, 127)
BatchID:  14



