

(35, -52, -32, -3, 2, -1)
(34, -52, -32, -3, 0, 0)
(36, -52, -33, -2, 0, 0)
(36, -51, -34, -1, 0, 0)
(36, -51, -34, -1, -2, 0)
(37, -50, -35, 0, -4, 1)
(38, -49, -36, 0, -3, 2)
(37, -52, -36, 1, -1, 4)
(36, -54, -36, 1, -1, 4)
(35, -53, -35, 2, 0, 4)
(33, -53, -35, 2, 0, 3)
(33, -52, -34, 2, 0, 1)
(33, -52, -34, 0, -1, 0)
(33, -54, -34, -1, -1, 0)
(34, -54, -35, -1, 0, 0)
(34, -53, -36, -2, 1, 0)
(35, -51, -37, -2, 3, 0)
(35, -51, -37, -4, 5, -1)
(33, -51, -37, -5, 5, -3)
(34, -50, -38, -7, 6, -4)
(33, -48, -39, -10, 6, -6)
(34, -47, -41, -14, 5, -7)
(36, -45, -44, -17, 5, -7)
(39, -43, -47, -22, 7, -6)
(41, -39, -50, -28, 10, -7)
(45, -37, -53, -35, 14, -9)
(48, -33, -57, -40, 20, -13)
(49, -28, -61, -47, 23, -17)
(53, -23, -66, -54, 22, -19)
(63, -19, -72, -61, 21, -21)
(71, -13, -82, -62, 25, -21)
(73, -7, -90, -64, 25, -20)
(77, -4, -93, -67, 14, -16)
(81, -2, -101, -68, -3, -7)
(91, -1, -110, -65, -16, 8)
(102, 2, -117, -48, -17, 29)
(105, 8, -122, -30, -18, 51)
(105, 6, -127, -13, -30, 78)
(106, 0, -127, 21, -40, 116)
(103, -13, -127, 69, -34, 127)
(90, -23, -111, 127, -25, 127)
(75, -23, -94, 127, -11, 127)
(61, -17, -78, 127, 4, 127)
(42, -6, -68, 127, 8, 127)
(29, 38, -50, 127, 4, 127)
(0, 44, -55, 127, -37, 127)
(1, 65, -58, 127, -104, 127)
(16, 87, -68, 127, -127, 127)
(34, 127, -86, 127, -127, 127)
(47, 127, -101, 127, -127, 127)
(59, 127, -87, 127, -127, 127)
(59, 127, 0, 127, -127, 127)
(40, 127, 57, 127, -127, 127)
(54, 127, 88, 127, -127, 127)
(79, 106, 122, 127, -110, 118)
(57, 94, 100, 127, 74, 90)
(-50, 127, 104, 118, 127, 56)
(-103, 127, 109, 27, -13, 11)
(-36, 87, 107, -22, -70, -40)
(8, 97, 89, -53, -77, -73)
(53, 87, 77, -83, -71, -79)
(70, 64, 77, -85, -22, -68)
(57, 49, 81, -69, 36, -51)
(27, 45, 84, -53, 50, -35)
(7, 43, 84, -41, 31, -24)
(0, 40, 85, -28, 14, -18)
(-3, 45, 86, -20, 5, -18)
(0, 50, 89, -22, 4, -19)
BatchID:  2




(33, -50, -37, -1, 3, -2)
(33, -51, -37, 0, 2, -1)
(33, -51, -38, 1, 1, -1)
(33, -51, -37, 2, 1, -1)
(33, -49, -36, 1, 1, -3)
(33, -49, -37, 0, 1, -4)
(34, -51, -37, 0, 0, -5)
(35, -51, -37, 0, 0, -5)
(33, -50, -36, 0, 1, -4)
(33, -51, -37, 0, 0, -3)
(34, -51, -36, 0, 0, -2)
(35, -50, -36, 0, 2, -1)
(35, -49, -36, 0, 4, 0)
(34, -48, -36, -2, 5, 0)
(34, -50, -36, -3, 5, 0)
(34, -51, -36, -3, 5, -1)
(34, -50, -38, -4, 5, -2)
(34, -50, -37, -6, 5, -3)
(35, -50, -40, -11, 7, -4)
(37, -50, -44, -17, 10, -5)
(38, -50, -47, -24, 14, -7)
(39, -48, -53, -30, 17, -8)
(43, -44, -57, -37, 21, -9)
(47, -36, -62, -44, 24, -11)
(52, -26, -68, -51, 28, -11)
(60, -13, -76, -60, 30, -8)
(68, -5, -86, -73, 31, -4)
(73, -3, -94, -80, 24, -2)
(78, -1, -101, -79, 10, 0)
(89, 3, -107, -63, -1, 10)
(100, 9, -116, -46, -6, 29)
(100, 10, -123, -27, -11, 53)
(98, 4, -126, -6, -20, 83)
(94, -8, -115, 30, -22, 115)
(90, -14, -102, 86, -14, 127)
(78, -6, -94, 127, -7, 127)
(68, -1, -84, 127, -6, 127)
(58, -1, -72, 127, -4, 127)
(48, 2, -61, 127, -14, 127)
(34, 9, -49, 127, -31, 127)
(23, 23, -32, 127, -44, 127)
(8, 19, -26, 127, -71, 127)
(22, 31, -25, 127, -83, 127)
(38, 60, -39, 127, -66, 127)
(41, 127, -65, 127, -64, 127)
(23, 127, -92, 127, -127, 127)
(-8, 127, -36, 127, -124, 127)
(-15, 127, 9, 127, -127, 127)
(20, 127, 42, 127, -127, 127)
(45, 127, 48, 127, -64, 127)
(-1, 119, 94, 127, 31, 127)
(-51, 127, 109, 127, 40, 102)
(-61, 127, 123, 65, -38, 38)
(-11, 116, 117, 1, -43, -39)
(7, 123, 103, -49, -29, -94)
(31, 112, 92, -88, -26, -107)
(35, 98, 88, -105, 5, -90)
(17, 86, 85, -107, 26, -66)
(-2, 72, 83, -107, 10, -38)
(-6, 58, 79, -100, -12, -22)
(-6, 46, 76, -82, -20, -22)
(-5, 47, 79, -66, -21, -29)
(1, 49, 88, -56, 12, -40)
(-9, 52, 85, -62, 34, -46)
(-22, 53, 82, -76, 37, -53)
BatchID:  3




(37, -41, -41, -8, 11, -4)
(39, -40, -41, -9, 9, -5)
(39, -42, -41, -9, 7, -5)
(40, -43, -40, -5, 6, -5)
(40, -42, -40, -3, 5, -5)
(40, -40, -38, -2, 4, -4)
(40, -39, -37, -1, 3, -2)
(41, -41, -36, -2, 4, -1)
(40, -41, -35, -2, 4, 0)
(40, -41, -36, -2, 3, 0)
(41, -39, -37, -2, 4, 3)
(41, -40, -37, -4, 5, 4)
(40, -42, -38, -4, 5, 6)
(41, -41, -40, -4, 5, 7)
(43, -40, -43, -5, 5, 9)
(44, -40, -46, -5, 7, 11)
(43, -40, -47, -5, 7, 12)
(40, -37, -49, -4, 3, 8)
(38, -34, -53, -6, -7, 0)
(43, -31, -57, -6, -20, -8)
(50, -23, -63, -5, -31, -12)
(61, -12, -74, -9, -37, -9)
(69, -5, -86, -20, -35, 0)
(69, -9, -91, -30, -37, 12)
(70, -19, -90, -24, -38, 26)
(67, -20, -88, 1, -34, 41)
(67, -12, -89, 18, -32, 58)
(69, -7, -94, 38, -23, 78)
(70, -5, -100, 60, -15, 98)
(68, -10, -105, 80, -20, 112)
(65, -27, -102, 110, -35, 123)
(61, -42, -94, 127, -52, 127)
(60, -44, -91, 127, -60, 127)
(63, -33, -89, 127, -50, 127)
(58, -18, -82, 127, -37, 127)
(43, 9, -65, 127, -24, 127)
(16, 25, -42, 127, -28, 127)
(5, 26, -31, 127, -50, 127)
(5, 34, -27, 127, -58, 127)
(7, 50, -30, 127, -70, 127)
(15, 72, -32, 127, -87, 127)
(31, 97, -26, 127, -93, 127)
(39, 127, -9, 127, -88, 127)
(58, 127, 33, 127, -68, 127)
(51, 127, 64, 127, -49, 127)
(43, 127, 87, 127, -35, 127)
(8, 115, 114, 127, -1, 127)
(-78, 93, 124, 127, 75, 127)
(-127, 125, 125, 127, 47, 120)
(-87, 87, 111, 17, -127, 18)
(28, 50, 127, 33, -121, -68)
(60, 76, 127, -2, 21, -72)
(27, 68, 123, -34, 81, -43)
(-8, 49, 106, -59, 66, -11)
(-21, 34, 101, -60, 54, 2)
(-48, 24, 96, -36, 59, 0)
(-70, 28, 100, -16, 26, -12)
(-41, 39, 107, -3, 9, -34)
(-42, 49, 108, -13, 12, -36)
(-40, 50, 103, -32, 6, -37)
(-41, 48, 97, -52, 1, -40)
(-38, 43, 90, -71, -6, -44)
(-29, 38, 82, -83, -5, -47)
(-26, 32, 74, -88, 5, -50)
(-25, 28, 67, -89, 21, -55)
(-27, 23, 60, -87, 32, -64)
(-30, 18, 57, -83, 36, -72)
(-31, 13, 54, -81, 34, -78)
BatchID:  4




(26, -54, -37, -8, 10, 0)
(28, -55, -37, -7, 2, -1)
(32, -56, -38, -3, 1, -2)
(32, -54, -37, 0, 2, -1)
(32, -51, -37, -2, 3, 0)
(33, -51, -37, -3, 6, 0)
(31, -54, -37, -4, 10, 0)
(29, -53, -36, -3, 9, 1)
(29, -53, -36, -3, 6, 1)
(30, -53, -36, -3, 6, 0)
(31, -52, -36, -4, 6, -1)
(31, -51, -36, -6, 7, -2)
(31, -51, -35, -7, 8, -3)
(29, -52, -35, -7, 7, -4)
(31, -52, -36, -6, 5, -4)
(33, -50, -37, -5, 5, -3)
(35, -49, -40, -6, 8, -1)
(39, -47, -44, -7, 12, 1)
(43, -47, -50, -7, 15, 6)
(48, -45, -54, -1, 14, 8)
(56, -40, -57, 1, 9, 9)
(66, -37, -65, 0, 1, 12)
(83, -33, -78, 4, 2, 21)
(94, -25, -95, 11, 16, 37)
(107, -14, -123, 16, 32, 59)
(103, -9, -127, 4, 22, 76)
(100, -19, -127, -4, -6, 91)
(91, -50, -126, 31, -16, 113)
(82, -55, -119, 101, -9, 127)
(74, -34, -112, 127, 6, 127)
(60, -27, -95, 127, 8, 127)
(49, -26, -75, 127, 13, 127)
(36, -20, -60, 127, 19, 127)
(32, 6, -46, 127, 19, 127)
(23, 46, -34, 127, 11, 127)
(28, 53, -42, 127, -41, 127)
(45, 72, -34, 127, -42, 127)
(48, 87, -25, 127, -29, 127)
(56, 105, -21, 127, -22, 127)
(54, 127, -18, 127, -6, 127)
(33, 127, -7, 127, 4, 127)
(7, 127, 12, 127, -8, 127)
(-14, 127, 43, 127, -37, 127)
(-26, 127, 74, 127, -60, 127)
(-28, 127, 110, 111, -81, 127)
(-4, 118, 101, 86, -62, 127)
(-21, 106, 91, 42, 41, 127)
(-113, 116, 82, 24, 102, 100)
(-127, 111, 98, 3, 7, 69)
(-97, 66, 98, -34, -127, 5)
(-4, 49, 99, 12, -113, -47)
(27, 80, 105, 28, -11, -44)
(9, 76, 111, 22, 48, -22)
(-22, 70, 106, 3, 64, -12)
(-50, 68, 100, -17, 59, -17)
(-74, 72, 93, -35, 29, -26)
(-74, 72, 92, -54, -10, -29)
(-58, 64, 87, -67, -31, -31)
(-45, 58, 80, -74, -27, -37)
(-36, 55, 75, -78, -17, -48)
(-31, 52, 70, -82, -2, -62)
(-30, 50, 65, -86, 12, -75)
(-31, 47, 62, -90, 19, -86)
(-29, 42, 56, -94, 20, -93)
(-27, 36, 54, -97, 23, -96)
(-28, 35, 52, -102, 27, -100)
BatchID:  5




(33, -53, -36, -10, 4, -3)
(33, -51, -36, -10, 6, -2)
(32, -50, -36, -11, 7, -1)
(33, -49, -37, -12, 8, -1)
(32, -49, -38, -13, 7, -1)
(32, -50, -40, -12, 6, -1)
(32, -51, -40, -11, 6, -2)
(34, -49, -39, -8, 6, -2)
(34, -50, -41, -9, 7, -2)
(34, -51, -41, -8, 8, -1)
(34, -52, -41, -7, 8, -1)
(34, -51, -40, -5, 8, -1)
(35, -48, -40, -6, 8, 0)
(36, -49, -42, -7, 8, 2)
(37, -50, -43, -6, 9, 4)
(39, -48, -43, -5, 11, 6)
(39, -43, -46, -8, 11, 6)
(42, -41, -49, -13, 8, 7)
(45, -39, -52, -16, 5, 6)
(51, -32, -61, -17, 0, 5)
(60, -25, -71, -17, -2, 9)
(71, -13, -85, -13, 0, 16)
(79, -5, -103, -11, 1, 26)
(86, -2, -117, -4, -2, 44)
(83, -11, -125, 1, -16, 63)
(82, -34, -121, 31, -33, 88)
(81, -33, -110, 98, -18, 116)
(77, -16, -105, 127, -5, 127)
(72, -4, -100, 127, 5, 127)
(66, 7, -97, 127, 20, 127)
(54, 14, -88, 127, 20, 127)
(34, 5, -66, 127, -4, 127)
(20, 12, -39, 127, -34, 127)
(8, 4, -34, 127, -90, 127)
(33, 14, -45, 127, -127, 127)
(59, 40, -61, 127, -127, 127)
(80, 72, -66, 127, -125, 127)
(86, 127, -36, 127, -76, 127)
(78, 127, -13, 127, -33, 127)
(47, 127, 11, 127, -8, 127)
(5, 127, 45, 127, 1, 127)
(-16, 127, 88, 127, -22, 127)
(-23, 127, 127, 127, -35, 127)
(-20, 104, 114, 127, -6, 127)
(-94, 127, 93, 127, 84, 127)
(-127, 127, 119, 127, 8, 75)
(-92, 109, 127, 59, -108, -8)
(-1, 104, 127, 29, -69, -58)
(23, 102, 127, 0, 17, -49)
(-11, 80, 126, -29, 49, -26)
(-53, 58, 101, -66, 5, -10)
(-55, 58, 95, -55, -18, -16)
(-38, 52, 99, -47, -27, -21)
(-29, 44, 103, -36, -7, -26)
(-35, 48, 105, -28, 14, -33)
(-45, 57, 103, -30, 15, -40)
(-49, 62, 98, -42, 7, -47)
(-44, 62, 90, -59, 0, -54)
(-40, 61, 83, -74, -1, -57)
(-36, 57, 77, -90, -1, -61)
(-33, 52, 69, -101, 6, -66)
(-32, 47, 62, -109, 16, -75)
(-30, 43, 55, -116, 22, -84)
(-26, 35, 49, -121, 26, -91)
(-24, 28, 44, -123, 27, -95)
(-23, 22, 40, -126, 21, -98)
(-21, 16, 35, -127, 14, -96)
(-18, 9, 32, -127, 6, -94)
BatchID:  6




(24, -63, -32, -1, -7, -4)
(24, -65, -33, -3, -4, -4)
(25, -67, -34, -3, -2, -4)
(23, -68, -35, -2, -2, -5)
(23, -69, -35, -1, -2, -5)
(23, -68, -35, 0, 0, -6)
(22, -67, -35, 0, 0, -8)
(21, -67, -35, 0, 1, -10)
(20, -66, -33, 1, 1, -13)
(21, -63, -33, 2, 1, -15)
(20, -61, -32, 3, 0, -16)
(22, -57, -31, 4, 0, -17)
(22, -54, -31, 2, 2, -17)
(23, -54, -30, 0, 3, -17)
(24, -54, -30, 0, 4, -17)
(22, -53, -29, -1, 5, -18)
(21, -54, -28, -3, 4, -18)
(22, -55, -26, -5, 4, -20)
(23, -55, -26, -8, 5, -23)
(22, -56, -26, -13, 7, -26)
(21, -57, -24, -19, 8, -31)
(20, -58, -25, -26, 8, -37)
(21, -57, -25, -31, 6, -43)
(21, -53, -27, -38, 4, -50)
(25, -47, -31, -49, 3, -56)
(31, -43, -36, -58, 6, -60)
(37, -37, -42, -68, 12, -61)
(43, -32, -48, -77, 17, -58)
(49, -23, -53, -78, 24, -51)
(58, -9, -61, -74, 31, -43)
(65, 2, -72, -77, 36, -33)
(77, 11, -86, -81, 43, -23)
(87, 17, -95, -78, 51, -13)
(94, 26, -101, -64, 49, -3)
(99, 30, -105, -43, 36, 10)
(105, 34, -118, -52, -2, 30)
(116, 29, -127, -44, -30, 58)
(123, 15, -127, -16, -27, 98)
(122, 5, -127, 38, -15, 127)
(112, 1, -117, 90, -2, 127)
(100, 1, -105, 127, 12, 127)
(84, 0, -94, 127, 21, 127)
(68, 5, -85, 127, 29, 127)
(49, 18, -75, 127, 38, 127)
(24, 36, -57, 127, 24, 127)
(2, 38, -48, 127, -9, 127)
(0, 47, -43, 127, -45, 127)
(3, 64, -42, 127, -75, 127)
(11, 90, -44, 127, -104, 127)
(14, 116, -49, 127, -127, 127)
(14, 127, -43, 127, -127, 127)
(23, 127, -24, 127, -127, 127)
(19, 127, 2, 127, -127, 127)
(13, 127, 35, 127, -127, 127)
(22, 127, 73, 127, -127, 127)
(49, 127, 101, 127, -127, 127)
(80, 127, 88, 127, -108, 127)
(55, 114, 116, 127, 41, 86)
(-12, 127, 117, 116, 124, 43)
(-72, 127, 123, 40, 62, -1)
(-42, 127, 126, -19, -12, -40)
(-7, 123, 113, -45, -13, -62)
(8, 117, 104, -74, -17, -60)
(13, 97, 97, -96, -4, -51)
(4, 78, 88, -107, 7, -46)
(0, 73, 84, -108, 5, -47)
(-8, 63, 86, -92, 5, -54)
(-12, 60, 84, -91, 13, -56)
BatchID:  7




(40, -46, -40, -3, 8, 3)
(38, -46, -42, -4, 8, 5)
(39, -47, -43, -3, 8, 7)
(38, -48, -44, -1, 9, 7)
(36, -45, -43, 0, 11, 3)
(29, -45, -43, -2, 4, -3)
(29, -46, -43, -2, -3, -10)
(33, -50, -43, -2, -9, -15)
(36, -50, -40, 0, -5, -18)
(36, -48, -38, 0, -2, -18)
(36, -48, -36, -2, 1, -14)
(37, -49, -35, -4, 6, -10)
(36, -50, -32, -4, 11, -9)
(34, -47, -32, -6, 12, -8)
(38, -44, -36, -9, 11, -6)
(43, -41, -41, -12, 11, -3)
(49, -38, -48, -14, 15, 0)
(57, -30, -54, -11, 16, 1)
(66, -22, -63, -8, 8, 3)
(81, -15, -77, -9, -4, 5)
(95, -10, -96, -6, -8, 16)
(102, -4, -114, -2, -1, 41)
(109, 2, -124, 12, 14, 76)
(103, 7, -127, 28, 28, 108)
(94, 8, -127, 34, 13, 127)
(80, -8, -124, 59, 3, 127)
(62, -24, -103, 112, 0, 127)
(49, -24, -87, 127, -2, 127)
(40, -18, -71, 127, -9, 127)
(33, -7, -60, 127, -18, 127)
(29, 3, -49, 127, -29, 127)
(18, 13, -34, 127, -48, 127)
(15, 14, -30, 127, -75, 127)
(19, 22, -26, 127, -84, 127)
(21, 42, -20, 127, -88, 127)
(27, 80, -11, 127, -91, 127)
(18, 115, 1, 127, -101, 127)
(2, 127, 50, 127, -127, 127)
(1, 121, 73, 127, -127, 127)
(23, 81, 111, 127, -127, 127)
(70, 95, 91, 127, -125, 127)
(66, 121, 98, 127, -15, 114)
(13, 97, 113, 127, 73, 83)
(-53, 95, 117, 119, 105, 52)
(-97, 101, 123, 66, 63, 14)
(-75, 81, 127, 20, -3, -23)
(-32, 80, 127, -4, -11, -43)
(-13, 78, 119, -34, -15, -37)
(-3, 58, 110, -57, -14, -26)
(1, 43, 101, -68, -4, -21)
(0, 32, 94, -72, 0, -25)
(-5, 21, 94, -54, 21, -26)
(-17, 25, 97, -45, 29, -24)
(-27, 27, 97, -43, 29, -27)
(-31, 34, 96, -46, 26, -37)
(-34, 39, 93, -58, 24, -46)
(-34, 42, 87, -75, 18, -53)
(-28, 38, 82, -93, 13, -59)
(-17, 28, 70, -113, 21, -67)
(-12, 25, 64, -122, 30, -70)
(-10, 18, 57, -127, 42, -76)
(-11, 9, 52, -127, 50, -82)
(-12, 5, 49, -127, 55, -87)
(-14, 4, 45, -127, 53, -93)
(-13, 5, 42, -127, 48, -97)
(-13, 5, 34, -127, 42, -97)
(-10, 2, 24, -127, 34, -96)
BatchID:  8




(34, -52, -34, -3, 2, -3)
(34, -53, -34, -4, 4, -1)
(34, -53, -34, -4, 6, 0)
(34, -52, -34, -5, 7, 2)
(33, -52, -36, -8, 5, 1)
(33, -50, -38, -10, 4, 0)
(35, -50, -38, -12, 5, -1)
(37, -51, -40, -11, 6, 0)
(38, -50, -41, -9, 9, 0)
(36, -50, -39, -8, 10, 0)
(35, -51, -36, -9, 10, 0)
(33, -53, -34, -10, 8, 0)
(33, -53, -34, -9, 6, -1)
(35, -52, -35, -9, 6, 0)
(37, -50, -37, -9, 8, 3)
(37, -50, -40, -9, 11, 8)
(38, -49, -41, -8, 14, 13)
(37, -48, -42, -5, 16, 16)
(41, -45, -44, -4, 14, 15)
(47, -41, -50, -7, 10, 14)
(54, -39, -57, -9, 5, 12)
(59, -37, -66, -9, -4, 12)
(66, -34, -75, -7, -16, 16)
(72, -32, -90, -3, -21, 27)
(76, -35, -98, 5, -20, 44)
(78, -32, -99, 27, -12, 65)
(78, -29, -100, 47, -1, 84)
(71, -30, -100, 63, 0, 96)
(60, -35, -92, 79, -13, 101)
(51, -42, -79, 102, -37, 105)
(48, -43, -71, 127, -55, 112)
(48, -39, -70, 127, -65, 125)
(46, -38, -64, 127, -62, 127)
(38, -38, -51, 127, -55, 127)
(29, -31, -37, 127, -45, 127)
(15, -17, -24, 127, -41, 127)
(0, -10, -20, 127, -56, 127)
(4, 0, -17, 127, -79, 127)
(11, 19, -13, 127, -85, 127)
(19, 108, 9, 127, -65, 111)
(-4, 112, 33, 127, -68, 92)
(-39, 93, 75, 127, -85, 109)
(-53, 36, 118, 127, -127, 127)
(6, 45, 83, 127, -127, 127)
(51, 67, 71, 127, -127, 127)
(62, 75, 60, 127, -64, 116)
(17, 80, 86, 127, 53, 85)
(-38, 74, 97, 127, 118, 51)
(-94, 80, 103, 109, 88, 10)
(-78, 70, 118, 51, 16, -29)
(-31, 56, 119, 20, 4, -53)
(-12, 57, 114, -8, 9, -51)
(-4, 44, 107, -33, -4, -36)
(7, 27, 102, -43, -7, -20)
(10, 18, 95, -44, 2, -10)
(-1, 14, 92, -36, 12, -4)
(-14, 15, 93, -28, 17, -2)
(-25, 19, 98, -18, 22, -5)
(-34, 26, 101, -14, 23, -12)
(-37, 33, 101, -22, 21, -23)
(-39, 36, 96, -36, 22, -34)
(-41, 35, 90, -53, 21, -43)
(-38, 32, 84, -69, 15, -50)
(-34, 28, 78, -80, 12, -56)
(-29, 24, 72, -85, 14, -61)
(-24, 21, 67, -87, 19, -65)
(-22, 18, 63, -89, 29, -68)
BatchID:  9




(31, -58, -37, -11, -18, -23)
(30, -59, -37, -10, -15, -22)
(29, -58, -38, -9, -13, -19)
(29, -58, -38, -8, -11, -13)
(30, -58, -37, -6, -6, -7)
(31, -56, -37, -5, 1, 0)
(31, -54, -36, -5, 12, 5)
(26, -54, -37, -7, 19, 8)
(22, -56, -35, -8, 19, 8)
(19, -56, -35, -8, 16, 7)
(19, -55, -35, -8, 10, 5)
(21, -55, -35, -8, 6, 3)
(23, -56, -37, -8, 4, 1)
(25, -57, -37, -7, 5, 1)
(25, -57, -37, -5, 7, 2)
(26, -56, -37, -4, 10, 4)
(24, -56, -37, -4, 12, 5)
(24, -56, -38, -3, 11, 6)
(24, -57, -40, -2, 12, 7)
(25, -57, -41, -2, 11, 7)
(26, -57, -42, 0, 11, 7)
(30, -55, -45, -1, 12, 7)
(36, -53, -52, -3, 15, 11)
(43, -51, -59, -3, 22, 15)
(51, -51, -67, 0, 23, 18)
(56, -51, -77, 7, 19, 23)
(58, -52, -89, 18, 9, 32)
(64, -47, -96, 30, 2, 43)
(71, -42, -98, 39, 8, 53)
(67, -41, -99, 41, 8, 59)
(57, -48, -93, 51, 7, 66)
(47, -54, -84, 75, 3, 73)
(43, -50, -80, 102, -9, 79)
(42, -48, -80, 120, -21, 86)
(41, -48, -77, 127, -28, 95)
(37, -49, -69, 127, -34, 106)
(35, -47, -57, 127, -39, 117)
(35, -43, -48, 127, -34, 127)
(31, -38, -43, 127, -26, 127)
(27, -27, -42, 127, -20, 127)
(26, -13, -41, 127, -12, 127)
(33, 8, -42, 127, 9, 127)
(28, 41, -45, 127, 31, 127)
(-2, 121, -8, 127, 17, 126)
(-2, 91, -2, 127, -41, 127)
(-3, 80, 14, 127, -27, 127)
(-19, 97, 35, 127, -37, 127)
(-26, 108, 52, 127, -101, 127)
(-9, 123, 68, 127, -127, 127)
(10, 127, 82, 127, -127, 127)
(25, 108, 99, 125, -112, 126)
(29, 79, 100, 114, -5, 84)
(-17, 78, 93, 91, 117, 49)
(-82, 76, 95, 53, 127, 10)
(-101, 62, 107, 17, 59, -27)
(-65, 45, 111, 6, 6, -53)
(-46, 49, 110, 9, -9, -51)
(-23, 53, 104, 0, -37, -35)
(2, 44, 103, -14, -45, -20)
(15, 33, 102, -23, -18, -11)
(2, 29, 107, -26, 19, -8)
(-18, 32, 109, -32, 34, -10)
(-28, 31, 109, -38, 36, -15)
(-36, 31, 106, -40, 42, -20)
(-49, 33, 104, -43, 44, -26)
(-59, 37, 101, -50, 35, -33)
(-61, 40, 98, -61, 20, -43)
(-54, 43, 91, -70, 11, -55)
(-44, 39, 85, -80, 12, -64)
(-36, 33, 79, -87, 23, -71)
(-32, 30, 72, -95, 36, -77)
(-32, 26, 66, -101, 45, -83)
BatchID:  10




(26, -56, -34, -2, 0, -2)
(28, -57, -33, -1, 0, -2)
(29, -55, -33, -1, 1, -2)
(28, -56, -33, -3, 2, -1)
(29, -58, -35, -2, 4, 0)
(28, -57, -35, 0, 4, 1)
(27, -57, -35, 0, 3, 0)
(28, -56, -34, 0, 1, 0)
(29, -55, -34, -2, 3, -1)
(29, -57, -35, -3, 4, -1)
(29, -57, -34, -1, 4, 0)
(29, -57, -34, -1, 3, 0)
(29, -57, -35, 0, 3, 0)
(30, -56, -35, -1, 3, 0)
(31, -57, -35, 0, 4, 1)
(33, -56, -35, -1, 7, 3)
(31, -57, -34, -1, 10, 4)
(23, -57, -34, 0, 6, 1)
(21, -55, -35, 0, -3, -4)
(27, -55, -35, 0, -8, -8)
(36, -56, -36, 0, 0, -6)
(37, -56, -36, 0, 9, 0)
(33, -58, -35, -1, 17, 7)
(31, -59, -35, -1, 17, 10)
(30, -55, -36, -5, 12, 3)
(33, -52, -40, -14, 9, 0)
(36, -49, -44, -22, 6, -6)
(46, -41, -50, -30, 2, -11)
(59, -35, -57, -36, 2, -12)
(68, -26, -68, -37, 2, -14)
(76, -20, -78, -43, -9, -13)
(82, -10, -89, -35, -19, -9)
(82, -4, -105, -31, -30, 6)
(84, -8, -117, -28, -45, 32)
(92, -23, -120, -12, -46, 65)
(83, -39, -111, 40, -32, 100)
(71, -31, -99, 99, -23, 127)
(62, -20, -94, 127, -22, 127)
(55, -18, -85, 127, -22, 127)
(45, -19, -75, 127, -25, 127)
(38, -16, -69, 127, -32, 127)
(30, -7, -60, 127, -36, 127)
(21, 4, -49, 127, -37, 127)
(15, 31, -31, 127, -43, 127)
(1, 39, -30, 127, -70, 127)
(11, 50, -31, 127, -102, 127)
(16, 70, -33, 127, -107, 127)
(12, 96, -36, 127, -118, 127)
(1, 127, -18, 127, -127, 127)
(2, 127, 3, 127, -127, 127)
(13, 127, 35, 127, -127, 127)
(32, 127, 72, 127, -127, 127)
(43, 126, 123, 127, -127, 120)
(61, 77, 113, 127, -60, 100)
(24, 93, 113, 127, 114, 66)
(-61, 105, 120, 98, 127, 25)
(-108, 102, 127, 43, 60, -17)
(-58, 88, 127, -1, -9, -53)
(-24, 89, 125, -16, -10, -58)
(-16, 86, 123, -31, -22, -39)
(-4, 74, 120, -47, -28, -21)
(3, 61, 116, -57, -21, -15)
(6, 54, 111, -63, -2, -20)
(-2, 46, 108, -63, 20, -25)
(-19, 43, 110, -61, 34, -26)
(-32, 46, 110, -62, 34, -26)
BatchID:  11




(26, -58, -36, -2, 2, 2)
(27, -58, -36, -1, 2, 3)
(26, -56, -36, 0, 4, 4)
(25, -55, -35, -1, 4, 4)
(23, -58, -36, -2, 1, 4)
(26, -58, -37, -1, 1, 4)
(25, -58, -37, 0, 2, 4)
(25, -60, -36, 0, 4, 4)
(22, -59, -36, 1, 3, 5)
(23, -60, -35, 1, 2, 5)
(24, -60, -35, 1, 3, 5)
(23, -60, -35, 0, 5, 5)
(22, -61, -33, 0, 5, 3)
(21, -61, -33, -1, 4, 3)
(23, -61, -34, -1, 4, 3)
(25, -61, -37, -2, 5, 4)
(27, -60, -38, -2, 6, 5)
(29, -57, -43, -2, 8, 7)
(33, -56, -47, -5, 9, 8)
(37, -54, -52, -6, 9, 9)
(41, -52, -60, -7, 8, 10)
(44, -51, -67, -6, 2, 9)
(49, -48, -76, -3, -5, 8)
(57, -44, -89, -1, -13, 13)
(65, -41, -102, 7, -15, 26)
(69, -40, -111, 16, -15, 43)
(71, -46, -110, 35, -11, 63)
(64, -51, -101, 71, -3, 85)
(61, -45, -96, 107, 0, 107)
(57, -37, -95, 127, 5, 127)
(54, -30, -94, 127, 1, 127)
(45, -28, -87, 127, -14, 127)
(39, -29, -74, 127, -30, 127)
(38, -30, -64, 127, -34, 127)
(35, -21, -65, 127, -28, 127)
(36, -6, -72, 127, -17, 127)
(44, 23, -76, 127, -9, 127)
(41, 115, -49, 127, -18, 127)
(25, 127, -29, 127, -44, 127)
(-2, 127, 22, 127, -35, 127)
(-52, 127, 68, 127, -53, 127)
(-98, 127, 125, 113, -127, 127)
(-60, 80, 116, 127, -127, 127)
(-4, 72, 105, 127, -127, 127)
(42, 82, 89, 127, -127, 121)
(64, 70, 92, 115, -46, 68)
(29, 60, 97, 94, 86, 38)
(-40, 66, 104, 92, 127, 13)
(-80, 74, 114, 79, 83, -8)
(-61, 68, 122, 62, 23, -28)
(-32, 70, 119, 40, 3, -39)
(-22, 72, 116, 13, -8, -35)
(-17, 70, 118, -13, -18, -27)
(-17, 65, 115, -34, -28, -23)
(-11, 61, 108, -51, -31, -23)
(-5, 51, 102, -61, -22, -26)
(-4, 44, 97, -65, 0, -31)
(-12, 42, 95, -66, 21, -37)
(-20, 42, 94, -67, 30, -45)
(-24, 45, 92, -71, 36, -53)
(-25, 47, 86, -80, 40, -61)
(-24, 44, 77, -96, 48, -67)
(-27, 39, 67, -113, 57, -72)
(-31, 34, 60, -127, 58, -76)
(-35, 29, 54, -127, 54, -79)
(-37, 22, 48, -127, 45, -81)
(-33, 12, 45, -127, 32, -83)
(-29, 9, 39, -127, 26, -85)
(-25, 8, 32, -127, 21, -87)
(-21, 8, 27, -127, 15, -91)
BatchID:  12




(23, -60, -35, 1, 4, 0)
(23, -58, -33, 2, 3, -1)
(23, -55, -32, 0, 1, -2)
(24, -55, -33, -1, 2, -2)
(24, -58, -33, -3, 3, -2)
(24, -59, -33, -2, 4, 0)
(23, -59, -33, -1, 3, 0)
(23, -58, -32, -1, 2, 0)
(23, -58, -32, -2, 1, 0)
(24, -58, -33, -3, 1, 0)
(24, -58, -33, -3, 2, 0)
(24, -57, -34, -4, 2, 0)
(24, -59, -35, -4, 3, 1)
(24, -60, -36, -3, 4, 3)
(23, -61, -36, -2, 5, 3)
(23, -61, -35, -2, 5, 1)
(22, -59, -35, -4, 5, 0)
(21, -61, -37, -7, 4, -3)
(19, -61, -40, -12, 3, -8)
(19, -61, -44, -18, 0, -13)
(22, -61, -49, -25, 0, -18)
(26, -60, -53, -32, 4, -20)
(29, -56, -57, -37, 11, -19)
(34, -52, -62, -44, 19, -15)
(39, -43, -65, -47, 28, -12)
(44, -35, -70, -52, 30, -12)
(54, -24, -77, -53, 26, -14)
(87, -6, -111, -38, 8, -13)
(100, -4, -127, -12, -3, 5)
(112, -4, -127, 7, -28, 38)
(127, -14, -127, 40, -42, 84)
(127, -26, -127, 111, -12, 127)
(114, -17, -127, 127, 17, 127)
(98, -7, -117, 127, 34, 127)
(80, 4, -98, 127, 39, 127)
(56, 19, -80, 127, 43, 127)
(33, 46, -61, 127, 37, 127)
(-5, 77, -40, 127, 1, 127)
(-1, 81, -36, 127, -70, 127)
(19, 100, -31, 127, -81, 127)
(21, 127, -30, 127, -98, 127)
(11, 127, -24, 127, -126, 127)
(1, 127, -3, 127, -127, 127)
(-10, 127, 25, 127, -127, 127)
(3, 127, 57, 127, -127, 127)
(41, 127, 91, 127, -127, 127)
(70, 120, 108, 127, -127, 127)
(57, 110, 111, 127, -4, 81)
(-9, 113, 115, 121, 127, 45)
(-89, 116, 120, 47, 90, -1)
(-61, 96, 119, -17, -5, -45)
(-14, 81, 110, -18, 5, -66)
(-6, 89, 110, -27, 5, -52)
(0, 70, 108, -41, -15, -29)
(11, 51, 105, -40, -12, -15)
(9, 49, 105, -30, 4, -15)
(-2, 55, 109, -31, 16, -19)
(-9, 56, 114, -34, 25, -22)
(-21, 55, 116, -36, 41, -25)
(-35, 60, 115, -41, 47, -33)
(-45, 67, 111, -57, 40, -45)
(-42, 70, 91, -96, 20, -66)
(-32, 61, 81, -112, 19, -75)
(-25, 54, 73, -123, 25, -83)
(-22, 49, 70, -127, 33, -90)
(-20, 46, 65, -127, 39, -96)
BatchID:  13




(35, -54, -37, -6, 0, -11)
(34, -55, -38, -5, 0, -8)
(35, -56, -38, -3, 2, -5)
(34, -55, -37, 0, 3, -2)
(33, -54, -37, 0, 4, -2)
(32, -52, -36, 0, 4, -2)
(32, -50, -36, -1, 4, -2)
(32, -51, -36, -3, 3, -2)
(33, -52, -38, -3, 2, -2)
(31, -52, -37, 0, 1, -1)
(32, -51, -38, 1, 1, 0)
(31, -50, -36, 1, 2, -1)
(30, -49, -35, 0, 3, -2)
(30, -51, -35, -1, 1, -2)
(32, -52, -35, -1, 2, -2)
(31, -53, -35, -1, 3, -2)
(31, -54, -35, -1, 3, -2)
(31, -55, -36, -3, 4, -3)
(31, -55, -36, -5, 5, -3)
(34, -53, -38, -9, 8, -4)
(33, -53, -40, -16, 10, -5)
(35, -53, -43, -21, 11, -6)
(40, -46, -51, -32, 13, -9)
(41, -44, -56, -39, 12, -11)
(44, -41, -60, -45, 9, -14)
(51, -34, -65, -50, 7, -16)
(58, -27, -71, -56, 4, -17)
(67, -18, -81, -62, 1, -15)
(76, -11, -91, -66, -2, -9)
(85, -2, -102, -60, -5, 2)
(93, 4, -113, -54, -7, 21)
(99, 5, -126, -38, -8, 48)
(102, 2, -127, -13, -10, 78)
(103, -2, -127, 22, -12, 112)
(99, -6, -124, 83, -12, 127)
(93, 1, -112, 127, -11, 127)
(67, 11, -83, 127, -22, 127)
(56, 16, -69, 127, -19, 127)
(50, 29, -63, 127, -9, 127)
(35, 76, -38, 127, 0, 127)
(8, 69, -45, 127, -38, 127)
(16, 86, -45, 127, -78, 127)
(16, 127, -54, 127, -117, 127)
(3, 127, -48, 127, -127, 127)
(-22, 127, 3, 127, -127, 127)
(-29, 127, 55, 127, -127, 127)
(-6, 120, 127, 127, -127, 127)
(80, 87, 109, 127, -127, 126)
(127, 82, 86, 127, -86, 74)
(66, 92, 124, 127, 127, 56)
(-28, 105, 127, 110, 127, 19)
(-96, 108, 127, 41, 90, -21)
(-57, 90, 127, -14, 0, -51)
(-14, 86, 127, -30, -7, -52)
(-3, 72, 127, -46, -12, -33)
(7, 55, 125, -54, -15, -18)
(14, 47, 117, -58, -4, -14)
(10, 41, 114, -57, 12, -20)
(5, 35, 115, -58, 27, -26)
(-3, 33, 115, -57, 48, -25)
(-23, 36, 113, -61, 61, -24)
(-34, 38, 107, -67, 58, -30)
(-44, 45, 92, -91, 46, -56)
(-39, 44, 85, -108, 40, -68)
(-34, 42, 75, -127, 42, -77)
(-30, 38, 66, -127, 43, -83)
(-26, 28, 59, -127, 44, -86)
BatchID:  14



(30, -51, -38, -1, 2, 0)
(30, -51, -39, 0, 1, 0)
(30, -51, -38, 0, 1, -1)
(31, -51, -38, 0, 0, -1)
(31, -51, -37, 1, 1, -1)
(31, -50, -38, 0, 1, -2)
(32, -50, -37, 0, 0, -2)
(31, -51, -37, -1, 0, -2)
(32, -51, -38, -1, 0, -1)
(33, -51, -39, -1, 0, 0)
(33, -50, -39, -1, 1, 0)
(32, -50, -39, -1, 2, 1)
(32, -50, -38, -1, 2, 1)
(31, -50, -38, -1, 1, 0)
(31, -50, -38, -2, 1, 0)
(32, -50, -39, -2, 0, 0)
(32, -51, -40, -3, 0, 0)
(33, -51, -42, -3, 0, 0)
(34, -51, -43, -4, 2, 0)
(34, -50, -44, -7, 4, 1)
(36, -52, -48, -12, 6, 2)
(38, -51, -52, -17, 11, 3)
(41, -48, -56, -23, 14, 3)
(45, -48, -62, -33, 15, 1)
(49, -44, -67, -36, 15, -1)
(56, -37, -74, -39, 10, -4)
(64, -33, -85, -42, 3, -4)
(72, -28, -96, -37, 3, 3)
(78, -22, -107, -28, 7, 19)
(82, -17, -123, -16, 20, 46)
(83, -17, -127, 4, 32, 75)
(76, -19, -127, 37, 42, 98)
(59, -29, -116, 70, 31, 108)
(52, -37, -105, 115, 9, 110)
(55, -35, -102, 127, -8, 112)
(66, -24, -102, 127, -20, 118)
(77, -11, -100, 127, -21, 127)
(77, -11, -87, 127, -23, 127)
(70, -13, -63, 127, -18, 127)
(62, -5, -47, 127, -6, 127)
(48, 13, -39, 127, -1, 127)
(32, 74, -21, 127, -5, 127)
(21, 89, -38, 127, -44, 127)
(14, 127, -13, 127, -49, 127)
(2, 127, 15, 127, -40, 127)
(-10, 117, 39, 127, -48, 127)
(-22, 110, 55, 127, -79, 127)
(-23, 89, 82, 127, -122, 127)
(1, 66, 94, 127, -127, 127)
(27, 83, 100, 127, -92, 127)
(26, 99, 112, 127, -42, 113)
(12, 75, 120, 100, 10, 78)
(-16, 60, 127, 74, 84, 52)
(-65, 64, 127, 44, 93, 31)
(-76, 51, 121, 15, 52, 8)
(-66, 37, 124, 7, 38, -11)
(-68, 45, 122, -3, 16, -21)
(-56, 42, 117, -23, -14, -20)
(-36, 33, 112, -31, -19, -21)
(-27, 29, 110, -37, -7, -26)
(-29, 24, 111, -40, 9, -31)
(-39, 27, 110, -41, 23, -36)
(-49, 30, 107, -48, 25, -43)
(-51, 31, 102, -58, 24, -53)
(-50, 33, 98, -68, 23, -62)
(-43, 36, 89, -84, 23, -71)
(-35, 34, 78, -99, 28, -78)
(-29, 30, 68, -113, 37, -85)
(-25, 18, 60, -122, 44, -90)
(-24, 9, 54, -124, 47, -95)
(-24, 5, 49, -126, 45, -98)
(-20, 2, 42, -127, 38, -102)
(-17, 7, 35, -127, 33, -105)
BatchID:  2




(31, -52, -40, -6, 3, -4)
(32, -51, -41, -4, 3, -2)
(33, -50, -40, -3, 4, -1)
(34, -49, -39, -3, 6, 0)
(33, -49, -39, -3, 7, -1)
(32, -49, -39, -4, 7, -1)
(33, -50, -39, -4, 5, -1)
(33, -50, -40, -5, 4, -2)
(34, -51, -41, -5, 3, -1)
(35, -50, -42, -4, 3, 0)
(37, -51, -44, -6, 4, 0)
(39, -51, -46, -8, 9, 0)
(39, -50, -45, -11, 15, 0)
(36, -50, -46, -15, 17, -1)
(38, -50, -45, -15, 18, -2)
(39, -50, -48, -16, 19, -5)
(38, -49, -50, -16, 16, -7)
(48, -39, -57, -22, 12, -5)
(51, -33, -60, -25, 12, -1)
(55, -29, -62, -27, 9, 2)
(60, -23, -67, -25, 8, 9)
(65, -14, -75, -20, 6, 16)
(69, -6, -85, -15, 3, 26)
(74, -2, -100, -8, 0, 39)
(86, -10, -119, 30, -5, 78)
(86, -12, -118, 64, 6, 105)
(83, -9, -112, 106, 19, 127)
(70, -9, -105, 127, 9, 127)
(61, -17, -92, 127, -4, 127)
(46, -16, -63, 127, -37, 127)
(44, -6, -56, 127, -48, 127)
(41, 7, -45, 127, -53, 127)
(32, 22, -30, 127, -58, 127)
(24, 24, -25, 127, -71, 127)
(27, 36, -19, 127, -71, 127)
(22, 74, -10, 127, -72, 127)
(9, 127, 0, 127, -90, 127)
(-4, 127, 9, 127, -123, 127)
(-27, 127, 49, 127, -127, 127)
(-30, 127, 107, 127, -127, 127)
(4, 70, 127, 127, -127, 127)
(70, 54, 109, 127, -102, 127)
(15, 69, 109, 127, 54, 127)
(-82, 110, 102, 127, 113, 77)
(-102, 112, 126, 96, 4, -7)
(-28, 69, 127, 44, -8, -82)
(-15, 87, 127, 6, 28, -92)
(-7, 87, 127, -45, 0, -70)
(3, 57, 117, -78, -6, -47)
(7, 44, 106, -93, -4, -32)
(1, 30, 94, -100, -5, -29)
(0, 15, 92, -89, -8, -31)
(0, 7, 97, -69, 5, -33)
(-8, 7, 101, -54, 21, -30)
(-18, 13, 102, -47, 32, -32)
(-28, 21, 102, -48, 33, -38)
(-34, 27, 99, -61, 26, -45)
(-34, 29, 93, -79, 19, -52)
(-28, 29, 85, -97, 15, -58)
(-15, 18, 66, -124, 29, -71)
(-11, 9, 61, -127, 40, -76)
(-11, 6, 55, -127, 50, -80)
(-12, 4, 50, -127, 54, -87)
(-14, 8, 43, -127, 49, -103)
BatchID:  3




(26, -53, -39, -1, 10, 1)
(25, -52, -38, -1, 10, 0)
(25, -53, -37, -2, 8, -3)
(25, -52, -37, -2, 6, -5)
(27, -54, -37, -2, 3, -6)
(29, -54, -37, -1, 3, -5)
(31, -53, -38, 0, 4, -3)
(32, -53, -39, 0, 4, -1)
(33, -53, -40, 0, 4, 0)
(35, -51, -39, 0, 4, 0)
(36, -47, -39, -3, 6, 0)
(35, -48, -41, -7, 5, 0)
(39, -50, -45, -9, 4, 3)
(43, -48, -48, -11, 6, 8)
(45, -46, -50, -12, 13, 16)
(46, -43, -53, -13, 23, 27)
(47, -41, -58, -11, 34, 38)
(44, -40, -65, -9, 41, 45)
(42, -39, -69, -4, 37, 45)
(44, -37, -72, 2, 24, 41)
(50, -34, -76, 12, 10, 38)
(57, -32, -81, 21, -6, 37)
(66, -31, -85, 33, -20, 39)
(72, -31, -86, 49, -31, 46)
(75, -32, -86, 68, -37, 62)
(73, -36, -85, 89, -33, 85)
(70, -38, -82, 117, -26, 111)
(62, -36, -76, 127, -15, 127)
(52, -33, -69, 127, -9, 127)
(40, -30, -57, 127, -9, 127)
(27, -26, -43, 127, -16, 127)
(3, -8, -24, 127, -47, 127)
(0, -6, -19, 127, -75, 127)
(4, 1, -15, 127, -93, 127)
(8, 14, -12, 127, -108, 127)
(15, 35, -16, 127, -120, 127)
(25, 114, -21, 127, -124, 127)
(5, 127, 4, 127, -123, 127)
(-8, 127, 48, 127, -127, 113)
(-18, 127, 110, 127, -127, 103)
(6, 99, 127, 127, -127, 102)
(49, 99, 127, 125, -59, 88)
(31, 85, 127, 82, 7, 57)
(-1, 82, 127, 49, 57, 27)
(-29, 79, 127, 17, 63, -5)
(-32, 74, 127, 0, 46, -26)
(-26, 73, 122, -13, 36, -33)
(-21, 62, 118, -22, 20, -30)
(-18, 57, 112, -29, 13, -26)
(-21, 54, 109, -37, 3, -26)
(-19, 50, 109, -43, -1, -29)
(-17, 48, 109, -46, -1, -32)
(-13, 47, 106, -52, 3, -35)
(-17, 46, 100, -62, 15, -38)
(-22, 46, 93, -73, 21, -43)
(-27, 45, 88, -87, 24, -50)
(-30, 44, 81, -98, 23, -56)
(-21, 38, 63, -119, 22, -70)
(-18, 31, 53, -127, 27, -76)
(-17, 25, 44, -127, 32, -81)
(-18, 20, 37, -127, 32, -86)
(-18, 15, 33, -127, 26, -89)
(-19, 14, 29, -127, 18, -92)
(-12, 10, 22, -127, 9, -97)
(-5, 4, 16, -127, 9, -102)
(0, 0, 11, -127, 18, -106)
(4, -3, 5, -127, 28, -109)
(2, -9, 4, -127, 34, -113)
BatchID:  4




(27, -54, -38, -5, 4, 1)
(27, -55, -38, -4, 4, 2)
(27, -55, -38, -3, 4, 2)
(26, -55, -39, -2, 3, 1)
(27, -55, -39, -2, 2, 0)
(27, -55, -38, -2, 3, 0)
(28, -54, -38, -2, 4, 0)
(27, -55, -38, -2, 4, 1)
(28, -56, -39, -2, 4, 2)
(28, -56, -40, -1, 4, 2)
(28, -55, -38, 0, 4, 1)
(29, -53, -39, -2, 4, 0)
(31, -52, -40, -5, 5, 0)
(35, -51, -45, -10, 6, 2)
(41, -50, -50, -17, 11, 4)
(45, -47, -54, -23, 13, 6)
(51, -44, -63, -27, 14, 8)
(58, -42, -76, -28, 9, 9)
(68, -38, -89, -21, 3, 14)
(80, -29, -106, -12, 1, 24)
(93, -27, -127, 0, 0, 36)
(102, -22, -127, 30, 1, 55)
(100, -17, -127, 57, -5, 81)
(101, -18, -127, 85, -12, 114)
(96, -31, -127, 127, -5, 127)
(85, -33, -123, 127, 2, 127)
(70, -27, -108, 127, 8, 127)
(53, -20, -91, 127, 1, 127)
(40, -8, -74, 127, -7, 127)
(39, 110, -75, 127, -68, 127)
(36, 127, -57, 127, -32, 127)
(9, 127, -16, 127, -17, 127)
(-9, 127, 13, 127, -58, 127)
(-25, 127, 34, 127, -89, 127)
(-42, 127, 56, 127, -120, 127)
(8, 89, 112, 127, -127, 127)
(62, 116, 99, 127, -120, 127)
(54, 94, 120, 115, 10, 80)
(-8, 89, 126, 80, 127, 41)
(-78, 106, 127, 37, 127, 4)
(-116, 96, 127, -22, 60, -31)
(-73, 75, 127, -41, 26, -58)
(-59, 75, 119, -70, -26, -54)
(-34, 59, 109, -83, -34, -54)
(-23, 53, 105, -86, -20, -62)
(-21, 45, 105, -85, -4, -70)
(-28, 40, 107, -87, 13, -71)
(-37, 39, 100, -91, 24, -71)
(-40, 39, 93, -97, 31, -77)
(-40, 42, 84, -103, 36, -88)
(-36, 43, 75, -115, 38, -99)
(-29, 37, 64, -127, 39, -106)
(-26, 28, 54, -127, 41, -110)
(-25, 21, 49, -127, 34, -115)
(-23, 14, 42, -127, 20, -117)
(-11, 6, 35, -127, -6, -120)
(0, 7, 30, -127, -7, -122)
(9, 5, 22, -127, 4, -126)
(14, 2, 15, -127, 20, -127)
(15, -2, 10, -127, 37, -127)
BatchID:  5




(22, -59, -36, -1, -2, -5)
(23, -59, -35, 0, 0, -5)
(23, -58, -36, -2, 0, -4)
(23, -59, -35, -2, 2, -3)
(22, -59, -35, -3, 2, -3)
(22, -60, -35, -3, 2, -4)
(23, -59, -36, -2, 0, -5)
(24, -58, -37, -2, 0, -5)
(25, -57, -36, -2, 0, -4)
(24, -58, -37, -3, 2, -4)
(24, -58, -37, -3, 3, -3)
(24, -57, -37, -3, 3, -4)
(24, -57, -37, -3, 2, -4)
(25, -57, -37, -3, 1, -4)
(25, -57, -37, -3, 2, -4)
(25, -56, -38, -4, 4, -4)
(25, -57, -37, -6, 5, -4)
(24, -59, -38, -8, 6, -4)
(25, -60, -38, -10, 7, -5)
(25, -61, -40, -12, 9, -6)
(26, -61, -44, -17, 11, -7)
(28, -59, -49, -23, 13, -9)
(30, -56, -54, -31, 16, -10)
(36, -51, -60, -39, 20, -12)
(43, -44, -66, -47, 24, -13)
(52, -36, -73, -51, 26, -14)
(63, -28, -86, -49, 22, -13)
(79, -24, -102, -41, 10, -14)
(96, -18, -119, -18, -9, -16)
(109, -12, -127, 10, -37, 0)
(125, -12, -127, 43, -55, 38)
(127, -22, -127, 87, -57, 95)
(127, -32, -127, 127, -20, 127)
(124, -26, -127, 127, 19, 127)
(107, -7, -116, 127, 66, 127)
(80, 16, -101, 127, 99, 127)
(42, 49, -86, 127, 97, 127)
(-19, 98, -54, 127, 31, 127)
(-25, 80, -44, 127, -65, 127)
(-16, 59, -28, 127, -92, 127)
(0, 67, -23, 127, -127, 127)
(20, 92, -27, 127, -127, 127)
(36, 127, -13, 127, -127, 127)
(27, 127, 24, 127, -126, 127)
(-2, 127, 69, 127, -127, 127)
(-43, 103, 127, 127, -127, 127)
(17, 87, 124, 127, -127, 127)
(83, 127, 117, 127, -127, 127)
(20, 84, 126, 84, 122, 49)
(-60, 101, 127, 30, 127, 13)
(-115, 90, 127, -26, 84, -16)
(-84, 63, 127, -48, 15, -39)
(-61, 63, 126, -52, -8, -47)
(-40, 60, 113, -63, -30, -48)
(-22, 52, 105, -69, -22, -52)
(-21, 49, 108, -68, -1, -63)
(-24, 50, 110, -69, 11, -74)
(-28, 47, 110, -72, 25, -81)
(-35, 51, 105, -85, 36, -87)
(-36, 50, 96, -101, 41, -94)
(-35, 51, 89, -118, 45, -105)
(-30, 52, 76, -127, 40, -113)
(-19, 37, 63, -127, 36, -116)
(-17, 25, 53, -127, 34, -116)
(-18, 19, 43, -127, 22, -113)
(-10, 13, 29, -127, 6, -112)
BatchID:  6




(30, -53, -36, -7, 11, 5)
(28, -55, -37, -9, 12, 6)
(28, -56, -37, -8, 12, 7)
(28, -56, -38, -7, 11, 7)
(27, -55, -38, -6, 10, 7)
(28, -55, -38, -5, 8, 6)
(29, -54, -38, -4, 8, 4)
(29, -53, -38, -6, 9, 4)
(28, -54, -37, -7, 10, 3)
(28, -56, -38, -6, 9, 4)
(29, -57, -38, -4, 8, 4)
(29, -58, -37, -2, 8, 5)
(29, -57, -36, 0, 8, 5)
(30, -54, -34, -1, 9, 4)
(27, -54, -32, -3, 9, 3)
(27, -56, -33, -5, 7, 3)
(28, -56, -36, -6, 6, 4)
(32, -55, -38, -6, 6, 4)
(35, -52, -42, -6, 7, 6)
(38, -50, -46, -7, 8, 8)
(44, -48, -51, -7, 6, 10)
(50, -41, -59, -5, 4, 11)
(57, -31, -70, -6, 0, 14)
(65, -27, -85, -5, -3, 23)
(70, -25, -97, 0, -3, 31)
(75, -29, -107, 13, -10, 36)
(79, -35, -112, 45, -25, 41)
(83, -34, -115, 87, -42, 51)
(93, -25, -116, 127, -50, 74)
(98, -18, -118, 127, -40, 112)
(97, -21, -110, 127, -18, 127)
(86, -25, -96, 127, 5, 127)
(68, -24, -82, 127, 28, 127)
(52, -17, -68, 127, 35, 127)
(36, 19, -43, 127, 30, 127)
(24, 55, -38, 127, 0, 127)
(30, 114, -31, 127, -26, 127)
(23, 127, -9, 127, -24, 127)
(-12, 127, 20, 127, -49, 127)
(-55, 127, 52, 126, -98, 127)
(-85, 88, 104, 127, -127, 127)
(-14, 84, 79, 127, -127, 127)
(55, 127, 98, 127, -127, 127)
(89, 127, 127, 127, -123, 127)
(9, 122, 127, 95, 103, 72)
(-127, 103, 127, 11, 127, 15)
(-127, 101, 127, -76, 68, -58)
(-100, 49, 121, -74, 68, -110)
(-121, 56, 126, -73, 0, -99)
(-70, 57, 110, -82, -95, -86)
(-1, 35, 93, -75, -105, -71)
(27, 27, 94, -65, -43, -69)
(13, 21, 103, -60, 26, -72)
(-39, 17, 105, -70, 68, -77)
(-55, 24, 101, -83, 47, -82)
(-52, 23, 92, -102, 19, -84)
(-39, 18, 81, -120, 0, -85)
(-22, 10, 68, -127, -8, -85)
(-9, -1, 59, -127, -6, -86)
(3, -14, 42, -127, 14, -81)
(1, -15, 35, -127, 26, -78)
(0, -13, 27, -127, 33, -79)
(-2, -12, 21, -127, 37, -81)
(-4, -11, 17, -127, 37, -84)
(-6, -12, 12, -127, 29, -87)
(-7, -9, 9, -127, 15, -88)
(-1, -9, 4, -127, 3, -85)
(9, -11, -2, -127, 3, -81)
(17, -13, -8, -127, 14, -77)
BatchID:  7




(10, -64, -31, -4, 1, -13)
(10, -64, -32, -3, 1, -13)
(10, -64, -32, -4, 1, -13)
(12, -64, -32, -4, 1, -13)
(12, -64, -33, -5, 1, -13)
(13, -64, -33, -5, 1, -14)
(12, -64, -33, -5, 1, -15)
(14, -63, -34, -4, -1, -17)
(15, -63, -34, -4, -1, -17)
(17, -62, -33, -4, 0, -16)
(17, -61, -34, -4, 0, -17)
(18, -60, -34, -5, 2, -16)
(18, -60, -34, -5, 2, -15)
(18, -61, -34, -5, 2, -15)
(19, -60, -34, -4, 2, -14)
(20, -59, -34, -4, 3, -13)
(21, -59, -35, -4, 4, -12)
(21, -59, -35, -4, 6, -10)
(22, -60, -35, -5, 7, -10)
(23, -62, -37, -7, 10, -10)
(23, -66, -40, -12, 12, -11)
(24, -67, -40, -17, 14, -14)
(24, -63, -41, -23, 12, -16)
(29, -59, -45, -30, 10, -18)
(36, -57, -51, -39, 11, -18)
(46, -52, -60, -44, 18, -14)
(53, -44, -69, -47, 26, -7)
(63, -34, -80, -44, 20, -4)
(78, -26, -99, -34, 1, -5)
(92, -22, -125, -17, -21, 3)
(103, -24, -127, 4, -36, 29)
(114, -32, -127, 42, -31, 69)
(106, -39, -127, 99, -16, 110)
(95, -36, -127, 127, 1, 127)
(81, -30, -116, 127, 20, 127)
(68, -19, -102, 127, 42, 127)
(18, 5, -69, 127, 32, 127)
(0, 21, -54, 127, 0, 127)
(-15, 63, -26, 127, -44, 127)
(-2, 46, -34, 127, -121, 127)
(19, 53, -25, 127, -127, 127)
(28, 59, -8, 127, -107, 127)
(32, 68, 10, 127, -99, 127)
(29, 108, 38, 127, -104, 127)
(23, 127, 46, 127, -125, 127)
(11, 127, 63, 127, -127, 127)
(0, 127, 99, 127, -127, 127)
(4, 127, 127, 127, -127, 127)
(50, 108, 127, 127, -108, 127)
(50, 96, 127, 78, 20, 101)
(-4, 81, 127, 16, 127, 59)
(-75, 57, 125, -4, 127, 18)
(-113, 52, 127, -14, 92, -17)
(-96, 42, 125, -19, 26, -38)
(-74, 52, 117, -18, 0, -45)
(-58, 55, 116, -30, -24, -49)
(-37, 58, 114, -47, -25, -58)
(-26, 58, 112, -61, -1, -73)
(-26, 56, 111, -74, 26, -85)
(-31, 51, 103, -85, 44, -92)
(-37, 49, 93, -95, 56, -97)
(-41, 45, 86, -107, 56, -104)
(-39, 45, 76, -119, 46, -112)
(-30, 41, 64, -127, 38, -116)
(-22, 28, 52, -127, 27, -118)
(-17, 19, 44, -127, 16, -117)
(-11, 17, 34, -127, 3, -115)
(-2, 13, 24, -127, -4, -114)
BatchID:  8




(27, -68, -43, 1, 0, -8)
(26, -67, -41, 2, 2, -8)
(26, -64, -39, 2, 1, -8)
(25, -60, -38, 0, 2, -7)
(25, -57, -36, -1, 4, -5)
(25, -55, -35, -2, 6, -3)
(24, -54, -35, -2, 9, -1)
(24, -52, -35, -2, 11, 0)
(23, -51, -35, -3, 11, -1)
(20, -51, -35, -4, 8, -3)
(20, -50, -35, -4, 2, -5)
(24, -49, -36, -6, -2, -5)
(29, -49, -37, -6, -1, -3)
(31, -50, -39, -6, 4, -1)
(30, -52, -40, -6, 10, 1)
(26, -53, -41, -5, 10, 2)
(24, -54, -41, -3, 6, 0)
(24, -52, -42, -4, 2, -1)
(26, -51, -43, -8, 0, -3)
(30, -52, -46, -12, 0, -3)
(33, -51, -50, -16, 3, -1)
(35, -49, -56, -20, 5, 0)
(39, -49, -64, -22, 3, 2)
(54, -43, -82, -12, 0, 9)
(66, -36, -100, -6, 5, 20)
(78, -28, -118, 4, 23, 37)
(84, -22, -127, 20, 41, 55)
(81, -20, -127, 41, 40, 72)
(70, -22, -127, 71, 17, 92)
(71, -28, -127, 117, 0, 117)
(76, -23, -127, 127, -5, 127)
(76, -13, -118, 127, -2, 127)
(67, -9, -105, 127, -7, 127)
(47, -6, -84, 127, -27, 127)
(36, 1, -62, 127, -52, 127)
(32, 30, -37, 127, -75, 127)
(48, 49, -45, 127, -104, 127)
(67, 96, -50, 127, -92, 127)
(62, 127, -22, 127, -50, 127)
(26, 127, 18, 127, -45, 127)
(-18, 127, 57, 127, -53, 109)
(-58, 127, 96, 127, -101, 127)
(-54, 101, 127, 127, -127, 127)
(11, 91, 127, 127, -127, 127)
(47, 123, 127, 127, -99, 127)
(34, 123, 127, 122, -5, 64)
(-57, 103, 127, -8, 103, -21)
(-60, 91, 127, -59, 68, -47)
(-44, 69, 127, -78, 58, -58)
(-47, 57, 127, -91, 41, -56)
(-37, 46, 120, -98, 19, -57)
(-28, 42, 113, -99, 14, -61)
(-24, 35, 113, -99, 16, -67)
(-19, 28, 112, -97, 28, -70)
(-23, 30, 106, -99, 44, -73)
(-25, 32, 98, -112, 54, -80)
(-23, 32, 91, -124, 62, -89)
(-20, 32, 78, -127, 65, -95)
(-18, 29, 65, -127, 63, -98)
(-14, 24, 51, -127, 55, -98)
(-11, 17, 39, -127, 47, -99)
(-11, 12, 28, -127, 35, -101)
(-2, 5, 17, -127, 25, -100)
(5, 1, 8, -127, 28, -103)
(10, -1, 1, -127, 36, -106)
(11, -5, -4, -127, 43, -109)
(11, -3, -7, -127, 53, -116)
(6, 1, -11, -127, 56, -127)
(4, -1, -17, -127, 47, -127)
BatchID:  9




(38, -45, -41, -8, 8, 5)
(39, -43, -40, -6, 2, 0)
(41, -41, -40, -7, 3, 0)
(43, -42, -41, -8, 6, 2)
(46, -43, -41, -10, 11, 7)
(45, -45, -41, -10, 15, 13)
(44, -45, -39, -10, 20, 17)
(39, -46, -38, -11, 19, 17)
(37, -48, -36, -10, 16, 14)
(38, -47, -35, -9, 11, 8)
(36, -47, -34, -10, 6, 3)
(37, -49, -34, -11, 1, 0)
(40, -49, -36, -11, 0, 0)
(43, -48, -38, -10, 3, 3)
(44, -47, -40, -9, 8, 10)
(44, -44, -42, -8, 13, 16)
(44, -40, -44, -9, 15, 19)
(45, -37, -47, -9, 14, 21)
(48, -31, -51, -9, 9, 19)
(54, -24, -60, -12, 0, 18)
(65, -14, -70, -11, -5, 23)
(77, 2, -89, -6, 0, 40)
(91, 10, -111, -8, 14, 67)
(101, 10, -127, 15, 28, 94)
(106, 8, -127, 52, 28, 124)
(106, 7, -127, 90, 17, 127)
(92, -9, -127, 127, 1, 127)
(80, -24, -125, 127, -20, 127)
(79, -20, -111, 127, -33, 127)
(81, -7, -101, 127, -33, 127)
(81, 9, -87, 127, -19, 127)
(56, 107, -76, 127, 5, 127)
(41, 127, -76, 127, -9, 127)
(7, 127, -27, 127, 9, 127)
(-29, 127, 21, 127, -27, 127)
(-42, 127, 63, 127, -99, 127)
(-44, 127, 92, 127, -127, 127)
(-45, 127, 127, 127, -127, 127)
(-17, 119, 127, 127, -127, 127)
(29, 127, 127, 127, -104, 127)
(35, 127, 127, 62, 11, 57)
(-7, 84, 127, -18, 127, 9)
(-82, 73, 127, -39, 127, -22)
(-127, 71, 127, -57, 113, -43)
(-120, 47, 127, -63, 34, -53)
(-88, 41, 127, -63, -22, -56)
(-45, 42, 121, -70, -46, -56)
(-13, 37, 116, -79, -26, -58)
(-10, 27, 116, -84, 14, -61)
(-28, 25, 111, -90, 38, -61)
(-37, 27, 101, -97, 50, -64)
(-44, 30, 88, -108, 53, -73)
(-46, 23, 76, -115, 45, -83)
(-42, 20, 68, -120, 37, -89)
(-35, 20, 57, -127, 24, -93)
(-25, 20, 42, -127, 17, -99)
(-19, 15, 30, -127, 9, -103)
(-11, 7, 22, -127, 1, -105)
(-3, 2, 14, -127, 0, -104)
(3, -3, 10, -127, 7, -105)
(6, -4, 8, -127, 19, -112)
(9, -1, 5, -127, 33, -120)
(6, -2, 2, -127, 44, -127)
(3, -5, -2, -127, 43, -127)
(-3, -6, -1, -127, 31, -127)
BatchID:  10




(11, -67, -32, 5, -8, -9)
(13, -66, -31, 5, -5, -8)
(14, -65, -32, 4, -1, -7)
(13, -66, -32, 3, 0, -6)
(12, -66, -31, 2, 0, -6)
(12, -66, -31, 2, -1, -6)
(12, -68, -30, 1, -3, -6)
(14, -68, -30, 1, -4, -7)
(16, -69, -31, 1, -3, -6)
(17, -69, -30, 2, 0, -5)
(17, -68, -31, 2, 2, -2)
(16, -67, -31, 1, 4, 0)
(14, -67, -31, 0, 4, 0)
(14, -67, -31, 1, 2, 0)
(13, -67, -31, 4, 1, 0)
(13, -65, -31, 6, 0, 0)
(13, -65, -31, 9, -2, -1)
(13, -64, -31, 14, -4, -1)
(14, -62, -31, 18, -4, -2)
(13, -58, -33, 18, -3, -1)
(11, -56, -32, 15, -3, 0)
(10, -58, -28, 8, -6, 0)
(10, -65, -23, 1, -6, 1)
(8, -72, -20, -3, -1, -3)
(1, -79, -16, -10, 3, -15)
(-6, -86, -13, -23, 3, -33)
(-11, -93, -15, -38, 0, -54)
(-14, -99, -16, -54, -4, -74)
(-9, -99, -22, -68, -6, -86)
(0, -93, -26, -80, -1, -89)
(12, -83, -33, -91, 11, -83)
(25, -62, -43, -98, 36, -71)
(30, -44, -54, -105, 58, -60)
(31, -29, -62, -108, 72, -52)
(36, -17, -67, -102, 72, -49)
(49, 7, -71, -72, 74, -47)
(60, 37, -84, -59, 68, -45)
(76, 47, -100, -64, 55, -38)
(92, 46, -114, -53, 37, -27)
(111, 49, -127, -53, 3, -3)
(123, 38, -127, -35, -9, 30)
(127, 23, -127, 12, -12, 76)
(127, 20, -127, 76, -12, 127)
(127, 16, -127, 127, -1, 127)
(127, 19, -127, 127, 30, 127)
(113, 38, -124, 127, 70, 127)
(85, 51, -113, 127, 85, 127)
(53, 67, -105, 127, 66, 127)
(0, 125, -77, 127, 19, 127)
(-11, 115, -70, 127, -63, 127)
(-6, 93, -53, 127, -95, 127)
(11, 105, -38, 127, -127, 127)
(43, 127, -43, 127, -127, 127)
(73, 127, -13, 127, -127, 127)
(9, 127, 127, 121, -116, 127)
(-54, 127, 127, 127, -127, 127)
(-36, 127, 127, 127, -118, 127)
(-9, 127, 127, 127, -85, 99)
(-3, 110, 127, 94, -7, 53)
(-38, 101, 127, 38, 64, 3)
(-63, 101, 127, -5, 69, -37)
(-69, 100, 127, -37, 53, -61)
(-62, 100, 127, -68, 18, -64)
(-30, 86, 127, -95, -1, -66)
(-2, 78, 127, -117, 12, -69)
(2, 60, 122, -127, 50, -74)
(-12, 53, 113, -127, 75, -79)
(-23, 49, 103, -127, 79, -83)
BatchID:  11




(18, -60, -36, -14, 11, -5)
(19, -60, -36, -13, 12, -4)
(16, -59, -36, -13, 11, -4)
(16, -59, -36, -13, 10, -5)
(17, -59, -36, -12, 8, -6)
(17, -59, -37, -13, 6, -7)
(20, -59, -38, -12, 7, -5)
(20, -58, -39, -11, 10, -3)
(21, -59, -40, -11, 12, -2)
(20, -60, -40, -9, 13, -1)
(18, -60, -39, -7, 13, -1)
(18, -59, -38, -5, 11, -3)
(19, -57, -37, -6, 10, -4)
(20, -57, -38, -8, 9, -4)
(21, -57, -38, -9, 9, -5)
(21, -57, -40, -10, 11, -6)
(19, -56, -43, -18, 13, -9)
(19, -55, -48, -24, 14, -12)
(21, -54, -55, -34, 16, -17)
(27, -52, -62, -46, 23, -20)
(34, -43, -66, -54, 34, -22)
(44, -28, -73, -59, 41, -20)
(58, -14, -88, -64, 50, -17)
(77, -1, -111, -64, 58, -14)
(87, 3, -127, -64, 42, -9)
(104, 0, -127, -64, -7, 6)
(120, -18, -127, -25, -25, 36)
(127, -23, -127, 50, -19, 86)
(127, -8, -127, 118, -1, 127)
(124, -5, -127, 127, 22, 127)
(110, 1, -127, 127, 47, 127)
(98, 19, -125, 127, 77, 127)
(72, 40, -115, 127, 90, 127)
(29, 68, -105, 127, 60, 127)
(-19, 127, -71, 127, -5, 127)
(-6, 127, -62, 127, -81, 127)
(2, 127, -47, 127, -97, 127)
(16, 127, -40, 127, -127, 127)
(32, 127, -34, 127, -127, 127)
(33, 127, -5, 127, -127, 127)
(17, 127, 53, 127, -127, 127)
(-10, 127, 119, 125, -127, 127)
(-9, 116, 127, 127, -127, 127)
(90, 114, 127, 122, -118, 100)
(69, 104, 127, 40, 99, 49)
(-44, 88, 127, -23, 127, 9)
(-110, 73, 127, -45, 127, -39)
(-111, 64, 127, -49, 52, -62)
(-95, 74, 127, -60, -13, -61)
(-51, 65, 127, -75, -63, -54)
(-13, 52, 127, -81, -52, -52)
(2, 55, 127, -94, -11, -64)
(-6, 43, 125, -101, 25, -70)
(-18, 37, 119, -106, 46, -69)
(-25, 33, 104, -116, 52, -65)
(-29, 24, 87, -127, 54, -65)
(-31, 12, 71, -127, 51, -69)
(-35, 7, 62, -127, 39, -73)
(-34, 8, 51, -127, 16, -75)
(-23, 8, 36, -127, -5, -74)
(-12, 5, 23, -127, -12, -71)
(-1, 0, 12, -127, -5, -67)
(5, -7, 4, -127, 12, -66)
(3, -18, 5, -127, 31, -68)
(1, -25, 9, -127, 44, -78)
(-2, -22, 8, -127, 53, -92)
BatchID:  12




(7, -65, -31, 2, 2, -7)
(6, -65, -29, 1, 0, -8)
(7, -65, -29, 0, -2, -7)
(8, -66, -29, 0, -3, -7)
(8, -68, -30, -1, -2, -5)
(9, -70, -29, -1, 0, -4)
(9, -69, -30, 0, 3, -4)
(9, -67, -29, -1, 6, -5)
(6, -67, -31, -4, 6, -6)
(6, -68, -31, -5, 4, -8)
(8, -68, -33, -6, 2, -9)
(9, -68, -35, -5, 2, -10)
(10, -67, -36, -4, 4, -10)
(9, -66, -36, -3, 5, -10)
(10, -65, -36, -3, 8, -9)
(8, -64, -35, -4, 11, -10)
(6, -62, -34, -5, 11, -12)
(5, -64, -33, -5, 9, -15)
(5, -62, -33, -5, 6, -18)
(5, -61, -33, -4, 3, -21)
(8, -59, -33, -4, 0, -23)
(12, -58, -32, -4, 0, -25)
(15, -57, -32, -5, 2, -26)
(15, -58, -32, -7, 5, -25)
(15, -60, -32, -8, 7, -23)
(16, -61, -33, -8, 8, -22)
(16, -62, -32, -7, 7, -22)
(18, -61, -32, -8, 4, -24)
(19, -60, -33, -11, 0, -26)
(26, -59, -37, -18, 0, -26)
(30, -59, -41, -26, 6, -25)
(34, -57, -46, -34, 14, -23)
(36, -56, -53, -43, 21, -18)
(40, -55, -58, -51, 27, -12)
(45, -50, -66, -54, 33, -7)
(49, -42, -72, -57, 36, -1)
(52, -32, -80, -58, 37, 4)
(56, -27, -91, -61, 33, 11)
(63, -23, -102, -53, 26, 17)
(72, -18, -110, -41, 18, 24)
(78, -15, -121, -23, 7, 35)
(84, -16, -127, 5, -1, 53)
(86, -14, -127, 39, -12, 76)
(79, -18, -117, 123, -27, 127)
(71, -23, -101, 127, -39, 127)
(65, -22, -83, 127, -41, 127)
(60, -13, -65, 127, -39, 127)
(56, 3, -54, 127, -34, 127)
(47, 35, -37, 127, -32, 127)
(35, 45, -41, 127, -59, 127)
(33, 70, -41, 127, -82, 127)
(33, 100, -42, 127, -93, 127)
(33, 127, -28, 127, -106, 127)
(-83, 68, 127, -10, 51, -42)
(-69, 61, 127, -21, 12, -45)
(-48, 53, 127, -38, -14, -42)
(-31, 46, 120, -53, -21, -43)
(-22, 42, 114, -70, -11, -50)
(-17, 37, 112, -83, 0, -57)
BatchID:  13




(40, -46, -39, -8, 4, -5)
(44, -47, -38, -4, 5, -3)
(46, -46, -37, -3, 10, 0)
(44, -47, -34, -3, 15, 3)
(42, -48, -34, -3, 16, 5)
(41, -50, -32, -2, 14, 3)
(39, -51, -31, -2, 10, 0)
(40, -50, -32, -2, 7, -1)
(43, -48, -30, -3, 6, -2)
(46, -47, -30, -6, 10, -1)
(45, -49, -31, -7, 14, 1)
(43, -51, -32, -7, 16, 5)
(44, -51, -33, -6, 17, 10)
(44, -49, -33, -4, 19, 13)
(44, -45, -36, -4, 19, 14)
(47, -43, -39, -9, 20, 15)
(48, -42, -43, -14, 24, 14)
(51, -39, -44, -20, 24, 12)
(56, -37, -50, -27, 17, 11)
(71, -29, -57, -26, 12, 12)
(82, -16, -70, -25, 7, 17)
(87, -8, -83, -25, -1, 31)
(95, -1, -95, -19, -7, 54)
(100, 3, -106, -4, -5, 85)
(94, 1, -111, 16, 2, 122)
(79, -9, -105, 52, 5, 127)
(68, -14, -95, 100, 8, 127)
(59, -10, -88, 127, 9, 127)
(49, -8, -80, 127, -3, 127)
(39, -10, -69, 127, -25, 127)
(37, -10, -55, 127, -38, 127)
(34, 0, -41, 127, -48, 127)
(31, 15, -26, 127, -61, 127)
(29, 14, -25, 127, -83, 127)
(28, 26, -20, 127, -90, 127)
(31, 48, -14, 127, -91, 127)
(37, 127, 12, 127, -84, 127)
(30, 127, 31, 127, -96, 127)
(-18, 127, 88, 126, -100, 127)
(-90, 127, 127, 77, -127, 127)
(-35, 94, 127, 127, -127, 127)
(46, 88, 127, 127, -127, 127)
(101, 93, 127, 106, -47, 125)
(22, 84, 127, 22, 127, 70)
(-82, 37, 127, 4, 127, 15)
(-127, 16, 127, 16, 127, -41)
(-127, 33, 127, 2, 62, -71)
(-111, 56, 127, -18, -32, -82)
(-54, 68, 121, -48, -88, -83)
(-3, 59, 109, -75, -95, -79)
(27, 39, 103, -91, -55, -77)
(23, 11, 103, -86, 4, -73)
(0, 7, 102, -78, 33, -68)
(-8, 9, 96, -74, 38, -65)
(-12, 7, 91, -76, 45, -67)
(-28, 10, 84, -102, 23, -83)
(-28, 13, 79, -120, 0, -86)
(-17, 17, 69, -127, -17, -85)
(-3, 13, 61, -127, -19, -81)
(7, 9, 49, -127, -7, -76)
(14, 2, 33, -127, 10, -72)
(12, -1, 25, -127, 28, -71)
(8, -1, 17, -127, 37, -73)
(-1, -5, 10, -127, 34, -74)
(-3, -5, 8, -127, 26, -76)
(2, -4, 3, -127, 22, -81)
BatchID:  14




(29, -50, -42, 0, 0, -1)
(30, -50, -42, 0, 0, -2)
(29, -50, -42, 0, -2, -2)
(30, -50, -42, 0, -3, 0)
(32, -49, -42, 0, -1, 0)
(32, -49, -43, -1, 2, 2)
(30, -49, -43, -2, 5, 4)
(29, -49, -44, -2, 6, 5)
(27, -50, -44, -2, 5, 5)
(26, -51, -44, -1, 2, 4)
(26, -50, -44, 0, 0, 3)
(27, -49, -45, 0, -2, 2)
(30, -47, -45, 0, 0, 1)
(29, -47, -45, 0, 2, 1)
(26, -48, -45, 0, 3, 1)
(26, -49, -45, 0, 1, 2)
(26, -49, -44, 0, 0, 1)
(27, -49, -44, 0, 2, 1)
(26, -48, -45, 0, 3, 1)
(28, -47, -47, -4, 5, 2)
(31, -45, -52, -10, 11, 3)
(34, -42, -57, -18, 18, 6)
(38, -35, -62, -25, 26, 10)
(42, -23, -74, -30, 31, 13)
(51, -9, -94, -37, 38, 18)
(58, 1, -123, -42, 44, 27)
(69, 6, -127, -38, 41, 37)
(85, 6, -127, -35, 21, 40)
(94, -13, -127, -13, -2, 51)
(93, -32, -127, 51, -11, 81)
(100, -22, -127, 124, 1, 126)
(96, -2, -127, 127, 13, 127)
(86, 7, -127, 127, 22, 127)
(68, 6, -114, 127, 23, 127)
(47, 7, -92, 127, 19, 127)
(28, 18, -74, 127, 4, 127)
(1, 61, -40, 127, -30, 127)
(0, 52, -50, 127, -115, 127)
(15, 69, -58, 127, -127, 127)
(29, 102, -63, 127, -127, 127)
(38, 127, -46, 127, -127, 127)
(42, 127, -26, 127, -127, 127)
(35, 127, 6, 127, -127, 127)
(25, 127, 42, 127, -127, 127)
(34, 127, 87, 127, -127, 127)
(48, 127, 127, 127, -127, 127)
(70, 127, 127, 127, -89, 84)
(37, 127, 127, 124, 29, 26)
(-10, 125, 127, 34, 58, -17)
(-23, 127, 127, -27, 50, -49)
(-19, 109, 127, -67, 29, -66)
(-8, 93, 127, -85, 1, -66)
(11, 79, 123, -88, -21, -58)
(16, 60, 118, -74, -28, -52)
(29, 53, 123, -58, -29, -54)
(42, 50, 126, -53, -4, -55)
(16, 52, 121, -75, 41, -49)
(1, 54, 113, -93, 44, -51)
(-6, 53, 103, -115, 38, -55)
(-2, 50, 90, -127, 31, -57)
(1, 45, 76, -127, 32, -59)
(5, 39, 58, -127, 36, -61)
(5, 34, 44, -127, 46, -65)
(0, 26, 32, -127, 50, -71)
(-3, 17, 26, -127, 47, -74)
(-5, 6, 20, -127, 39, -77)
(-3, -1, 16, -127, 32, -80)
(-1, -2, 13, -127, 28, -86)
(3, 3, 6, -127, 28, -94)
BatchID:  2




(28, -51, -39, -3, 13, 9)
(27, -51, -40, -4, 10, 9)
(27, -50, -41, -5, 8, 7)
(26, -48, -41, -6, 9, 4)
(25, -49, -42, -9, 7, 4)
(27, -50, -46, -9, 7, 5)
(31, -52, -46, -7, 10, 7)
(29, -51, -45, -5, 15, 10)
(27, -50, -46, -4, 15, 12)
(26, -51, -44, -3, 13, 11)
(25, -48, -42, -2, 13, 7)
(23, -48, -43, -4, 10, 4)
(24, -50, -44, -4, 4, 2)
(29, -49, -43, -3, 3, 1)
(29, -49, -44, -3, 5, 2)
(30, -50, -46, -4, 4, 4)
(38, -48, -53, -4, 6, 7)
(44, -47, -59, -5, 8, 9)
(49, -43, -64, -1, 6, 11)
(53, -35, -73, 5, -3, 13)
(57, -30, -84, 8, -15, 19)
(66, -29, -97, 18, -19, 32)
(71, -28, -109, 37, -13, 50)
(68, -21, -117, 87, -5, 87)
(67, -16, -114, 109, -7, 102)
(61, -23, -109, 127, -19, 114)
(56, -30, -97, 127, -25, 127)
(51, -25, -86, 127, -25, 127)
(48, -18, -80, 127, -40, 127)
(51, -11, -70, 127, -54, 127)
(55, 1, -55, 127, -59, 127)
(63, 32, -35, 127, -50, 127)
(60, 76, -24, 127, -42, 127)
(46, 127, -16, 127, -44, 127)
(6, 127, 18, 127, -47, 127)
(-57, 127, 75, 127, -90, 127)
(-30, 68, 127, 127, -127, 127)
(38, 82, 121, 127, -127, 127)
(76, 111, 127, 127, -70, 117)
(10, 100, 127, 127, 51, 62)
(-77, 60, 127, 75, 102, 25)
(-107, 49, 127, 4, 79, -7)
(-83, 32, 127, -33, 42, -36)
(-70, 15, 127, -39, 4, -41)
(-39, 7, 127, -41, -30, -39)
(-11, 3, 127, -38, -31, -39)
(1, -2, 127, -33, -11, -36)
(-2, -6, 127, -34, 15, -28)
(-22, -7, 127, -40, 29, -22)
(-38, -5, 124, -49, 27, -22)
(-45, -2, 121, -57, 16, -27)
(-41, 2, 115, -66, 10, -30)
(-34, 6, 105, -76, 15, -35)
(-31, 10, 95, -85, 27, -43)
(-32, 12, 86, -94, 40, -51)
(-35, 11, 77, -101, 45, -58)
(-35, 7, 70, -104, 43, -64)
(-30, 9, 65, -106, 39, -69)
(-22, 16, 58, -116, 40, -76)
(-15, 17, 48, -127, 44, -85)
(-11, 14, 40, -127, 49, -92)
(-9, 8, 31, -127, 51, -97)
(-9, 0, 24, -127, 46, -98)
(-7, -4, 19, -127, 41, -99)
(-5, -8, 11, -127, 35, -100)
(1, -4, 3, -127, 33, -102)
(4, -2, -4, -127, 34, -106)
(10, -5, -11, -127, 38, -110)
(12, -11, -16, -127, 44, -113)
(14, -16, -20, -127, 49, -114)
BatchID:  3




(26, -55, -40, -3, 4, 2)
(25, -55, -39, -2, 4, 2)
(24, -55, -38, -3, 2, 1)
(25, -55, -37, -3, 0, 0)
(24, -54, -38, -4, 0, 0)
(26, -56, -38, -5, -1, 0)
(23, -57, -39, -3, -2, 0)
(22, -57, -39, -2, -5, 0)
(21, -59, -39, 0, -10, 0)
(25, -58, -39, 3, -12, -2)
(29, -51, -37, 1, -3, -6)
(27, -49, -38, -7, 2, -8)
(24, -55, -39, -11, 3, -6)
(26, -56, -42, -9, 2, -4)
(31, -52, -46, -4, 9, 2)
(35, -48, -54, -5, 15, 8)
(36, -46, -64, -2, 16, 10)
(42, -38, -67, 3, 10, 8)
(53, -27, -74, 9, -2, 6)
(69, -19, -95, 11, -12, 8)
(82, -16, -124, 14, -6, 26)
(85, -16, -127, 22, 0, 56)
(93, -17, -127, 46, 6, 89)
(82, -19, -127, 84, 18, 115)
(68, -23, -127, 127, 21, 127)
(46, -34, -116, 127, 11, 127)
(30, -36, -94, 127, -4, 127)
(27, -32, -71, 127, -21, 127)
(27, -24, -57, 127, -37, 127)
(32, -8, -45, 127, -42, 127)
(31, 17, -36, 127, -41, 127)
(33, 39, -41, 127, -64, 127)
(33, 66, -33, 127, -71, 127)
(25, 81, -20, 127, -68, 127)
(16, 112, -4, 127, -70, 127)
(15, 127, 0, 127, -89, 127)
(6, 127, 24, 127, -98, 123)
(-5, 127, 56, 127, -127, 127)
(-14, 106, 121, 127, -127, 127)
(40, 123, 110, 127, -127, 127)
(83, 127, 127, 127, -127, 95)
(99, 123, 127, 110, -26, 52)
(-4, 105, 127, -34, 127, -1)
(-54, 84, 125, -59, 124, -20)
(-65, 63, 122, -59, 61, -29)
(-47, 51, 112, -52, 4, -28)
(-18, 45, 105, -44, -18, -26)
(0, 42, 106, -45, -11, -31)
(-2, 42, 112, -58, 34, -41)
(-15, 41, 112, -66, 41, -42)
(-24, 40, 109, -74, 42, -45)
(-24, 38, 103, -82, 39, -52)
(-19, 36, 93, -91, 41, -59)
(-17, 34, 84, -101, 49, -64)
(-23, 35, 74, -115, 53, -69)
(-25, 35, 65, -127, 49, -73)
(-26, 31, 57, -127, 39, -75)
(-22, 21, 51, -127, 27, -77)
(-17, 11, 46, -127, 17, -79)
(-11, 8, 35, -127, 12, -82)
(-14, 5, 25, -127, 7, -86)
(-17, 5, 17, -127, -4, -91)
(-8, 1, 4, -127, -40, -102)
(0, -3, 2, -127, -47, -101)
(11, -4, -2, -127, -45, -95)
(18, -2, -7, -127, -32, -90)
(20, 1, -12, -127, -12, -83)
BatchID:  4




(25, -52, -38, -10, 16, -4)
(25, -53, -40, -11, 13, -2)
(29, -54, -42, -11, 13, 0)
(29, -56, -41, -9, 12, 1)
(30, -54, -42, -5, 11, 3)
(31, -48, -43, -5, 11, 4)
(32, -45, -44, -11, 10, 6)
(37, -46, -47, -16, 11, 6)
(36, -48, -48, -18, 13, 5)
(36, -50, -49, -19, 11, 6)
(35, -50, -50, -17, 11, 7)
(36, -50, -50, -15, 12, 8)
(33, -48, -48, -15, 17, 8)
(29, -49, -45, -18, 16, 8)
(29, -49, -45, -21, 15, 6)
(31, -51, -50, -23, 11, 6)
(34, -52, -56, -18, 8, 11)
(39, -50, -59, -11, 8, 16)
(44, -44, -62, -3, 8, 22)
(63, -25, -87, 14, 4, 36)
(74, -14, -109, 23, 4, 43)
(77, -13, -127, 30, -3, 54)
(74, -24, -127, 53, -28, 66)
(72, -42, -126, 97, -56, 79)
(71, -44, -111, 127, -63, 98)
(68, -29, -85, 127, -31, 127)
(54, -16, -69, 127, -6, 127)
(39, 0, -54, 127, 8, 127)
(24, 16, -40, 127, 15, 127)
(4, 52, -21, 127, 8, 127)
(-2, 65, -32, 127, -33, 127)
(-1, 111, -12, 127, -41, 127)
(-36, 95, 28, 127, -72, 122)
(-52, 85, 42, 127, -127, 127)
(-41, 49, 50, 127, -127, 127)
(-5, 65, 32, 127, -127, 127)
(29, 127, 55, 127, -127, 127)
(59, 127, 96, 127, -127, 96)
(61, 127, 127, 90, -110, 46)
(58, 100, 127, 52, 42, 19)
(-8, 110, 127, -33, 101, 3)
(-29, 88, 127, -99, 100, -26)
(-37, 58, 127, -108, 91, -54)
(-52, 42, 127, -100, 61, -69)
(-55, 40, 124, -97, 16, -71)
(-31, 41, 115, -92, -13, -71)
(-15, 30, 111, -88, -16, -68)
(-7, 19, 111, -85, -6, -65)
(-7, 14, 108, -82, 12, -60)
(-13, 14, 105, -83, 28, -58)
(-16, 17, 97, -91, 38, -63)
(-20, 18, 90, -98, 40, -67)
(-25, 18, 81, -106, 33, -69)
(-25, 19, 76, -115, 19, -70)
(-17, 17, 66, -127, 6, -70)
(-10, 10, 59, -127, 3, -72)
(-5, 4, 51, -127, 6, -72)
(-2, -2, 43, -127, 12, -73)
(-1, -4, 35, -127, 18, -73)
(-1, -5, 27, -127, 19, -72)
(0, -5, 19, -127, 21, -71)
(2, -5, 5, -127, 28, -76)
(2, -7, 0, -127, 27, -77)
(3, -13, -5, -127, 25, -77)
(5, -18, -10, -127, 21, -77)
(5, -24, -15, -127, 16, -77)
(13, -23, -20, -127, 15, -79)
BatchID:  5




(21, -61, -36, -2, 4, 1)
(21, -60, -35, -1, 3, 0)
(21, -59, -35, -2, 2, 0)
(24, -58, -37, -2, 3, 0)
(23, -59, -37, -4, 5, 0)
(25, -60, -43, -7, 7, 0)
(25, -61, -43, -9, 6, -1)
(25, -60, -45, -11, 5, -3)
(26, -59, -46, -15, 2, -4)
(28, -58, -48, -17, 0, -4)
(33, -56, -52, -18, 1, -2)
(38, -53, -54, -18, 10, 2)
(37, -49, -58, -17, 22, 14)
(39, -47, -64, -14, 23, 19)
(42, -48, -73, -7, 21, 25)
(45, -49, -81, 5, 14, 31)
(49, -46, -87, 23, 6, 39)
(54, -40, -92, 39, 1, 46)
(62, -35, -98, 53, 2, 55)
(64, -32, -105, 68, 2, 61)
(62, -30, -112, 82, -9, 70)
(62, -31, -113, 100, -24, 80)
(60, -32, -110, 124, -43, 96)
(65, -36, -104, 127, -52, 117)
(70, -35, -96, 127, -45, 127)
(66, -28, -87, 127, -32, 127)
(42, 0, -66, 127, -16, 127)
(39, 50, -54, 127, -14, 127)
(29, 91, -61, 127, -48, 127)
(44, 127, -64, 127, -75, 127)
(32, 127, -31, 127, -47, 127)
(-31, 127, 69, 127, -90, 127)
(-54, 127, 127, 127, -127, 127)
(-6, 120, 127, 127, -127, 127)
(21, 126, 127, 127, -106, 121)
(5, 127, 127, 85, -22, 57)
(-24, 103, 127, 4, 65, 1)
(-53, 91, 127, -39, 103, -41)
(-67, 84, 127, -60, 91, -68)
(-77, 73, 127, -71, 56, -75)
(-70, 63, 127, -77, 0, -72)
(-39, 56, 121, -77, -32, -71)
(-10, 51, 113, -78, -27, -73)
(-4, 43, 112, -82, 5, -76)
(-24, 37, 105, -92, 44, -80)
(-33, 37, 99, -98, 46, -82)
(-35, 38, 92, -111, 34, -86)
(-27, 36, 78, -126, 23, -90)
(-18, 35, 65, -127, 16, -93)
(-11, 32, 48, -127, 10, -92)
(0, 11, 23, -127, 7, -88)
(3, 3, 15, -127, 8, -88)
(7, -2, 8, -127, 10, -89)
(12, -3, 1, -127, 16, -91)
(14, -5, -5, -127, 24, -91)
(16, -9, -12, -127, 32, -91)
(14, -13, -15, -127, 34, -91)
(11, -14, -19, -127, 26, -93)
(9, -17, -22, -127, 12, -91)
(13, -19, -27, -127, -2, -86)
(22, -26, -36, -127, -6, -78)
(31, -35, -45, -127, 0, -72)
(32, -41, -54, -127, 13, -69)
(22, -49, -55, -127, 19, -66)
BatchID:  6




(12, -66, -27, -8, 6, -5)
(12, -66, -28, -8, 5, -4)
(13, -67, -29, -6, 4, -2)
(13, -67, -30, -4, 3, 0)
(13, -68, -31, -1, 2, 1)
(14, -69, -32, 3, 2, 3)
(16, -65, -30, 6, 4, 4)
(14, -62, -27, 3, 8, 3)
(11, -64, -25, -1, 7, 1)
(9, -67, -26, -2, 3, -1)
(11, -68, -27, -2, -1, -3)
(14, -68, -27, -1, 0, -4)
(15, -67, -28, 0, 1, -3)
(14, -66, -28, -1, 3, -1)
(14, -66, -29, -1, 4, 0)
(14, -65, -30, -4, 4, -1)
(18, -65, -33, -8, 6, 0)
(22, -65, -38, -14, 11, 0)
(22, -66, -42, -20, 15, 0)
(27, -64, -47, -27, 16, 1)
(34, -62, -56, -35, 21, 1)
(41, -59, -71, -48, 30, 3)
(48, -53, -84, -50, 40, 5)
(52, -38, -107, -48, 40, 6)
(56, -35, -127, -52, 27, 9)
(62, -39, -127, -26, 0, 11)
(77, -40, -127, 9, -28, 27)
(94, -45, -127, 75, -31, 64)
(102, -48, -127, 127, -24, 120)
(105, -27, -127, 127, -3, 127)
(89, -6, -127, 127, 7, 127)
(70, 23, -122, 127, 4, 127)
(53, 121, -90, 127, -10, 127)
(24, 127, -97, 127, -74, 127)
(35, 127, -61, 127, -78, 127)
(24, 127, -4, 127, -78, 127)
(4, 127, 46, 127, -108, 127)
(-21, 127, 82, 105, -127, 127)
(-58, 127, 127, 117, -127, 127)
(-4, 91, 127, 127, -127, 127)
(62, 127, 127, 127, -127, 114)
(83, 127, 127, 127, -43, 61)
(29, 107, 127, 104, 91, 25)
(-49, 102, 127, 40, 127, -8)
(-111, 102, 127, -12, 96, -44)
(-98, 90, 127, -49, 10, -66)
(-57, 86, 127, -66, -38, -74)
(-4, 73, 127, -73, -61, -71)
(29, 54, 120, -72, -30, -70)
(9, 44, 119, -67, 35, -69)
(-4, 49, 113, -73, 42, -69)
(-15, 52, 102, -89, 39, -69)
(-20, 49, 87, -111, 30, -70)
(-21, 38, 75, -127, 20, -72)
(-17, 33, 64, -127, 12, -74)
(-8, 28, 53, -127, 6, -75)
(0, 25, 44, -127, 4, -75)
(7, 23, 34, -127, 8, -74)
(9, 24, 25, -127, 15, -76)
(10, 24, 16, -127, 21, -81)
(12, 28, 8, -127, 31, -91)
(16, 36, 5, -127, 45, -105)
(18, 44, 0, -127, 55, -114)
(19, 46, -8, -127, 60, -116)
(19, 32, -23, -127, 53, -115)
(18, 5, -37, -127, 33, -113)
(19, -11, -45, -127, 0, -110)
(26, -25, -40, -127, -6, -101)
(36, -40, -42, -127, -10, -86)
BatchID:  7




(23, -59, -32, -2, 17, 8)
(22, -60, -31, -2, 18, 8)
(22, -60, -33, -2, 18, 5)
(20, -60, -31, -1, 15, 3)
(21, -60, -30, -3, 10, 2)
(24, -60, -30, -4, 8, 2)
(25, -62, -31, -4, 10, 2)
(24, -64, -31, -3, 10, 3)
(24, -63, -30, -1, 9, 3)
(23, -61, -30, -1, 8, 4)
(24, -60, -29, -2, 9, 5)
(22, -62, -30, -3, 8, 5)
(23, -62, -30, -1, 5, 5)
(26, -61, -32, -1, 4, 6)
(27, -62, -34, 0, 6, 8)
(29, -61, -37, 0, 9, 11)
(32, -60, -42, -1, 10, 14)
(38, -58, -46, -2, 9, 12)
(50, -54, -56, -5, 2, 6)
(64, -52, -73, -11, -6, 6)
(69, -58, -101, -7, -13, 19)
(71, -61, -123, 12, -15, 42)
(74, -52, -127, 37, -7, 66)
(73, -44, -120, 54, 1, 86)
(64, -42, -114, 79, 8, 102)
(56, -38, -108, 109, 17, 121)
(50, -30, -102, 127, 18, 127)
(43, -25, -99, 127, 13, 127)
(34, -19, -91, 127, -1, 127)
(30, -15, -82, 127, -19, 127)
(30, -13, -71, 127, -38, 127)
(38, -3, -63, 127, -44, 127)
(52, 22, -62, 127, -28, 127)
(59, 69, -55, 127, -7, 127)
(53, 106, -56, 127, -5, 127)
(45, 127, -39, 127, 4, 127)
(17, 127, -4, 127, 20, 127)
(-25, 127, 27, 127, 7, 127)
(-65, 127, 70, 127, -34, 127)
(-102, 127, 127, 114, -105, 127)
(-93, 99, 127, 127, -127, 127)
(-32, 96, 127, 127, -127, 127)
(30, 109, 126, 127, -127, 109)
(62, 103, 127, 93, -34, 48)
(24, 90, 127, 40, 90, 19)
(-29, 101, 127, 13, 127, 3)
(-69, 97, 127, -6, 102, -8)
(-84, 87, 127, -17, 49, -19)
(-67, 82, 127, -32, 3, -23)
(-44, 75, 114, -45, -18, -25)
(-32, 66, 105, -56, -14, -27)
(-33, 62, 105, -59, -5, -32)
(-34, 61, 102, -62, 0, -39)
(-36, 59, 99, -63, 6, -46)
(-40, 64, 96, -68, 15, -53)
(-41, 66, 88, -83, 21, -63)
(-46, 73, 72, -120, 29, -86)
(-43, 70, 64, -127, 25, -96)
(-37, 66, 54, -127, 18, -102)
(-30, 60, 46, -127, 9, -107)
(-22, 54, 38, -127, 2, -111)
(-15, 44, 27, -127, -1, -114)
(-10, 34, 18, -127, -6, -118)
(-5, 30, 11, -127, -6, -120)
(1, 25, 1, -127, -6, -121)
(5, 20, -5, -127, -3, -121)
(8, 16, -11, -127, -1, -119)
BatchID:  8




(23, -59, -35, -3, 10, 5)
(25, -59, -37, -4, 12, 7)
(25, -59, -39, -4, 13, 9)
(23, -61, -38, -5, 12, 10)
(22, -60, -40, -4, 13, 13)
(20, -62, -39, -3, 13, 13)
(19, -61, -40, -1, 9, 12)
(19, -61, -41, -1, 4, 11)
(19, -63, -38, 2, 0, 10)
(21, -60, -38, 3, -1, 13)
(23, -61, -38, 6, 2, 18)
(23, -60, -40, 9, 9, 24)
(23, -60, -43, 9, 17, 31)
(21, -60, -45, 12, 23, 36)
(20, -58, -46, 17, 25, 39)
(23, -54, -49, 23, 24, 39)
(24, -53, -57, 27, 19, 38)
(26, -55, -64, 34, 8, 37)
(29, -56, -73, 45, -2, 40)
(45, -54, -82, 87, -25, 47)
(53, -47, -87, 106, -31, 49)
(56, -46, -93, 127, -40, 58)
(59, -44, -93, 127, -48, 75)
(59, -42, -90, 127, -57, 100)
(59, -41, -84, 127, -60, 127)
(61, -35, -76, 127, -55, 127)
(62, -26, -68, 127, -44, 127)
(66, -9, -65, 127, -24, 127)
(67, 30, -78, 127, 0, 127)
(67, 127, -69, 127, -1, 127)
(40, 127, -56, 127, -22, 127)
(16, 127, 7, 127, -6, 127)
(-30, 127, 75, 110, -7, 127)
(-93, 127, 127, 73, -127, 127)
(-49, 127, 127, 127, -127, 127)
(21, 127, 127, 76, -127, 127)
(45, 124, 127, -1, -32, 84)
(-37, 62, 127, -32, 127, 38)
(-124, 34, 127, -34, 127, -13)
(-127, 33, 127, -19, 99, -61)
(-123, 51, 127, -25, 17, -82)
(-75, 63, 127, -41, -31, -88)
(-24, 56, 127, -57, -39, -86)
(5, 53, 127, -76, 1, -87)
(2, 41, 122, -94, 50, -85)
(-23, 25, 112, -103, 74, -80)
(-40, 18, 101, -105, 70, -79)
(-51, 15, 91, -104, 53, -83)
(-52, 14, 83, -102, 29, -89)
(-45, 17, 79, -102, 9, -97)
(-32, 21, 68, -109, -5, -101)
(-20, 18, 57, -121, -10, -103)
(-11, 11, 49, -127, -13, -105)
(-1, 5, 40, -127, -14, -105)
(3, 0, 34, -127, -9, -102)
(5, 0, 29, -127, -3, -97)
(5, 2, 23, -127, -1, -90)
(6, 0, 17, -127, -1, -83)
(10, -2, 8, -127, 2, -78)
(10, -3, 0, -127, 8, -74)
(11, -10, -4, -127, 10, -72)
(13, -19, -7, -127, 12, -68)
(13, -23, -12, -127, 15, -64)
(12, -23, -17, -127, 16, -57)
(15, -22, -22, -127, 16, -49)
(19, -26, -30, -127, 21, -42)
BatchID:  9




(21, -58, -42, -11, 15, -12)
(21, -55, -43, -7, 17, -9)
(22, -52, -44, -5, 19, -6)
(21, -54, -44, -2, 18, -5)
(22, -52, -42, -1, 16, -4)
(23, -52, -42, 0, 14, -4)
(26, -51, -42, 0, 16, -2)
(25, -51, -41, 1, 18, 0)
(24, -54, -39, 2, 19, 3)
(22, -55, -37, 2, 18, 4)
(18, -57, -35, 0, 14, 6)
(19, -61, -35, 0, 9, 7)
(20, -63, -34, 1, 7, 8)
(19, -64, -32, 1, 5, 8)
(20, -62, -32, 0, 5, 10)
(19, -62, -31, -4, 6, 11)
(20, -63, -32, -8, 7, 11)
(18, -62, -34, -12, 7, 11)
(21, -61, -39, -15, 8, 13)
(26, -61, -48, -16, 12, 16)
(27, -60, -53, -14, 11, 18)
(27, -59, -58, -10, 6, 21)
(31, -55, -65, -7, 4, 25)
(36, -49, -73, -8, 11, 33)
(41, -43, -79, -9, 22, 41)
(44, -34, -94, -6, 32, 51)
(47, -35, -117, 3, 32, 57)
(50, -38, -127, 24, 18, 58)
(55, -42, -127, 57, -7, 67)
(64, -47, -127, 106, -23, 90)
(75, -44, -127, 127, -25, 124)
(85, -34, -127, 127, -8, 127)
(82, -22, -127, 127, 15, 127)
(63, -4, -117, 127, 25, 127)
(40, 15, -103, 127, 18, 127)
(23, 61, -80, 127, -3, 127)
(8, 88, -67, 127, -40, 127)
(24, 100, -63, 127, -79, 127)
(37, 112, -44, 127, -82, 127)
(47, 127, -24, 127, -90, 127)
(48, 127, 1, 127, -95, 127)
(43, 127, 36, 127, -90, 127)
(18, 127, 86, 127, -96, 127)
(14, 127, 127, 127, -127, 127)
(27, 127, 127, 127, -83, 111)
(18, 127, 127, 46, 17, 45)
(-27, 127, 127, -31, 113, 1)
(-78, 121, 127, -68, 121, -30)
(-87, 97, 127, -77, 63, -46)
(-65, 71, 127, -70, 6, -45)
(-27, 58, 123, -56, -19, -41)
(-4, 61, 117, -50, -6, -41)
(-13, 66, 114, -58, 20, -46)
(-30, 66, 116, -71, 31, -51)
(-41, 70, 113, -86, 27, -56)
(-41, 70, 105, -103, 19, -61)
(-34, 69, 94, -121, 14, -66)
(-26, 62, 80, -127, 15, -71)
(-18, 53, 67, -127, 20, -77)
(-12, 46, 57, -127, 26, -83)
(-9, 40, 46, -127, 29, -85)
(-6, 35, 33, -127, 29, -85)
(-6, 31, 21, -127, 30, -84)
(-8, 28, 10, -127, 28, -84)
(-3, 19, -7, -127, 17, -90)
(0, 11, -12, -127, 17, -93)
(2, 4, -14, -127, 19, -97)
(4, 2, -16, -127, 21, -100)
(6, 6, -22, -127, 24, -105)
(5, 8, -31, -127, 20, -108)
BatchID:  10




(5, -67, -28, -12, 8, -5)
(4, -68, -29, -11, 9, -5)
(4, -68, -29, -10, 8, -5)
(4, -68, -29, -9, 6, -5)
(5, -68, -30, -8, 4, -6)
(6, -66, -31, -6, 3, -7)
(8, -65, -30, -7, 4, -7)
(8, -66, -31, -7, 5, -6)
(8, -67, -32, -7, 6, -5)
(8, -68, -32, -5, 6, -4)
(8, -68, -32, -4, 5, -3)
(9, -67, -31, -3, 5, -3)
(8, -64, -33, -7, 5, -1)
(12, -65, -36, -14, 6, 0)
(14, -69, -43, -24, 13, 3)
(14, -75, -45, -28, 22, 5)
(12, -69, -46, -27, 28, 5)
(14, -59, -49, -37, 27, 5)
(18, -54, -60, -49, 29, 5)
(22, -46, -71, -54, 35, 4)
(26, -36, -83, -53, 38, 6)
(37, -28, -106, -44, 33, 11)
(53, -21, -127, -26, 29, 24)
(68, -16, -127, -4, 29, 41)
(75, -21, -127, 29, 20, 67)
(74, -29, -127, 91, 15, 105)
(72, -25, -127, 127, 19, 127)
(71, -23, -127, 127, 12, 127)
(65, -13, -127, 127, 10, 127)
(57, 3, -115, 127, 15, 127)
(44, 28, -101, 127, 8, 127)
(30, 62, -88, 127, -8, 127)
(7, 109, -65, 127, -48, 127)
(21, 127, -63, 127, -99, 127)
(31, 127, -46, 127, -97, 127)
(38, 127, -14, 127, -114, 127)
(50, 127, 14, 127, -123, 127)
(33, 127, 54, 127, -112, 127)
(-1, 127, 106, 127, -127, 127)
(-4, 127, 127, 127, -127, 127)
(46, 127, 127, 127, -127, 127)
(-31, 122, 127, -5, 127, 21)
(-106, 105, 127, -44, 127, -22)
(-125, 83, 127, -57, 56, -52)
(-88, 71, 127, -53, -10, -62)
(-49, 64, 124, -47, -57, -58)
(-10, 52, 119, -43, -58, -54)
(9, 54, 122, -39, -14, -59)
(-1, 57, 124, -46, 33, -63)
(-25, 52, 124, -59, 52, -65)
(-42, 50, 121, -71, 47, -66)
(-48, 51, 114, -89, 29, -68)
(-40, 52, 100, -106, 16, -71)
(-31, 52, 87, -123, 16, -75)
(-28, 40, 66, -127, 27, -83)
(-26, 31, 57, -127, 19, -85)
(-23, 26, 47, -127, 9, -85)
(-16, 20, 37, -127, -1, -84)
(-6, 16, 30, -127, -6, -83)
(1, 14, 20, -127, -2, -82)
(8, 12, 11, -127, 8, -81)
(9, 8, 5, -127, 22, -78)
(6, 3, 2, -127, 37, -76)
(0, -2, -4, -127, 37, -74)
(-2, -2, -10, -127, 30, -72)
(-3, 0, -17, -127, 20, -74)
(-1, 0, -24, -127, 7, -76)
(2, -6, -27, -127, -2, -79)
BatchID:  11




(21, -64, -36, -3, 25, 7)
(15, -64, -35, -2, 29, 10)
(10, -66, -34, -2, 23, 14)
(12, -66, -33, -1, 18, 14)
(12, -64, -33, 0, 15, 11)
(11, -62, -34, -3, 12, 9)
(12, -60, -37, -4, 11, 8)
(13, -61, -42, -5, 9, 10)
(15, -62, -43, -2, 8, 11)
(17, -60, -43, -1, 9, 12)
(19, -59, -46, -1, 10, 14)
(22, -59, -50, -1, 12, 16)
(23, -55, -51, -1, 12, 19)
(27, -52, -55, -2, 12, 23)
(30, -52, -63, -3, 15, 32)
(38, -51, -75, 5, 21, 43)
(44, -52, -93, 22, 26, 58)
(50, -47, -108, 47, 34, 74)
(51, -39, -114, 64, 37, 85)
(50, -36, -109, 75, 27, 90)
(45, -38, -97, 92, 10, 92)
(41, -40, -91, 117, -6, 96)
(41, -36, -84, 127, -24, 104)
(45, -30, -78, 127, -36, 117)
(45, -27, -70, 127, -41, 127)
(43, -23, -59, 127, -39, 127)
(34, -15, -46, 127, -41, 127)
(28, -4, -35, 127, -46, 127)
(23, 14, -23, 127, -54, 127)
(14, 58, 0, 127, -67, 127)
(20, 57, -16, 127, -116, 127)
(40, 77, -9, 127, -116, 127)
(45, 121, 23, 127, -89, 127)
(39, 127, 54, 127, -82, 127)
(8, 127, 99, 127, -98, 127)
(-28, 127, 127, 127, -127, 127)
(-19, 127, 127, 127, -127, 127)
(26, 127, 127, 127, -120, 127)
(17, 127, 127, 70, 6, 108)
(-46, 118, 127, -6, 124, 56)
(-127, 75, 127, -15, 127, -4)
(-127, 74, 127, -38, 55, -49)
(-96, 72, 127, -54, -8, -72)
(-58, 70, 127, -61, -24, -74)
(-30, 56, 126, -62, -28, -72)
(-18, 52, 122, -68, -3, -73)
(-27, 52, 117, -74, 22, -76)
(-41, 51, 115, -83, 30, -77)
(-50, 48, 110, -88, 26, -81)
(-50, 47, 103, -94, 15, -88)
(-43, 45, 92, -103, 6, -95)
(-34, 40, 82, -110, 0, -101)
(-26, 37, 70, -118, -1, -104)
(-20, 35, 61, -126, -4, -104)
(-14, 30, 53, -127, -8, -100)
(-8, 24, 44, -127, -12, -96)
(4, 18, 29, -127, -4, -93)
(9, 22, 19, -127, 5, -96)
(14, 25, 9, -127, 20, -99)
(18, 23, -1, -127, 37, -102)
(14, 20, -10, -127, 47, -100)
(4, 15, -14, -127, 40, -91)
(4, 8, -17, -127, 24, -85)
(18, -5, -29, -127, 18, -87)
(20, -7, -35, -127, 23, -89)
(20, -10, -40, -127, 25, -88)
(18, -13, -47, -127, 21, -86)
(18, -14, -55, -127, 10, -82)
BatchID:  12




(13, -58, -39, -8, 10, -11)
(15, -58, -41, -9, 12, -9)
(14, -60, -43, -7, 14, -6)
(14, -63, -42, -2, 15, -4)
(12, -62, -40, 2, 13, -4)
(13, -58, -37, 2, 12, -5)
(13, -57, -36, 0, 9, -6)
(15, -58, -36, -3, 8, -6)
(17, -63, -36, -3, 9, -5)
(17, -63, -37, -1, 11, -4)
(18, -62, -37, 0, 11, -2)
(18, -63, -38, 0, 12, 0)
(18, -61, -39, 0, 14, 2)
(17, -63, -39, -1, 12, 3)
(19, -61, -39, -3, 11, 2)
(21, -58, -43, -7, 6, 0)
(26, -56, -50, -11, 3, -1)
(32, -58, -58, -12, 0, -2)
(36, -58, -72, -2, -5, -2)
(41, -55, -90, 15, -10, 1)
(50, -51, -106, 39, -14, 14)
(61, -43, -120, 66, -6, 33)
(59, -26, -127, 103, 20, 86)
(56, -27, -127, 118, 29, 110)
(47, -33, -119, 127, 32, 125)
(39, -37, -109, 127, 26, 127)
(30, -33, -103, 127, 12, 127)
(21, -24, -93, 127, -14, 127)
(25, -13, -82, 127, -41, 127)
(35, 0, -72, 127, -53, 127)
(51, 30, -72, 127, -47, 127)
(60, 110, -67, 127, -42, 127)
(47, 127, -73, 127, -55, 127)
(30, 127, -43, 127, -33, 127)
(8, 127, -3, 127, -26, 127)
(-14, 127, 22, 127, -77, 127)
(-10, 127, 51, 127, -127, 127)
(13, 127, 83, 127, -127, 127)
(41, 127, 123, 127, -127, 127)
(63, 127, 122, 127, -110, 106)
(68, 127, 127, 107, 8, 48)
(33, 127, 127, 32, 127, 4)
(-39, 127, 127, -28, 127, -25)
(-77, 127, 127, -70, 95, -47)
(-64, 112, 127, -84, 44, -55)
(-49, 101, 122, -90, -3, -54)
(-21, 93, 104, -92, -25, -53)
(-8, 88, 98, -90, -12, -58)
(-7, 84, 100, -90, 3, -67)
(-10, 77, 101, -89, 20, -70)
(-21, 77, 97, -93, 33, -73)
(-28, 79, 80, -118, 26, -86)
(-24, 76, 70, -127, 20, -91)
(-16, 66, 62, -127, 15, -94)
(-9, 55, 51, -127, 13, -94)
(-6, 46, 43, -127, 11, -91)
(-5, 38, 29, -127, 4, -85)
(-5, 29, 19, -127, -3, -80)
(-2, 21, 11, -127, -12, -75)
(2, 14, 5, -127, -18, -68)
(8, 6, -1, -127, -17, -61)
(10, 4, -7, -127, -7, -52)
(1, 2, -13, -127, -3, -42)
(-2, 1, -20, -127, -17, -35)
(0, -5, -27, -127, -31, -32)
(5, -12, -33, -127, -38, -34)
(9, -17, -35, -127, -38, -37)
(18, -18, -38, -127, -27, -39)
(20, -22, -42, -127, -6, -40)
BatchID:  13




(48, -37, -72, 28, 52, 59)
(45, -44, -83, 39, 61, 71)
(35, -54, -88, 62, 64, 79)
(29, -55, -84, 93, 59, 82)
(28, -49, -74, 115, 58, 82)
(17, -40, -59, 127, 42, 83)
(19, -32, -45, 127, 18, 87)
(19, -30, -36, 123, -1, 91)
(21, -31, -28, 115, -20, 95)
(26, -34, -21, 110, -25, 100)
(28, -34, -17, 123, -12, 107)
(11, -38, -14, 127, -10, 109)
(0, -40, 0, 127, -20, 108)
(-2, -31, 4, 127, -32, 109)
(1, -14, 2, 127, -42, 114)
(4, -3, 0, 127, -43, 126)
(8, 0, -2, 127, -43, 127)
(14, 5, -6, 127, -35, 127)
(12, 14, -10, 127, -21, 127)
(8, 42, -3, 127, -11, 127)
(-11, 82, 6, 127, -29, 127)
(-15, 107, 4, 127, -103, 127)
(-4, 119, 10, 127, -127, 127)
(3, 127, 26, 127, -127, 127)
(14, 127, 62, 127, -127, 127)
(40, 127, 109, 127, -127, 127)
(65, 127, 127, 72, -89, 111)
(48, 127, 127, 35, 42, 70)
(-24, 127, 127, -24, 127, 28)
(-107, 111, 127, -63, 127, -24)
(-94, 74, 127, -46, 68, -98)
(-104, 103, 127, -52, -14, -89)
(-58, 106, 120, -77, -81, -78)
(-19, 98, 114, -92, -86, -81)
(7, 84, 113, -109, -60, -84)
(18, 63, 110, -115, -12, -81)
(6, 47, 104, -114, 37, -78)
(-12, 46, 98, -112, 56, -80)
(-28, 47, 89, -112, 55, -85)
(-38, 50, 83, -116, 43, -89)
(-35, 54, 74, -127, 21, -92)
(-25, 48, 59, -127, 6, -96)
(-16, 41, 46, -127, 1, -97)
(-8, 31, 35, -127, -1, -96)
(-1, 23, 27, -127, 0, -94)
(3, 18, 21, -127, 6, -94)
(5, 15, 17, -127, 15, -95)
(9, 17, 8, -127, 24, -97)
(10, 15, 1, -127, 34, -99)
(7, 11, -4, -127, 41, -101)
(2, 8, -6, -127, 43, -105)
(0, 4, -6, -127, 37, -110)
(0, 3, -8, -127, 29, -116)
(3, 2, -11, -127, 18, -119)
(9, 3, -14, -127, 8, -116)
(17, 2, -19, -127, 4, -110)
(26, -1, -24, -127, 7, -105)
(28, -8, -28, -127, 14, -106)
(23, -16, -32, -127, 11, -108)
(21, -21, -38, -127, -2, -107)
(25, -24, -48, -127, -22, -98)
(39, -27, -61, -127, -37, -83)
(52, -34, -72, -116, -40, -68)
(53, -45, -77, -100, -42, -59)
(51, -48, -75, -69, -44, -46)
(56, -36, -76, -44, -45, -32)
(62, -34, -93, -34, -42, -16)
(64, -40, -106, -34, -30, -2)
(52, -55, -103, -26, -27, 8)
(46, -64, -89, 0, -35, 14)
(47, -64, -76, 25, -36, 16)
(46, -57, -72, 41, -33, 17)
BatchID:  14




(28, -55, -38, 1, -11, -19)
(31, -54, -40, 2, -11, -19)
(30, -53, -41, 3, -12, -19)
(31, -52, -41, 4, -13, -18)
(34, -49, -43, 5, -11, -16)
(33, -48, -44, 4, -8, -15)
(32, -47, -43, 3, -7, -13)
(32, -48, -44, 3, -9, -12)
(33, -47, -45, 4, -10, -11)
(33, -46, -45, 5, -11, -10)
(33, -45, -45, 5, -12, -8)
(33, -45, -46, 5, -11, -6)
(33, -44, -45, 5, -9, -5)
(31, -44, -45, 4, -8, -5)
(30, -44, -44, 3, -7, -3)
(31, -46, -44, 4, -7, -1)
(30, -46, -46, 4, -6, 0)
(29, -48, -45, 4, -6, 0)
(30, -48, -45, 2, -5, 0)
(31, -48, -46, 0, 0, 0)
(30, -49, -48, -5, 2, 0)
(31, -48, -51, -9, 4, 1)
(30, -46, -54, -12, 6, 1)
(29, -44, -57, -16, 6, 0)
(31, -42, -61, -19, 3, -2)
(36, -38, -68, -19, 4, -2)
(44, -31, -76, -17, 8, 0)
(50, -22, -88, -19, 10, 9)
(58, -19, -100, -17, 12, 23)
(70, -20, -120, -1, 15, 39)
(82, -17, -127, 25, 18, 58)
(81, -12, -127, 48, 17, 80)
(79, -15, -127, 79, -3, 108)
(77, -27, -127, 113, -28, 127)
(83, -38, -127, 127, -40, 127)
(87, -33, -127, 127, -45, 127)
(92, -10, -127, 127, -32, 127)
(91, 17, -126, 127, -4, 127)
(66, 36, -112, 127, 9, 127)
(34, 39, -86, 127, 1, 127)
(12, 50, -67, 127, -11, 127)
(-3, 104, -42, 127, -36, 127)
(9, 126, -52, 127, -97, 127)
(24, 127, -41, 127, -105, 127)
(23, 127, 0, 127, -106, 127)
(13, 127, 46, 127, -127, 127)
(3, 127, 101, 127, -127, 127)
(102, 127, 127, 127, -127, 105)
(107, 127, 127, 127, -8, 65)
(14, 115, 127, 56, 102, 33)
(-56, 83, 127, 0, 127, 1)
(-91, 70, 127, -30, 93, -39)
(-73, 56, 127, -44, 25, -57)
(-45, 47, 127, -48, -28, -55)
(-6, 39, 127, -50, -59, -47)
(29, 30, 127, -50, -42, -44)
(29, 20, 127, -50, 4, -42)
(8, 17, 127, -49, 30, -39)
(-6, 25, 127, -54, 43, -40)
(-20, 33, 126, -65, 44, -43)
(-24, 37, 118, -82, 37, -49)
(-15, 39, 90, -116, 32, -60)
(-10, 36, 76, -127, 35, -64)
(-6, 32, 62, -127, 39, -68)
(-2, 27, 49, -127, 42, -71)
(0, 19, 38, -127, 43, -75)
(0, 3, 20, -127, 40, -82)
(0, 2, 14, -127, 37, -87)
BatchID:  2




(19, -55, -37, -5, 7, -3)
(20, -55, -38, -7, 6, -3)
(20, -55, -39, -7, 7, -2)
(19, -57, -39, -6, 6, -2)
(21, -56, -39, -4, 5, -1)
(21, -55, -39, -4, 6, 0)
(21, -55, -39, -5, 7, 0)
(19, -57, -40, -4, 7, 0)
(20, -57, -40, -4, 6, -1)
(20, -57, -39, -3, 5, -1)
(20, -58, -40, -3, 4, -1)
(22, -56, -41, -1, 4, -1)
(23, -56, -42, -2, 5, 0)
(24, -57, -43, -2, 8, 0)
(24, -57, -44, -4, 10, 1)
(25, -57, -44, -7, 10, 1)
(28, -54, -48, -11, 11, 1)
(34, -52, -57, -21, 14, 3)
(38, -49, -64, -26, 21, 6)
(41, -41, -71, -30, 26, 8)
(46, -32, -82, -34, 26, 9)
(52, -27, -97, -33, 24, 10)
(57, -25, -115, -27, 15, 16)
(64, -29, -127, -15, 2, 26)
(72, -31, -127, 10, -9, 42)
(76, -24, -127, 51, -10, 65)
(77, -18, -127, 86, -15, 93)
(77, -17, -127, 119, -17, 123)
(70, -21, -123, 127, -16, 127)
(61, -18, -106, 127, -13, 127)
(52, -13, -95, 127, -14, 127)
(40, -14, -84, 127, -28, 127)
(29, -10, -73, 127, -46, 127)
(25, 13, -69, 127, -77, 127)
(33, 52, -78, 127, -126, 127)
(49, 114, -87, 127, -127, 127)
(50, 127, -65, 127, -111, 127)
(23, 127, -25, 127, -107, 126)
(8, 127, 30, 127, -127, 121)
(-3, 127, 78, 127, -127, 127)
(1, 126, 127, 127, -127, 127)
(82, 112, 123, 127, -127, 127)
(115, 127, 127, 127, -89, 75)
(56, 111, 127, 95, 49, 31)
(-23, 89, 127, 26, 118, 2)
(-69, 94, 127, -22, 94, -28)
(-79, 74, 127, -44, 17, -53)
(-29, 60, 127, -54, -34, -51)
(1, 51, 127, -56, -55, -42)
(27, 42, 127, -56, -41, -41)
(34, 36, 127, -58, -1, -45)
(23, 32, 127, -60, 34, -47)
(2, 30, 127, -59, 53, -47)
(-13, 40, 125, -65, 56, -50)
(-23, 44, 117, -78, 47, -56)
(-15, 50, 96, -115, 33, -67)
(-4, 45, 79, -127, 37, -72)
(1, 36, 62, -127, 48, -75)
(2, 26, 48, -127, 56, -76)
(-1, 18, 36, -127, 55, -76)
(-4, 7, 29, -127, 45, -76)
(-3, 1, 25, -127, 30, -77)
(1, 0, 17, -127, 20, -78)
(8, -3, 8, -127, 19, -79)
(13, -6, 1, -127, 27, -80)
(17, -9, -4, -127, 40, -84)
BatchID:  3




(17, -60, -37, 0, 0, -4)
(18, -60, -37, 0, -2, -4)
(19, -60, -36, -1, -3, -4)
(21, -60, -37, -1, -2, -5)
(21, -60, -37, -1, 0, -5)
(20, -60, -37, -2, 1, -4)
(20, -59, -39, -2, 1, -3)
(21, -61, -39, -2, 0, -3)
(22, -61, -38, -1, 2, -2)
(21, -59, -38, -1, 2, -2)
(22, -59, -38, -2, 0, -3)
(21, -59, -37, -2, 0, -4)
(22, -59, -37, -3, 0, -5)
(22, -59, -37, -3, -1, -5)
(22, -60, -36, -3, -2, -5)
(22, -60, -37, -1, -1, -4)
(21, -58, -38, -1, -1, -4)
(20, -57, -39, -1, -2, -3)
(21, -57, -40, -1, -4, -4)
(20, -56, -42, -1, -6, -5)
(19, -54, -44, 0, -13, -9)
(22, -49, -52, -3, -23, -15)
(28, -44, -59, -7, -33, -23)
(36, -37, -70, -13, -40, -27)
(51, -33, -88, -23, -39, -23)
(60, -29, -110, -16, -26, -7)
(59, -37, -127, -7, -23, 16)
(64, -42, -127, 22, -25, 41)
(67, -37, -127, 67, -9, 63)
(66, -26, -127, 110, 0, 87)
(60, -23, -127, 127, 8, 110)
(47, -27, -127, 127, 8, 127)
(42, -20, -123, 127, 4, 127)
(33, -3, -118, 127, -10, 127)
(25, 11, -102, 127, -38, 127)
(18, 17, -81, 127, -70, 127)
(40, 35, -50, 127, -111, 127)
(76, 127, -34, 127, -77, 127)
(67, 127, -25, 127, -35, 110)
(3, 127, 35, 127, -39, 124)
(-45, 127, 127, 127, -101, 127)
(-4, 123, 127, 127, -127, 127)
(103, 106, 127, 127, -127, 127)
(74, 77, 127, 127, 58, 110)
(-90, 71, 127, 127, 127, 55)
(-127, 66, 127, 108, 110, -9)
(-125, 70, 127, 55, -10, -56)
(-52, 79, 127, 5, -55, -67)
(-1, 56, 127, -35, -73, -55)
(23, 36, 127, -58, -44, -46)
(25, 17, 125, -66, -6, -44)
(14, 5, 123, -63, 29, -43)
(-7, 1, 122, -55, 49, -40)
(-27, 5, 121, -52, 46, -42)
(-40, 9, 120, -55, 29, -44)
(-45, 16, 117, -66, 3, -45)
(-36, 21, 111, -79, -17, -48)
(-23, 24, 100, -94, -20, -51)
(-12, 23, 89, -110, -8, -53)
(-7, 13, 77, -123, 8, -55)
(-8, 6, 68, -127, 21, -55)
(-9, 3, 59, -127, 27, -57)
(-10, 1, 54, -127, 29, -61)
(-8, 5, 50, -127, 26, -65)
(-5, 13, 40, -127, 26, -67)
(0, 12, 28, -127, 32, -68)
(1, 8, 20, -127, 42, -73)
(2, 3, 13, -127, 53, -80)
(-2, -6, 4, -127, 55, -85)
BatchID:  4




(24, -57, -35, 0, 6, 0)
(24, -56, -35, 1, 5, -1)
(25, -54, -35, 0, 4, -2)
(27, -55, -36, 0, 3, -3)
(27, -55, -36, 0, 5, -3)
(27, -54, -36, -2, 3, -3)
(28, -56, -37, -2, 3, -3)
(28, -54, -38, -1, 4, -3)
(29, -53, -38, -1, 4, -1)
(30, -54, -39, 0, 4, 0)
(30, -53, -38, 0, 4, 0)
(29, -52, -37, 1, 5, 0)
(27, -52, -36, 0, 4, -1)
(28, -53, -35, -1, 3, 0)
(29, -54, -34, -1, 4, 0)
(28, -55, -37, 0, 4, 1)
(30, -55, -38, 0, 4, 2)
(31, -55, -39, 0, 5, 3)
(34, -53, -42, 0, 6, 4)
(39, -51, -46, -1, 9, 5)
(50, -43, -55, -1, 11, 6)
(64, -36, -74, -2, 13, 8)
(80, -31, -97, 6, 14, 10)
(93, -9, -127, 20, -34, 41)
(121, -7, -127, 20, -32, 80)
(123, -20, -127, 68, -7, 124)
(109, -20, -127, 127, 6, 127)
(91, -33, -127, 127, 5, 127)
(77, -20, -127, 127, 11, 127)
(59, 6, -127, 127, 1, 127)
(39, 34, -116, 127, -30, 127)
(29, 103, -74, 127, -63, 127)
(38, 101, -84, 127, -91, 127)
(50, 127, -81, 127, -85, 127)
(49, 127, -59, 127, -77, 127)
(41, 127, -19, 127, -82, 127)
(15, 127, 41, 127, -83, 127)
(-19, 127, 105, 127, -127, 127)
(-20, 116, 127, 127, -127, 127)
(63, 127, 127, 127, -127, 127)
(116, 127, 127, 127, -104, 85)
(69, 127, 127, 85, 87, 41)
(-23, 127, 127, -1, 127, 12)
(-85, 127, 127, -47, 127, -17)
(-103, 108, 127, -79, 61, -42)
(-67, 86, 127, -90, -4, -51)
(-31, 76, 127, -100, -37, -45)
(-4, 58, 116, -101, -35, -43)
(3, 51, 111, -92, -4, -50)
(-3, 49, 109, -86, 23, -56)
(-12, 48, 103, -85, 44, -62)
(-23, 48, 94, -90, 56, -68)
(-28, 46, 80, -99, 57, -75)
(-29, 41, 70, -113, 54, -83)
(-27, 35, 58, -126, 42, -88)
(-22, 34, 44, -127, 26, -89)
(-15, 30, 35, -127, 10, -90)
(-9, 28, 26, -127, -4, -89)
(-3, 24, 14, -127, -15, -89)
(3, 17, 2, -127, -20, -89)
(10, 8, -5, -127, -14, -88)
(13, -2, -8, -127, -4, -89)
(15, -9, -8, -127, 4, -88)
(16, -11, -8, -127, 11, -87)
(20, -8, -14, -127, 19, -86)
(25, -10, -22, -127, 30, -83)
(26, -17, -28, -127, 40, -81)
(15, -32, -36, -127, 38, -82)
BatchID:  5




(20, -62, -30, 2, 0, -4)
(20, -62, -29, 3, 0, -4)
(20, -60, -27, 0, -1, -5)
(22, -60, -28, -4, 0, -4)
(21, -63, -29, -6, 1, -3)
(20, -65, -29, -7, 2, -1)
(20, -67, -31, -7, 2, -1)
(20, -68, -32, -7, 3, 0)
(19, -66, -32, -8, 5, 0)
(20, -64, -34, -11, 8, 0)
(20, -63, -35, -13, 10, 0)
(21, -62, -37, -15, 12, 0)
(20, -64, -39, -16, 12, 0)
(20, -65, -39, -13, 9, -2)
(23, -62, -37, -10, 9, -2)
(24, -58, -35, -10, 11, -1)
(25, -58, -36, -11, 13, 0)
(25, -59, -38, -11, 15, 3)
(25, -60, -39, -9, 17, 4)
(23, -61, -40, -7, 17, 5)
(24, -59, -40, -7, 15, 5)
(28, -56, -41, -11, 16, 4)
(33, -53, -46, -20, 18, 6)
(39, -50, -53, -28, 23, 7)
(41, -46, -67, -33, 26, 11)
(43, -44, -82, -28, 18, 17)
(47, -39, -101, -12, 7, 28)
(65, -28, -117, 9, 4, 42)
(82, -14, -127, 34, 15, 58)
(88, -4, -127, 53, 19, 76)
(78, -5, -127, 69, 12, 101)
(63, -20, -127, 101, 2, 127)
(57, -27, -120, 127, -2, 127)
(54, -23, -109, 127, -3, 127)
(47, -16, -99, 127, -1, 127)
(35, -5, -84, 127, -2, 127)
(21, 13, -72, 127, -9, 127)
(14, 81, -43, 127, -29, 127)
(12, 85, -62, 127, -83, 127)
(32, 114, -57, 127, -89, 127)
(23, 127, -16, 127, -113, 127)
(23, 127, -2, 127, -127, 127)
(24, 127, 10, 127, -127, 127)
(43, 127, 42, 127, -127, 127)
(68, 127, 107, 127, -127, 127)
(69, 127, 127, 127, -127, 118)
(90, 127, 127, 110, -11, 57)
(29, 127, 127, 15, 126, 10)
(-37, 120, 127, -45, 127, -24)
(-63, 108, 127, -62, 106, -54)
(-67, 98, 125, -58, 34, -62)
(-47, 90, 118, -49, -32, -59)
(-3, 82, 105, -44, -69, -52)
(30, 75, 101, -49, -47, -51)
(27, 63, 104, -60, 1, -54)
(7, 65, 108, -70, 22, -55)
(-3, 61, 109, -79, 31, -57)
(-14, 58, 105, -87, 32, -58)
(-18, 57, 100, -96, 23, -59)
(-15, 55, 92, -110, 17, -60)
(-12, 53, 83, -127, 13, -62)
(-7, 50, 72, -127, 14, -62)
(-4, 43, 64, -127, 16, -61)
(-3, 35, 55, -127, 17, -59)
(-5, 27, 47, -127, 18, -59)
(-8, 21, 40, -127, 17, -61)
(-9, 17, 34, -127, 11, -64)
(-6, 13, 24, -127, 5, -69)
(-2, 9, 18, -127, 3, -70)
(0, 2, 13, -127, 2, -67)
BatchID:  6




(17, -64, -43, -13, 7, -11)
(18, -65, -42, -10, 6, -11)
(19, -66, -42, -7, 7, -10)
(21, -64, -40, -5, 9, -7)
(21, -63, -37, -2, 12, -4)
(21, -61, -33, -1, 15, -1)
(20, -59, -32, 0, 17, 0)
(20, -57, -31, 0, 18, 2)
(18, -56, -31, 0, 16, 3)
(19, -56, -31, 1, 15, 2)
(19, -57, -30, 2, 14, 1)
(19, -57, -30, 0, 13, 1)
(18, -61, -30, 0, 10, 1)
(18, -62, -29, 0, 8, 1)
(20, -63, -30, -1, 6, 1)
(20, -65, -29, -1, 7, 1)
(20, -64, -28, 0, 8, 2)
(22, -62, -31, -4, 9, 3)
(23, -64, -34, -8, 13, 4)
(26, -63, -42, -14, 17, 5)
(30, -60, -50, -21, 22, 8)
(37, -54, -61, -25, 30, 14)
(44, -47, -75, -26, 34, 21)
(52, -45, -100, -14, 37, 29)
(56, -45, -127, 2, 32, 39)
(67, -34, -127, 31, 22, 51)
(76, -21, -127, 51, 0, 61)
(88, -21, -127, 68, -23, 76)
(90, -31, -127, 115, -30, 98)
(87, -38, -127, 127, -35, 127)
(86, -27, -127, 127, -22, 127)
(79, -12, -117, 127, -6, 127)
(61, 6, -102, 127, 9, 127)
(38, 37, -89, 127, 7, 127)
(6, 103, -59, 127, -26, 127)
(32, 127, -41, 127, -58, 127)
(36, 127, 0, 127, -61, 127)
(33, 127, 35, 127, -67, 127)
(8, 127, 65, 127, -66, 127)
(-18, 127, 100, 127, -95, 127)
(-10, 123, 115, 127, -127, 127)
(0, 127, 118, 127, -112, 127)
(1, 127, 127, 127, -70, 76)
(-6, 127, 127, 55, 8, 34)
(-39, 124, 127, -9, 90, 2)
(-74, 126, 127, -56, 66, -19)
(-63, 91, 127, -75, 18, -36)
(-45, 73, 127, -67, 2, -46)
(-30, 67, 127, -58, -11, -49)
(-21, 65, 127, -48, 16, -51)
(-40, 71, 127, -53, 18, -55)
(-44, 80, 126, -69, 11, -61)
(-43, 82, 115, -93, 10, -68)
(-38, 76, 102, -118, 7, -74)
(-30, 66, 89, -127, 5, -79)
(-22, 62, 74, -127, 3, -81)
(-15, 55, 58, -127, 2, -82)
(-9, 47, 46, -127, 1, -82)
(-6, 42, 33, -127, 0, -82)
(-4, 36, 20, -127, -5, -82)
(0, 31, 7, -127, -9, -81)
(5, 25, -1, -127, -8, -80)
(12, 17, -7, -127, 0, -80)
(16, 8, -14, -127, 10, -81)
(20, 4, -21, -127, 24, -81)
(24, 1, -28, -127, 44, -80)
BatchID:  7




(21, -60, -32, -2, 10, -5)
(23, -57, -32, -3, 6, -5)
(24, -58, -31, -4, 4, -6)
(26, -57, -32, -4, 4, -6)
(27, -59, -31, -4, 4, -6)
(27, -60, -30, -3, 5, -6)
(28, -59, -30, -2, 6, -4)
(29, -57, -30, -2, 8, -2)
(29, -56, -30, -4, 11, 0)
(28, -57, -31, -6, 11, 0)
(25, -59, -31, -6, 9, -1)
(25, -60, -30, -4, 4, -2)
(24, -58, -29, -3, -1, -2)
(30, -55, -28, -3, -5, -1)
(35, -54, -29, -6, -3, 0)
(37, -56, -31, -8, 4, 3)
(35, -58, -32, -8, 11, 8)
(34, -60, -33, -5, 13, 11)
(32, -59, -33, -5, 14, 12)
(32, -54, -35, -9, 15, 14)
(32, -52, -40, -19, 18, 15)
(31, -54, -44, -29, 21, 15)
(35, -48, -50, -40, 23, 14)
(37, -44, -62, -54, 26, 17)
(41, -44, -75, -63, 25, 25)
(45, -38, -89, -57, 28, 39)
(56, -24, -105, -47, 33, 54)
(72, -10, -127, -38, 47, 64)
(85, 3, -127, -26, 28, 78)
(84, -12, -127, -4, -1, 105)
(83, -35, -127, 75, -15, 127)
(95, -44, -127, 127, -14, 127)
(94, -30, -127, 127, -2, 127)
(82, 5, -127, 127, 1, 127)
(66, 36, -127, 127, -15, 127)
(47, 64, -116, 127, -41, 127)
(26, 80, -94, 127, -84, 127)
(45, 111, -96, 127, -116, 127)
(69, 127, -90, 127, -115, 127)
(91, 127, -76, 127, -111, 127)
(-6, 127, 98, 127, -127, 127)
(-20, 127, 127, 127, -127, 127)
(127, 127, 127, 127, -127, 127)
(127, 127, 127, 127, -50, 76)
(-94, 127, 127, 42, 127, 12)
(-55, 109, 127, -82, 59, -88)
(-13, 116, 127, -97, 122, -119)
(-93, 92, 127, -115, 1, -87)
(-5, 65, 112, -100, -125, -75)
(65, 42, 99, -67, -110, -64)
(100, 19, 107, -49, -20, -65)
(64, 21, 118, -41, 54, -67)
(33, 25, 119, -36, 73, -62)
(-4, 31, 125, -43, 54, -48)
(-26, 32, 116, -62, 7, -37)
(-16, 30, 103, -79, -28, -31)
(-1, 30, 94, -90, -36, -29)
(11, 33, 87, -102, -30, -29)
(18, 35, 74, -114, -11, -32)
(17, 34, 60, -125, 6, -35)
(18, 30, 48, -127, 24, -34)
(13, 23, 38, -127, 39, -32)
(6, 15, 30, -127, 44, -35)
(4, 12, 24, -127, 41, -37)
(3, 10, 19, -127, 35, -39)
(5, 9, 12, -127, 29, -39)
(9, 9, 2, -127, 31, -44)
(12, 7, -3, -127, 41, -45)
BatchID:  8




(20, -65, -33, -1, 1, -1)
(21, -64, -33, 0, 2, -1)
(21, -62, -33, 0, 4, -1)
(21, -61, -33, -2, 6, -1)
(20, -61, -33, -2, 6, -1)
(18, -60, -34, -2, 5, -3)
(18, -60, -33, -4, 1, -4)
(20, -63, -32, -3, 0, -5)
(23, -62, -34, -1, 0, -5)
(24, -60, -33, 0, 2, -4)
(24, -60, -33, 0, 4, -2)
(22, -62, -32, 3, 5, 0)
(21, -60, -31, 3, 4, 1)
(23, -58, -31, 2, 4, 1)
(23, -58, -31, -1, 4, 1)
(24, -61, -33, -3, 4, 2)
(24, -62, -36, -3, 6, 2)
(24, -63, -37, -4, 6, 3)
(27, -61, -40, -8, 6, 3)
(31, -58, -47, -17, 9, 5)
(35, -58, -55, -30, 15, 7)
(39, -57, -63, -38, 25, 7)
(37, -48, -71, -43, 25, 3)
(41, -41, -82, -52, 12, 0)
(50, -41, -103, -54, -2, 0)
(58, -42, -124, -44, -12, 10)
(75, -39, -127, 18, -17, 48)
(74, -34, -127, 59, -9, 78)
(71, -30, -127, 98, 2, 112)
(66, -27, -125, 127, 15, 127)
(54, -27, -111, 127, 12, 127)
(34, -18, -83, 127, -25, 127)
(33, -3, -73, 127, -45, 127)
(34, 26, -57, 127, -58, 127)
(34, 47, -45, 127, -74, 127)
(40, 62, -37, 127, -78, 127)
(42, 103, -15, 127, -58, 127)
(34, 127, 4, 127, -41, 125)
(14, 127, 15, 127, -39, 89)
(-15, 127, 39, 127, -51, 67)
(-48, 117, 73, 127, -123, 60)
(-33, 126, 84, 127, -127, 80)
(19, 120, 92, 127, -127, 127)
(57, 122, 89, 127, -24, 127)
(-37, 127, 127, 127, -3, 118)
(-78, 127, 127, 120, -23, 43)
(-29, 125, 127, 30, -24, -21)
(10, 120, 127, -29, 25, -55)
(1, 103, 127, -67, 55, -61)
(-19, 97, 127, -95, 45, -54)
(-29, 78, 116, -110, 13, -44)
(-22, 61, 103, -106, -18, -41)
(-6, 47, 102, -85, -36, -38)
(5, 39, 107, -62, -30, -32)
(4, 43, 108, -50, -10, -28)
(-2, 52, 103, -52, 9, -31)
(-11, 61, 96, -65, 22, -41)
(-18, 63, 77, -110, 20, -63)
(-15, 56, 63, -127, 18, -66)
(-11, 46, 51, -127, 13, -67)
(-7, 36, 40, -127, 8, -65)
(-4, 27, 32, -127, 3, -64)
(0, 20, 28, -127, -3, -65)
(2, 13, 24, -127, -7, -64)
(7, 7, 16, -127, -6, -65)
BatchID:  9




(16, -59, -34, -12, 11, -11)
(16, -59, -34, -13, 8, -12)
(17, -59, -36, -12, 6, -13)
(20, -58, -36, -11, 6, -13)
(21, -58, -36, -11, 8, -11)
(22, -58, -36, -10, 11, -9)
(21, -58, -36, -8, 12, -8)
(20, -58, -36, -7, 12, -8)
(19, -58, -35, -6, 9, -9)
(20, -57, -35, -6, 7, -9)
(22, -56, -36, -7, 6, -9)
(23, -56, -38, -7, 7, -8)
(23, -56, -37, -6, 6, -8)
(22, -55, -36, -5, 5, -9)
(23, -56, -36, -6, 3, -10)
(25, -55, -37, -6, 3, -9)
(25, -57, -38, -8, 3, -8)
(27, -58, -39, -10, 5, -8)
(28, -57, -41, -14, 6, -8)
(29, -58, -44, -20, 6, -9)
(33, -56, -49, -25, 7, -9)
(36, -51, -55, -34, 9, -6)
(40, -48, -61, -42, 11, -2)
(43, -44, -69, -46, 10, 1)
(44, -41, -81, -52, 6, 5)
(48, -42, -93, -48, -1, 12)
(56, -34, -104, -33, -3, 23)
(63, -26, -117, -19, -1, 37)
(68, -19, -127, -3, 4, 54)
(68, -16, -127, 16, 10, 73)
(62, -17, -127, 45, 10, 93)
(57, -25, -127, 90, 4, 113)
(53, -21, -119, 127, -3, 125)
(51, -14, -110, 127, -17, 127)
(52, -7, -101, 127, -31, 127)
(58, 5, -92, 127, -40, 127)
(56, 16, -84, 127, -54, 127)
(47, 22, -68, 127, -82, 127)
(35, 35, -39, 127, -108, 127)
(35, 29, -28, 127, -127, 127)
(54, 55, -24, 127, -114, 127)
(67, 122, -14, 127, -65, 127)
(62, 127, -35, 127, -67, 127)
(38, 127, -25, 127, -67, 125)
(-9, 127, 48, 127, -69, 127)
(-38, 127, 116, 127, -116, 127)
(9, 102, 127, 127, -127, 127)
(45, 127, 118, 127, -93, 116)
(-4, 118, 127, 127, 19, 74)
(-67, 78, 127, 70, 70, 27)
(-96, 82, 127, 34, 26, -24)
(-49, 93, 127, 9, -13, -57)
(-23, 81, 127, -10, -13, -61)
(-13, 75, 127, -31, -24, -49)
(1, 67, 127, -51, -24, -41)
(10, 52, 123, -62, -9, -43)
(5, 43, 126, -62, 10, -46)
(-4, 35, 127, -56, 18, -44)
(-14, 36, 127, -56, 24, -41)
(-19, 41, 127, -61, 25, -44)
(-19, 47, 123, -74, 26, -51)
(-16, 50, 115, -91, 32, -58)
(-16, 50, 105, -107, 40, -62)
(-17, 50, 93, -121, 46, -66)
(-17, 49, 79, -127, 48, -70)
(-17, 44, 66, -127, 49, -75)
(-18, 37, 54, -127, 47, -79)
(-20, 26, 46, -127, 42, -84)
(-20, 20, 39, -127, 27, -87)
(-7, 18, 19, -127, 1, -86)
BatchID:  10




(19, -56, -38, 2, 9, 5)
(19, -55, -37, 4, 8, 5)
(19, -55, -37, 5, 7, 5)
(19, -56, -36, 8, 6, 6)
(19, -56, -35, 11, 6, 7)
(19, -54, -35, 13, 5, 8)
(19, -53, -33, 14, 5, 9)
(17, -53, -30, 14, 4, 9)
(17, -52, -29, 13, 2, 9)
(16, -54, -28, 11, -1, 9)
(17, -57, -29, 11, -4, 8)
(18, -60, -29, 11, -4, 8)
(19, -62, -29, 11, -3, 8)
(15, -67, -29, 7, -3, 8)
(15, -70, -29, 6, -3, 8)
(16, -73, -31, 5, -1, 7)
(15, -76, -32, 4, 0, 5)
(14, -78, -31, 4, 0, 0)
(14, -76, -30, 0, -1, -2)
(16, -78, -30, -5, 0, -5)
(17, -79, -36, -16, 8, -4)
(15, -78, -39, -19, 10, -4)
(15, -69, -42, -27, 9, -6)
(23, -57, -50, -39, 8, -10)
(30, -50, -67, -56, 8, -11)
(39, -49, -87, -66, 2, -8)
(53, -43, -115, -57, -4, -1)
(67, -39, -127, -29, -16, 15)
(76, -42, -127, 17, -24, 39)
(88, -42, -127, 94, -27, 67)
(91, -34, -127, 127, -26, 104)
(90, -25, -127, 127, -10, 127)
(84, -13, -127, 127, 5, 127)
(71, 9, -127, 127, 21, 127)
(45, 41, -111, 127, 30, 127)
(20, 105, -76, 127, 16, 127)
(-6, 104, -63, 127, -38, 127)
(11, 104, -48, 127, -77, 127)
(22, 108, -32, 127, -74, 127)
(25, 121, -21, 127, -90, 127)
(33, 127, -8, 127, -103, 127)
(34, 127, 12, 127, -99, 122)
(19, 127, 41, 127, -115, 119)
(10, 127, 82, 127, -127, 122)
(53, 123, 127, 127, -127, 116)
(120, 127, 127, 127, -127, 89)
(125, 127, 127, 127, 16, 66)
(43, 127, 127, 47, 127, 60)
(-50, 121, 127, -11, 127, 43)
(-121, 93, 127, -41, 127, 2)
(-109, 61, 127, -45, 39, -38)
(-69, 62, 127, -33, -8, -54)
(-37, 68, 127, -31, -41, -48)
(-6, 62, 127, -43, -41, -45)
(6, 61, 127, -57, -15, -50)
(-3, 44, 125, -81, 28, -49)
(-16, 42, 117, -89, 39, -51)
(-21, 42, 106, -95, 37, -57)
(-18, 40, 98, -98, 35, -64)
(-13, 45, 89, -102, 37, -70)
(-8, 50, 76, -114, 42, -74)
(-6, 48, 63, -125, 49, -77)
(-8, 39, 51, -127, 52, -81)
(-9, 30, 40, -127, 49, -83)
(-12, 21, 36, -127, 42, -83)
(-14, 16, 34, -127, 29, -86)
(-11, 20, 30, -127, 13, -88)
(-5, 24, 21, -127, 2, -84)
(2, 22, 14, -127, 1, -80)
BatchID:  11




(30, -62, -44, -4, -4, -1)
(32, -65, -43, -3, -7, 2)
(34, -67, -44, 0, -5, 9)
(33, -67, -40, 5, 0, 15)
(28, -64, -34, 10, 8, 19)
(16, -57, -29, 7, 11, 19)
(9, -59, -27, 1, 6, 17)
(8, -60, -25, 0, 8, 14)
(2, -63, -21, 0, 10, 14)
(0, -63, -21, 2, 11, 14)
(0, -61, -23, 2, 9, 14)
(0, -63, -24, 3, 4, 11)
(3, -62, -24, 7, 3, 8)
(8, -58, -24, 0, 5, 1)
(12, -59, -30, -4, 3, -1)
(17, -61, -35, -6, -1, -5)
(24, -62, -41, -6, -5, -7)
(27, -65, -45, -3, -10, -7)
(30, -66, -47, 3, -12, -5)
(27, -60, -54, 7, -23, 2)
(33, -53, -62, 12, -28, 8)
(42, -42, -71, 16, -26, 13)
(51, -35, -82, 21, -21, 17)
(58, -37, -101, 33, -20, 23)
(60, -43, -125, 59, -23, 35)
(57, -54, -127, 103, -29, 54)
(61, -50, -122, 127, -28, 81)
(67, -27, -115, 127, -25, 109)
(66, -13, -117, 127, -28, 127)
(56, -9, -102, 127, -29, 127)
(42, -10, -76, 127, -34, 127)
(31, 0, -56, 127, -50, 127)
(43, 30, -53, 127, -88, 127)
(59, 82, -35, 127, -52, 127)
(45, 104, -10, 127, -23, 127)
(25, 111, 18, 127, -8, 110)
(0, 117, 40, 127, -14, 115)
(-51, 127, 85, 127, -94, 127)
(-78, 110, 127, 127, -127, 127)
(112, 127, 127, 127, -127, 90)
(102, 127, 127, -9, 75, 72)
(-43, 94, 127, -98, 127, 47)
(-116, 38, 127, -92, 127, -15)
(-127, -16, 127, -45, 127, -74)
(-127, -6, 127, -19, 30, -91)
(-81, 32, 127, -13, -100, -81)
(4, 41, 125, -15, -119, -54)
(46, 39, 127, -32, -54, -54)
(31, 30, 127, -59, 16, -57)
(3, 17, 127, -73, 55, -53)
(-27, 22, 125, -86, 57, -51)
(-39, 29, 109, -102, 33, -53)
(-36, 25, 94, -114, 14, -56)
(-33, 16, 83, -119, 0, -58)
(-28, 11, 74, -117, -5, -61)
(-23, 8, 67, -114, -9, -63)
(-21, 9, 59, -111, -13, -64)
(-19, 9, 53, -110, -19, -63)
(-15, 12, 45, -114, -26, -60)
(-9, 14, 38, -125, -29, -61)
(-1, 15, 30, -127, -26, -63)
(3, 8, 24, -127, -19, -61)
(4, 3, 21, -127, -11, -59)
(7, 2, 12, -127, -4, -58)
(9, 2, 3, -127, 2, -54)
(10, 5, -3, -127, 14, -52)
(15, 7, -15, -127, 29, -53)
BatchID:  12




(11, -65, -29, -2, 5, 2)
(11, -65, -30, -4, 5, 0)
(11, -67, -30, -4, 5, -2)
(10, -67, -30, -4, 5, -3)
(11, -66, -32, -3, 4, -3)
(13, -64, -33, -1, 3, -1)
(14, -61, -33, 0, 5, -1)
(13, -59, -31, -3, 7, -2)
(13, -60, -30, -7, 6, -3)
(14, -62, -33, -6, 6, -3)
(13, -61, -33, -4, 5, -3)
(14, -61, -34, -3, 3, -3)
(16, -61, -34, -1, 3, -2)
(17, -62, -35, 0, 5, -1)
(17, -61, -34, 2, 6, -1)
(16, -57, -32, 0, 8, -2)
(14, -60, -29, -6, 8, -3)
(12, -66, -30, -10, 5, -5)
(12, -68, -31, -12, 4, -8)
(9, -73, -32, -17, 1, -11)
(11, -74, -34, -24, 0, -15)
(15, -76, -42, -39, 6, -17)
(18, -75, -51, -52, 20, -16)
(16, -67, -56, -61, 31, -13)
(20, -57, -61, -69, 36, -10)
(30, -49, -70, -71, 41, -9)
(46, -33, -85, -59, 47, -6)
(77, -15, -127, -26, 45, 8)
(97, -13, -127, 10, 12, 26)
(119, -7, -127, 61, -16, 60)
(127, -4, -127, 122, -30, 113)
(127, -2, -127, 127, -17, 127)
(127, 1, -127, 127, 11, 127)
(109, 19, -127, 127, 31, 127)
(38, 94, -113, 127, 10, 127)
(-2, 110, -87, 127, -66, 127)
(22, 127, -70, 127, -87, 127)
(26, 127, -45, 127, -101, 127)
(44, 127, 16, 127, -105, 127)
(12, 127, 78, 127, -127, 127)
(25, 127, 118, 127, -127, 127)
(55, 127, 127, 127, 22, 51)
(-10, 127, 127, 46, 104, 24)
(0, 0, 0, 0, 68, 5)
(0, 0, 0, 0, 0, 0)
(0, 0, 0, 0, 0, 0)
(-75, 126, 127, -58, 36, -47)
(-42, 108, 127, -70, -1, -55)
(-15, 99, 127, -75, -19, -52)
(-31, 94, 124, -120, 42, -83)
(-29, 92, 107, -127, 35, -87)
BatchID:  13




(18, -65, -34, -1, 6, 0)
(17, -65, -34, 1, 6, 1)
(18, -62, -33, 1, 6, 1)
(17, -62, -31, 0, 6, 0)
(16, -64, -32, -1, 6, 0)
(16, -64, -32, -2, 5, 0)
(16, -65, -32, -2, 4, 1)
(17, -66, -32, -1, 4, 2)
(15, -65, -30, 1, 3, 3)
(16, -63, -30, 0, 4, 2)
(14, -63, -29, -1, 3, 2)
(14, -63, -31, -3, 2, 2)
(15, -64, -33, -3, 0, 2)
(15, -64, -35, -3, 0, 1)
(17, -62, -38, -5, 0, 1)
(20, -59, -44, -7, 0, 0)
(28, -47, -54, -11, 0, -2)
(39, -41, -72, -20, -3, -5)
(50, -40, -98, -20, -10, -7)
(61, -42, -127, -5, -20, -1)
(72, -39, -127, 21, -32, 19)
(84, -34, -127, 48, -31, 44)
(80, -50, -127, 87, -36, 70)
(67, -67, -127, 127, -44, 93)
(66, -62, -125, 127, -37, 119)
(67, -35, -114, 127, -21, 127)
(61, -13, -104, 127, -13, 127)
(45, 3, -88, 127, -9, 127)
(29, 30, -71, 127, -3, 127)
(21, 79, -60, 127, -82, 127)
(40, 106, -59, 127, -85, 127)
(54, 127, -56, 127, -70, 127)
(51, 127, -27, 127, -56, 127)
(43, 127, 17, 127, -50, 127)
(-1, 127, 65, 127, -76, 127)
(-38, 127, 115, 127, -127, 127)
(0, 127, 116, 127, -127, 127)
(59, 127, 121, 127, -127, 115)
(80, 118, 127, 124, -31, 69)
(36, 109, 127, 58, 66, 35)
(-1, 108, 127, 28, 100, 6)
(-37, 100, 127, 14, 98, -14)
(-52, 95, 127, 10, 58, -24)
(-36, 97, 127, -1, 18, -29)
(-28, 101, 127, -14, 0, -32)
(-24, 107, 127, -36, -7, -35)
(-25, 109, 127, -59, -3, -42)
(-24, 106, 127, -83, 0, -52)
(-17, 99, 118, -102, 9, -64)
(-13, 90, 106, -112, 22, -72)
(-12, 81, 93, -120, 35, -79)
(-13, 76, 80, -127, 42, -84)
(-16, 72, 66, -127, 46, -87)
(-20, 67, 51, -127, 41, -87)
(-21, 64, 39, -127, 26, -88)
(-18, 54, 27, -127, 11, -89)
(-13, 41, 20, -127, 4, -89)
(-9, 31, 14, -127, -1, -89)
(-4, 23, 7, -127, -5, -87)
(1, 18, -2, -127, -5, -84)
(2, 13, -7, -127, -4, -83)
(6, 10, -10, -127, -4, -85)
(11, 4, -14, -127, 0, -87)
(13, -2, -18, -127, 9, -90)
(13, -11, -23, -127, 15, -93)
(8, -21, -24, -127, 10, -92)
(7, -29, -24, -127, -4, -84)
BatchID:  14


