


(-70, -8, -3, 3, 1, 0)
(-70, -8, -3, 3, 3, -3)
(-70, -7, -3, 3, 4, -5)
(-68, -7, -2, 1, 2, -7)
(-63, -8, -3, 0, 0, -6)
(-56, -11, -6, -3, 1, -3)
(-56, -12, -7, -3, 5, -1)
(-59, -12, -8, -2, 8, 0)
(-62, -13, -8, 0, 9, 0)
(-66, -12, -8, 2, 7, 1)
(-68, -12, -7, 4, 3, 2)
(-71, -10, -6, 6, -1, 0)
(-68, -9, -6, 5, -5, 0)
(-66, -10, -5, 6, -6, 0)
(-64, -10, -6, 6, -4, 0)
(-64, -11, -6, 5, 0, -1)
(-65, -12, -6, 6, 2, -2)
(-66, -14, -6, 5, 4, -2)
(-67, -17, -6, 5, 5, -3)
(-68, -22, -7, 4, 5, -3)
(-67, -32, -9, 3, 7, -4)
(-70, -45, -11, 1, 9, -5)
(-72, -61, -14, 0, 12, -8)
(-79, -78, -16, -2, 15, -12)
(-92, -97, -17, -1, 15, -19)
(-101, -116, -15, 4, 6, -33)
(-84, -121, -16, 26, -18, -56)
(-68, -109, -17, 32, -22, -58)
(-51, -101, -15, 40, -20, -53)
(-39, -91, -12, 51, -14, -47)
(-29, -76, -8, 59, -10, -34)
(-21, -57, -3, 64, -10, -14)
(-15, -31, 2, 61, -16, 11)
(-8, 5, 6, 48, -19, 32)
(-3, 45, 3, 19, -22, 53)
(1, 77, 0, -6, -17, 85)
(-3, 109, -5, -15, -5, 122)
(-37, 127, -4, -9, 2, 127)
(-77, 127, -5, -3, 0, 127)
(-126, 127, -13, -14, -30, 127)
(-127, 127, -8, -42, -48, 127)
(-127, 95, -8, -45, -31, 75)
(-127, 42, -19, -41, 16, 2)
(-113, 17, -11, -15, 48, -63)
(-100, 30, -4, 18, 38, -85)
(-81, 56, -5, 30, 5, -97)
(-54, 63, 7, 39, -13, -100)
(-33, 82, 6, 39, -4, -102)
(-26, 94, 7, 22, 14, -106)
(-32, 85, 7, 11, 20, -103)
(-33, 72, 3, 10, 9, -97)
(-20, 60, -2, 12, -2, -83)
(-12, 48, -4, 13, -6, -65)
(-9, 29, 0, 13, -2, -48)
(-10, 3, 5, 6, 15, -11)
(-22, -5, 7, 1, 18, 7)
(-34, -11, 3, -7, 11, 27)
(-43, -21, 3, -13, 2, 42)
(-49, -29, 1, -14, 1, 57)
(-50, -35, -1, -19, 4, 70)
(-61, -39, -5, -27, 14, 81)
(-92, -50, -18, -56, 26, 82)
(-101, -64, -25, -63, 23, 76)
(-105, -76, -29, -61, 21, 69)
(-105, -79, -35, -54, 24, 58)
(-107, -82, -35, -47, 28, 44)
(-109, -83, -31, -33, 29, 32)
BatchID:  2




(-65, -10, -1, 1, -1, -2)
(-65, -11, 0, 1, -1, -2)
(-64, -11, 0, 2, -1, -2)
(-63, -11, 0, 3, 0, -2)
(-63, -11, 0, 3, 0, -1)
(-63, -10, 0, 3, 0, -1)
(-63, -10, 0, 0, 0, 0)
(-63, -11, 0, 0, 0, 0)
(-63, -11, 0, 0, -1, 0)
(-65, -9, 0, -2, -3, 1)
(-66, -10, 0, -5, -7, 1)
(-65, -10, 0, -5, -9, 0)
(-63, -9, -1, -4, -7, 0)
(-62, -10, -2, -5, -3, -1)
(-62, -10, -1, -5, 0, 0)
(-63, -10, -1, -5, 3, 0)
(-64, -11, -1, -4, 4, 0)
(-65, -11, -2, -3, 5, 0)
(-66, -12, -2, -2, 5, 0)
(-66, -12, -1, 0, 5, 0)
(-67, -12, -1, 0, 4, 0)
(-66, -12, -1, 1, 3, -1)
(-67, -12, -2, 1, 2, -1)
(-67, -13, -2, 2, 2, 0)
(-67, -14, -2, 4, 3, -1)
(-67, -14, -1, 5, 4, -1)
(-67, -11, 0, 5, 2, -2)
(-67, -12, 0, 5, 2, -2)
(-66, -12, 0, 4, 2, -2)
(-66, -13, 0, 3, 3, -2)
(-64, -15, -1, 3, 4, -1)
(-64, -19, -1, 1, 6, 0)
(-65, -25, -2, 0, 10, 0)
(-68, -33, -3, 0, 13, 0)
(-72, -43, -4, 0, 13, 0)
(-75, -53, -8, -4, 11, 0)
(-79, -61, -11, -7, 8, -2)
(-85, -71, -12, -9, 3, -5)
(-88, -80, -17, -3, -5, -8)
(-86, -86, -21, 4, -15, -13)
(-72, -100, -26, 26, -25, -29)
(-63, -98, -25, 41, -25, -31)
(-50, -88, -22, 56, -15, -26)
(-49, -74, -17, 65, -5, -15)
(-50, -64, -11, 66, -7, -7)
(-49, -49, -3, 64, -13, -8)
(-51, -26, 4, 48, -30, -14)
(-37, -4, 6, 28, -56, -4)
(-12, 11, 3, 13, -70, 23)
(12, 24, -2, 12, -64, 61)
(30, 48, -5, 28, -33, 97)
(25, 92, -2, 44, 10, 121)
(-13, 127, 2, 47, 35, 127)
(-49, 127, 2, 30, 26, 127)
(-88, 127, 7, 0, -4, 127)
(-112, 127, 19, -13, -47, 127)
(-103, 103, 14, -9, -58, 113)
(-100, 73, 1, -14, -28, 61)
(-106, 46, 4, -15, 2, 0)
(-87, 41, 11, 1, 11, -47)
(-66, 62, 14, 10, -17, -75)
(-49, 71, 12, 10, -22, -84)
(-38, 81, 3, 4, -12, -89)
(-32, 82, 0, -2, 0, -93)
(-31, 77, 0, -3, 9, -96)
(-31, 69, 0, -2, 8, -89)
(-28, 59, 0, -3, 1, -79)
(-25, 42, -1, -9, -5, -64)
BatchID:  3




(-66, -12, -2, 0, -1, 0)
(-66, -12, -3, -1, -1, -1)
(-65, -12, -2, -2, -2, -2)
(-65, -13, -2, -2, -2, -2)
(-63, -13, -2, -1, -2, -2)
(-62, -12, -3, -1, -2, -2)
(-62, -12, -4, -1, -1, -2)
(-62, -11, -3, -2, -1, -2)
(-62, -11, -3, -2, 0, -2)
(-63, -12, -2, -3, 0, -1)
(-63, -12, -2, -3, 0, -1)
(-63, -13, -2, -1, 0, 0)
(-64, -12, -2, 0, 0, 0)
(-64, -10, -2, -1, 0, 0)
(-65, -11, 0, -2, 1, 0)
(-66, -11, -2, -2, 2, 0)
(-68, -10, -1, -4, 3, 0)
(-70, -11, -1, -5, 3, -1)
(-70, -11, -2, -5, 3, -2)
(-70, -12, -1, -4, 3, -3)
(-70, -12, -2, -3, 4, -4)
(-69, -13, -3, -3, 7, -4)
(-66, -18, -6, -4, 10, -3)
(-65, -25, -7, -6, 15, 0)
(-70, -33, -9, -12, 17, 4)
(-81, -47, -10, -16, 13, 8)
(-90, -66, -10, -19, 2, 4)
(-94, -92, -15, -20, -10, -5)
(-92, -118, -23, -21, -17, -16)
(-93, -127, -30, -18, -16, -26)
(-96, -127, -35, -4, -10, -35)
(-94, -127, -36, 4, -7, -38)
(-86, -127, -41, 24, -10, -50)
(-69, -126, -40, 46, -14, -62)
(-31, -80, -25, 80, -26, -38)
(-14, -57, -15, 83, -40, 1)
(4, -32, -8, 86, -52, 48)
(20, 0, -1, 87, -45, 81)
(27, 63, 10, 70, -17, 89)
(4, 127, 14, 41, -9, 99)
(-18, 127, 21, 15, -31, 124)
(-42, 127, 23, 13, -69, 127)
(-42, 127, 26, 17, -79, 127)
(-39, 127, 18, 10, -46, 127)
(-64, 127, 5, -19, 29, 100)
(-127, 85, 3, -42, 77, 36)
(-127, 38, 9, -19, 57, -29)
(-127, 45, 6, 4, -10, -68)
(-73, 52, -1, 9, -60, -86)
(-21, 50, 6, 15, -58, -95)
(1, 62, 7, 26, -16, -97)
(-9, 73, 8, 21, 16, -100)
(-22, 74, 13, 15, 33, -102)
(-31, 72, 14, 12, 27, -97)
(-35, 66, 11, 8, 7, -89)
(-31, 54, 9, 5, -10, -80)
(-15, 32, 7, -1, 2, -60)
(-16, 11, 9, -6, 23, -47)
(-25, -14, 9, -10, 34, -33)
(-33, -23, 8, -11, 37, -13)
(-44, -26, 5, -16, 29, 4)
(-48, -32, 0, -21, 22, 20)
(-49, -47, 4, -21, 21, 28)
(-48, -63, 3, -17, 25, 33)
(-48, -71, 4, -18, 37, 38)
(-60, -76, 2, -24, 35, 42)
(-67, -69, 1, -31, 25, 51)
(-73, -62, -2, -43, 12, 66)
(-77, -61, -4, -47, 13, 69)
BatchID:  4




(-63, -24, -4, 4, 0, 0)
(-62, -25, -5, 5, 1, 0)
(-62, -26, -5, 5, 3, 0)
(-64, -25, -5, 5, 6, -2)
(-65, -24, -4, 4, 6, -5)
(-65, -24, -4, 2, 4, -6)
(-64, -25, -4, 3, 2, -6)
(-63, -25, -5, 4, 1, -5)
(-64, -24, -5, 7, 1, -4)
(-65, -22, -4, 10, 2, -5)
(-65, -20, -3, 12, 1, -5)
(-63, -18, -4, 11, 0, -4)
(-62, -17, -3, 10, 0, -3)
(-62, -17, -3, 10, 0, -2)
(-63, -16, -3, 10, 0, -2)
(-64, -16, -2, 8, 0, -2)
(-61, -19, -3, 7, 0, -2)
(-60, -24, -3, 6, 0, -1)
(-60, -30, -3, 7, 1, 0)
(-63, -39, -2, 6, 0, 0)
(-63, -52, 0, 7, -1, -1)
(-65, -65, 0, 7, -5, -3)
(-60, -79, 2, 8, -8, -6)
(-45, -105, -6, 10, -4, -3)
(-40, -112, -9, 18, 9, 2)
(-41, -118, -9, 30, 25, 6)
(-49, -117, -6, 46, 32, 9)
(-61, -95, 8, 54, 31, 3)
(-81, -61, 18, 30, 3, -26)
(-69, -49, 22, -4, -45, -35)
(-41, -40, 17, -25, -84, -17)
(-3, -28, 7, -32, -97, 17)
(27, -7, -1, -16, -75, 64)
(37, 36, -5, 8, -24, 108)
(-22, 118, 2, 19, 19, 122)
(-89, 127, 0, 6, -2, 127)
(-122, 127, 3, -12, -46, 127)
(-120, 127, 13, -7, -68, 127)
(-109, 122, 7, 6, -45, 127)
(-127, 87, -2, -9, 8, 82)
(-127, 41, -6, -20, 43, 7)
(-127, 17, 7, 0, 29, -62)
(-104, 30, 1, 18, -15, -71)
(-55, 43, -4, 12, -47, -76)
(-11, 27, 15, 21, -19, -74)
(-17, 42, 21, 18, 8, -72)
(-23, 47, 24, 4, 24, -72)
(-29, 40, 24, -6, 29, -65)
(-32, 33, 14, -12, 30, -59)
(-38, 24, 9, -14, 33, -50)
(-50, 18, 4, -10, 31, -43)
(-66, 15, 6, 5, 15, -45)
(-56, 12, 7, 5, 5, -41)
(-44, 4, 7, -1, 2, -32)
(-42, 1, 7, -6, 5, -19)
(-45, -1, 4, -12, 7, -7)
(-47, -4, 0, -15, 9, 0)
(-48, -11, -3, -13, 14, 1)
(-50, -17, -2, -5, 17, 3)
(-53, -18, 0, 0, 14, 7)
(-57, -13, 3, -1, 6, 12)
(-52, -15, -1, -13, -2, 18)
(-43, -24, -5, -22, 1, 30)
(-45, -28, -13, -22, 21, 42)
(-56, -33, -17, -20, 43, 46)
(-76, -46, -17, -14, 49, 44)
(-85, -53, -12, -6, 37, 41)
(-90, -46, -9, -9, 18, 37)
(-89, -44, -8, -24, -2, 35)
(-81, -49, -8, -32, -12, 32)
(-67, -54, -10, -33, 0, 28)
BatchID:  5




(-68, -11, -3, 2, 1, -1)
(-67, -11, -2, 3, 0, -2)
(-64, -11, -3, 3, -1, -2)
(-63, -12, -3, 4, -1, -1)
(-62, -12, -2, 4, 0, 0)
(-62, -12, -2, 5, 0, 0)
(-62, -12, -1, 5, 0, 0)
(-63, -11, -1, 3, 0, 0)
(-64, -13, -1, 3, 0, 1)
(-64, -13, -1, 4, 0, 1)
(-64, -13, -2, 4, 0, 1)
(-66, -12, -1, 3, 1, 0)
(-66, -12, -2, 2, 1, 0)
(-65, -13, -2, 1, 1, 0)
(-65, -15, -4, 0, 2, 0)
(-66, -17, -4, 0, 2, 0)
(-68, -20, -4, 0, 1, 0)
(-70, -26, -4, 0, 0, 0)
(-70, -35, -5, -1, -1, 0)
(-72, -47, -7, -2, 0, -1)
(-76, -59, -8, -2, 4, -3)
(-87, -72, -9, -2, 6, -7)
(-94, -85, -10, 0, 4, -15)
(-96, -98, -13, 3, -2, -24)
(-92, -108, -16, 10, -10, -31)
(-84, -110, -17, 21, -17, -35)
(-75, -110, -15, 33, -23, -35)
(-65, -102, -13, 43, -26, -35)
(-57, -88, -10, 47, -33, -35)
(-48, -75, -3, 47, -44, -32)
(-32, -57, -1, 42, -55, -22)
(-13, -43, 0, 34, -59, -4)
(9, -16, 0, 33, -45, 21)
(19, 16, -1, 32, -19, 54)
(18, 57, -2, 28, 9, 91)
(-14, 112, 0, 16, 30, 104)
(-46, 127, -2, 5, 14, 117)
(-74, 127, 3, 0, -14, 127)
(-99, 127, 8, 0, -47, 127)
(-96, 127, 7, -8, -55, 127)
(-85, 105, 2, -26, -21, 87)
(-110, 58, 2, -38, 26, 36)
(-106, 28, 4, -1, 19, -51)
(-76, 37, 0, 7, -19, -64)
(-47, 36, 3, 14, -38, -69)
(-23, 41, 7, 26, -30, -72)
(-14, 53, 10, 23, -7, -72)
(-13, 56, 13, 15, 17, -72)
(-22, 56, 13, 10, 33, -71)
(-33, 55, 13, 9, 39, -70)
(-41, 51, 11, 8, 34, -64)
(-46, 42, 14, 15, 22, -56)
(-48, 39, 13, 21, 10, -55)
(-40, 31, 12, 15, 5, -47)
(-34, 16, 14, 4, 6, -34)
(-32, 0, 9, -1, 13, -19)
(-39, -9, 9, -4, 21, -5)
(-52, -16, 6, -5, 18, 5)
(-59, -25, 9, -3, 8, 12)
(-55, -32, 12, 0, 0, 20)
(-52, -37, 12, -1, 0, 29)
(-47, -52, 13, -16, 8, 35)
(-53, -55, 12, -24, 21, 46)
(-66, -49, 3, -36, 27, 55)
(-80, -50, -4, -42, 31, 59)
(-89, -54, -9, -37, 35, 53)
(-92, -62, -11, -30, 32, 43)
(-86, -64, -12, -25, 29, 34)
BatchID:  6




(-62, -19, 0, 9, 1, -2)
(-62, -18, 0, 9, 1, -1)
(-62, -19, 0, 9, 1, -1)
(-64, -19, 0, 9, 1, 0)
(-64, -19, 0, 8, 0, 0)
(-64, -19, 0, 8, 1, -1)
(-64, -20, 0, 7, 2, -2)
(-64, -21, 0, 8, 1, -1)
(-65, -21, 0, 8, 0, -1)
(-67, -21, 0, 9, 0, -2)
(-72, -19, 0, 7, -5, -3)
(-74, -20, 0, 6, -11, -6)
(-75, -19, 0, 4, -16, -10)
(-73, -19, -1, 4, -14, -14)
(-68, -25, 3, 10, 4, -13)
(-70, -26, 7, 9, 9, -8)
(-71, -30, 9, 0, 2, -2)
(-67, -44, 10, -11, -7, 0)
(-63, -60, 8, -16, -12, -1)
(-55, -72, 0, -19, -12, -2)
(-53, -110, -16, -20, 16, -10)
(-62, -122, -20, -8, 26, -11)
(-65, -126, -18, 6, 26, -20)
(-67, -115, -14, 18, 11, -23)
(-66, -101, -15, 18, -15, -25)
(-55, -95, -16, 17, -47, -25)
(-31, -87, -13, 27, -63, -19)
(9, -50, -1, 51, -53, 27)
(14, -16, 7, 56, -32, 56)
(8, 32, 22, 39, -5, 66)
(-24, 78, 32, 8, -5, 63)
(-53, 104, 34, -18, -46, 91)
(-51, 105, 38, -7, -82, 127)
(-15, 127, 23, 52, -37, 127)
(-62, 127, 10, 8, 31, 127)
(-127, 127, 9, -62, 57, 105)
(-127, 47, 7, -59, 51, 46)
(-127, 25, -11, -27, 39, -38)
(-127, 16, -8, 5, -6, -71)
(-76, 40, -4, 37, -41, -79)
(-43, 54, 7, 34, -46, -90)
(-24, 58, 26, 35, -20, -90)
(-28, 72, 25, 20, 7, -93)
(-31, 64, 25, 1, 25, -94)
(-33, 52, 21, -1, 31, -87)
(-33, 44, 17, 2, 29, -76)
(-33, 41, 12, 12, 28, -69)
(-34, 39, 12, 19, 30, -65)
(-31, 32, 13, 22, 31, -63)
(-25, 23, 17, 21, 31, -56)
(-22, 14, 17, 19, 30, -43)
(-19, 4, 14, 13, 30, -28)
(-21, -12, 13, 7, 32, -12)
(-22, -30, 15, 2, 35, 0)
(-29, -36, 14, 0, 37, 12)
(-39, -46, 14, -13, 25, 23)
(-44, -48, 11, -19, 14, 35)
(-45, -49, 2, -31, 9, 48)
(-50, -56, -3, -36, 15, 58)
(-66, -59, -9, -36, 30, 63)
(-85, -56, -12, -32, 39, 59)
(-105, -54, -10, -28, 32, 47)
(-112, -52, -7, -22, 11, 35)
(-107, -50, -5, -19, -14, 27)
(-93, -49, -3, -15, -29, 23)
(-76, -48, -1, -11, -26, 20)
BatchID:  7




(-75, -15, -8, 0, 9, -9)
(-70, -14, -8, 1, 7, -10)
(-69, -14, -8, 2, 4, -10)
(-68, -12, -8, 3, 3, -12)
(-66, -13, -7, 3, 1, -12)
(-64, -15, -5, 6, 0, -12)
(-64, -15, -3, 8, 0, -10)
(-64, -17, -1, 8, -2, -10)
(-63, -21, 0, 8, -4, -10)
(-63, -28, 0, 6, -6, -9)
(-63, -35, -1, 5, -7, -8)
(-64, -40, 0, 5, -6, -9)
(-68, -44, 0, 5, -7, -11)
(-69, -50, 0, 4, -9, -14)
(-70, -57, -1, 4, -11, -17)
(-64, -67, -7, 7, -9, -20)
(-62, -69, -9, 10, -5, -18)
(-62, -71, -7, 17, -4, -15)
(-64, -71, -6, 25, -11, -12)
(-64, -65, -3, 30, -21, -12)
(-64, -54, 0, 28, -35, -19)
(-61, -48, 3, 17, -53, -24)
(-48, -47, 3, 11, -69, -20)
(-32, -49, 4, 11, -77, -5)
(-18, -45, 6, 18, -77, 15)
(-1, -35, 7, 28, -68, 43)
(7, -17, 9, 38, -50, 75)
(6, 15, 14, 42, -28, 101)
(-4, 55, 17, 32, -14, 116)
(-12, 83, 18, 19, -13, 127)
(-22, 107, 20, 16, -15, 127)
(-38, 127, 20, 22, -20, 127)
(-67, 127, 25, 20, -25, 127)
(-84, 127, 24, 13, -23, 127)
(-127, 127, 18, -22, 0, 127)
(-127, 89, -12, -66, 46, 68)
(-98, 9, -6, -57, 82, -69)
(-99, -5, 2, 3, 64, -87)
(-76, 27, 0, 40, 7, -68)
(-56, 42, 4, 27, -49, -69)
(-26, 31, 23, 28, -66, -65)
(-7, 41, 30, 34, -39, -63)
(-4, 58, 32, 17, 6, -67)
(-34, 56, 27, -11, 62, -74)
(-48, 47, 21, -12, 58, -70)
(-53, 39, 16, -3, 45, -66)
(-55, 34, 14, 3, 30, -63)
(-51, 33, 17, 10, 17, -62)
(-46, 35, 12, 7, 9, -61)
(-41, 24, 13, -3, 9, -56)
(-39, 15, 13, -4, 13, -49)
(-39, 6, 9, -7, 12, -39)
(-38, -6, 6, -12, 8, -27)
(-37, -14, 6, -12, 6, -13)
(-37, -18, 1, -14, 8, 0)
(-41, -26, 1, -19, 14, 9)
(-47, -34, 4, -19, 20, 17)
(-58, -38, 5, -18, 22, 21)
(-58, -44, 3, -22, 21, 24)
(-60, -46, 0, -24, 24, 32)
(-64, -45, -4, -28, 26, 39)
(-69, -45, -7, -30, 30, 45)
(-77, -43, -10, -31, 33, 44)
(-91, -46, -11, -27, 20, 31)
(-90, -43, -11, -23, 9, 25)
(-85, -43, -11, -21, 2, 19)
(-80, -45, -9, -14, 3, 18)
(-77, -40, -9, -7, 8, 17)
BatchID:  8




(-64, -14, 0, 0, 1, 0)
(-65, -14, 0, 1, 1, 0)
(-65, -14, 0, 1, 1, 0)
(-66, -14, 0, 2, 0, 0)
(-65, -14, 0, 1, 0, 0)
(-65, -13, 0, 1, 0, 0)
(-65, -14, 0, 0, 0, 0)
(-64, -14, 0, 0, 0, 0)
(-65, -15, 1, 0, 1, 0)
(-65, -15, 0, 1, 1, 0)
(-65, -15, 0, 1, 1, 0)
(-64, -16, 0, 0, 0, 0)
(-64, -18, 0, 0, 0, 0)
(-62, -22, -2, 0, 3, 1)
(-64, -28, -4, 0, 7, 2)
(-67, -35, -5, 0, 11, 4)
(-74, -44, -5, 0, 12, 4)
(-84, -50, -4, 0, 8, 1)
(-91, -57, -3, -2, -1, -3)
(-91, -68, -1, 0, -12, -8)
(-85, -75, -2, 4, -22, -13)
(-77, -79, -4, 10, -26, -17)
(-61, -86, -9, 25, -22, -15)
(-55, -84, -8, 33, -14, -8)
(-58, -82, -6, 42, -9, -2)
(-65, -76, -2, 49, -16, 1)
(-66, -66, 3, 51, -36, 1)
(-45, -41, 9, 43, -82, 5)
(-24, -27, 10, 35, -95, 22)
(1, -10, 10, 31, -84, 47)
(21, 18, 9, 25, -48, 72)
(21, 51, 10, 16, -6, 87)
(8, 82, 8, 6, 22, 100)
(-8, 111, 6, 2, 34, 121)
(-34, 127, 7, 6, 30, 127)
(-63, 127, 8, 7, 7, 127)
(-83, 127, 5, -1, -10, 127)
(-103, 121, 0, -26, -14, 106)
(-127, 78, -3, -48, -4, 55)
(-127, 38, 3, -41, 6, -1)
(-91, 24, 8, -7, 3, -57)
(-65, 39, 3, 8, -8, -63)
(-41, 43, 1, 2, -21, -70)
(-30, 32, 13, 4, -25, -72)
(-18, 35, 16, 18, -12, -71)
(-13, 46, 14, 14, 11, -70)
(-16, 46, 17, 12, 39, -68)
(-31, 54, 15, 14, 59, -67)
(-49, 59, 13, 9, 59, -67)
(-62, 55, 15, 6, 41, -68)
(-62, 47, 14, 7, 15, -68)
(-48, 37, 14, 8, 0, -65)
(-35, 29, 14, 9, 1, -59)
(-30, 22, 13, 6, 13, -52)
(-34, 12, 12, 0, 28, -43)
(-39, 0, 10, -3, 32, -32)
(-43, -19, 9, -9, 29, -22)
(-47, -26, 12, -8, 23, -10)
(-48, -23, 8, -11, 15, 3)
(-48, -26, 6, -19, 13, 14)
(-47, -36, 3, -25, 17, 19)
(-44, -46, -1, -26, 31, 24)
(-54, -52, -3, -23, 45, 32)
(-66, -51, -4, -18, 48, 40)
(-80, -41, -4, -20, 42, 43)
BatchID:  9




(-66, -15, 0, 3, 0, -1)
(-66, -16, 0, 2, 0, -1)
(-66, -16, 0, 2, 1, -1)
(-66, -15, 1, 3, 1, -2)
(-65, -14, 0, 1, 0, -2)
(-64, -15, 1, 0, 0, -2)
(-63, -15, 0, 0, 1, -2)
(-63, -15, 0, 0, 2, -2)
(-63, -15, 0, 1, 2, -1)
(-64, -15, 0, 1, 1, -1)
(-65, -15, 0, 1, 0, 0)
(-64, -15, 0, 2, 0, -1)
(-63, -16, 0, 2, 0, 0)
(-63, -19, -1, 2, 1, 0)
(-63, -23, -3, 2, 1, 1)
(-65, -30, -4, 3, 2, 1)
(-69, -40, -4, 4, 4, 1)
(-75, -50, -3, 6, 4, 0)
(-84, -60, -1, 7, 1, -3)
(-90, -70, 1, 8, -6, -12)
(-90, -77, 3, 10, -13, -23)
(-85, -82, 4, 8, -19, -29)
(-74, -85, 2, 8, -18, -32)
(-66, -86, 1, 8, -13, -32)
(-61, -83, 0, 10, -7, -27)
(-64, -73, -3, 13, -8, -21)
(-71, -64, -3, 12, -23, -17)
(-75, -56, 0, 9, -51, -21)
(-78, -46, 1, 1, -94, -26)
(-62, -44, 0, -8, -127, -29)
(-29, -44, -4, -11, -127, -18)
(14, -36, -6, -4, -127, 9)
(42, -31, -2, 8, -102, 41)
(48, -13, 6, 36, -37, 81)
(28, 21, 13, 63, 14, 117)
(-1, 68, 25, 70, 41, 127)
(-41, 112, 33, 58, 24, 127)
(-65, 127, 39, 38, -23, 127)
(-66, 127, 44, 22, -62, 127)
(-51, 127, 39, 13, -57, 127)
(-51, 111, 26, -7, -7, 127)
(-101, 86, 13, -28, 54, 108)
(-127, 53, 1, -39, 107, 41)
(-127, 6, 10, -25, 93, -56)
(-112, 11, 16, 10, 24, -63)
(-29, 29, 10, 8, -65, -69)
(0, 25, 18, 18, -46, -61)
(8, 32, 22, 23, 2, -52)
(-6, 43, 28, 20, 47, -54)
(-23, 47, 28, 11, 71, -54)
(-39, 45, 26, 3, 77, -52)
(-60, 40, 18, 3, 53, -48)
(-61, 36, 15, 7, 39, -50)
(-56, 31, 16, 16, 32, -55)
(-50, 27, 16, 21, 26, -61)
(-45, 22, 18, 23, 21, -61)
(-42, 12, 13, 17, 16, -58)
(-39, 0, 12, 8, 13, -47)
(-44, -5, 9, -4, 8, -9)
(-47, -12, 8, -9, 9, -3)
(-52, -16, 6, -11, 12, 3)
(-55, -22, 3, -13, 16, 10)
(-59, -28, 1, -12, 21, 16)
(-63, -30, -1, -9, 25, 23)
BatchID:  10




(-64, -16, 2, 1, 1, -2)
(-64, -15, 2, 0, 1, -2)
(-64, -16, 2, 0, 2, -1)
(-64, -17, 2, 0, 2, -1)
(-65, -16, 2, 1, 1, -1)
(-65, -16, 2, 1, 0, -1)
(-63, -16, 2, 1, 0, -1)
(-63, -16, 2, 1, 0, -1)
(-63, -16, 2, 1, 1, -1)
(-64, -16, 3, 1, 2, -1)
(-64, -16, 3, 1, 1, 0)
(-63, -15, 4, 1, 1, 0)
(-63, -15, 4, 0, 1, 0)
(-64, -16, 3, 0, 1, 0)
(-64, -17, 3, 1, 1, 0)
(-64, -17, 3, 1, 0, 0)
(-63, -19, 4, 1, 1, 1)
(-65, -21, 4, 1, 2, 1)
(-65, -26, 3, 1, 3, 2)
(-65, -34, 1, 0, 4, 2)
(-65, -43, -1, -1, 8, 4)
(-79, -68, -4, -4, 15, 5)
(-90, -83, -5, -3, 8, 3)
(-92, -100, -6, 1, 0, 0)
(-88, -111, -8, 13, -9, -4)
(-79, -109, -7, 27, -14, -7)
(-72, -100, -7, 38, -13, -7)
(-64, -76, -3, 47, -18, -9)
(-60, -62, -1, 47, -27, -8)
(-56, -48, 2, 43, -45, 0)
(-44, -36, 2, 40, -64, 12)
(-33, -22, 2, 39, -70, 30)
(-17, -5, 2, 37, -64, 48)
(-6, 14, 6, 34, -47, 64)
(-4, 43, 9, 25, -26, 73)
(-11, 73, 11, 7, -13, 76)
(-16, 92, 12, -6, -14, 85)
(-18, 98, 13, -6, -18, 105)
(-20, 107, 14, 11, -16, 126)
(-30, 121, 11, 19, -7, 127)
(-46, 119, 7, 6, 1, 122)
(-67, 99, 9, -14, 12, 98)
(-105, 53, 13, -33, 8, 35)
(-90, 36, 8, -30, 0, -2)
(-64, 26, 5, -18, -2, -31)
(-47, 23, 3, -3, 0, -44)
(-41, 25, 6, 11, 0, -49)
(-41, 35, 13, 24, 2, -53)
(-37, 47, 15, 28, 9, -56)
(-36, 58, 16, 18, 24, -61)
(-42, 57, 15, 8, 43, -64)
(-54, 54, 14, 8, 59, -66)
(-64, 55, 15, 14, 63, -71)
(-70, 57, 12, 18, 55, -74)
(-68, 48, 13, 16, 41, -79)
(-62, 34, 14, 14, 24, -80)
(-53, 27, 12, 11, 9, -74)
(-44, 18, 8, 0, 0, -63)
(-34, 6, 7, -9, -1, -50)
(-30, -2, 3, -10, 9, -35)
(-33, -13, 1, -9, 21, -23)
(-40, -22, 3, -3, 30, -16)
(-48, -24, 5, 1, 29, -10)
(-53, -24, 6, -2, 17, -5)
(-52, -23, 4, -8, 6, 6)
(-51, -29, 1, -16, 3, 22)
(-50, -37, 2, -16, 8, 34)
(-49, -43, 1, -10, 27, 40)
BatchID:  11




(-66, -11, -4, 0, 0, 0)
(-66, -11, -5, 0, 0, 0)
(-66, -11, -5, 0, 0, 0)
(-66, -10, -4, 0, 0, 0)
(-66, -10, -4, 0, 1, -1)
(-66, -10, -3, 0, 1, -1)
(-66, -10, -3, 0, 0, -1)
(-65, -9, -4, 0, 0, -1)
(-64, -10, -4, 0, 0, -1)
(-64, -9, -5, 0, 0, -1)
(-64, -9, -4, 0, 0, -1)
(-63, -9, -5, 0, 0, -1)
(-63, -10, -4, -1, 0, -1)
(-63, -10, -4, 0, 1, 0)
(-64, -10, -5, 0, 1, 0)
(-66, -10, -5, 0, 1, 0)
(-67, -11, -5, 0, 0, 0)
(-67, -11, -5, 0, 0, 0)
(-67, -11, -5, 0, -1, -1)
(-66, -13, -5, 0, -1, -1)
(-65, -17, -7, -1, 0, -1)
(-67, -27, -8, -2, 1, 0)
(-71, -39, -7, -2, 2, 0)
(-78, -52, -6, -3, 2, 0)
(-87, -67, -3, -4, 0, -4)
(-97, -82, -2, -7, -6, -10)
(-106, -96, -6, -12, -12, -19)
(-104, -111, -9, -14, -23, -29)
(-98, -118, -11, -12, -29, -38)
(-85, -114, -12, -4, -33, -48)
(-72, -106, -13, 4, -38, -53)
(-56, -93, -13, 12, -43, -51)
(-39, -80, -11, 14, -47, -39)
(-20, -69, -9, 19, -47, -18)
(-8, -52, -5, 28, -39, 10)
(-4, -31, -2, 35, -32, 42)
(-5, 0, -1, 44, -28, 71)
(-4, 34, 4, 43, -23, 89)
(-7, 81, 9, 32, -16, 91)
(-18, 118, 14, 14, -24, 102)
(-32, 127, 23, 11, -42, 127)
(-40, 127, 29, 21, -57, 127)
(-44, 127, 22, 16, -51, 127)
(-52, 127, 14, -16, -19, 126)
(-78, 104, 14, -48, 19, 82)
(-104, 67, 8, -58, 45, 38)
(-101, 43, 0, -53, 55, -2)
(-86, 22, 0, -32, 44, -40)
(-67, 23, -1, -1, 19, -56)
(-52, 34, -2, 16, -3, -63)
(-36, 44, 5, 28, -11, -69)
(-25, 59, 11, 33, 0, -77)
(-23, 67, 18, 27, 17, -80)
(-29, 70, 20, 24, 38, -79)
(-40, 74, 16, 20, 47, -79)
(-50, 72, 11, 19, 46, -79)
(-53, 65, 8, 22, 34, -79)
(-48, 52, 7, 28, 18, -78)
(-39, 37, 6, 30, 8, -72)
(-31, 24, 7, 31, 8, -58)
(-30, 6, 7, 25, 11, -43)
(-32, -13, 12, 16, 11, -29)
(-34, -24, 17, 9, 9, -10)
(-38, -33, 17, 1, 3, 8)
(-39, -46, 15, -7, 0, 25)
(-40, -64, 14, -13, 6, 38)
(-48, -66, 7, -15, 18, 48)
(-63, -59, 2, -23, 25, 59)
(-77, -52, -1, -28, 27, 64)
(-91, -45, -8, -33, 27, 65)
BatchID:  12




(-64, -22, -9, -6, -1, 0)
(-65, -22, -8, -6, -3, 0)
(-67, -21, -7, -7, -6, 0)
(-66, -21, -7, -7, -9, 1)
(-66, -21, -8, -7, -11, 1)
(-65, -19, -7, -6, -12, 3)
(-65, -19, -6, -8, -12, 5)
(-65, -19, -4, -8, -11, 6)
(-65, -19, -5, -9, -11, 5)
(-63, -21, -5, -7, -10, 2)
(-60, -24, -7, -3, -5, -2)
(-60, -23, -7, 0, 0, -3)
(-60, -23, -8, 2, 4, -1)
(-64, -23, -8, 2, 4, 0)
(-66, -23, -6, 3, 1, 0)
(-65, -21, -6, 4, -1, 0)
(-65, -21, -8, 2, -2, -1)
(-64, -22, -7, 1, -1, -2)
(-61, -26, -7, 0, 0, -2)
(-59, -35, -9, 0, 4, 1)
(-62, -42, -9, -1, 5, 5)
(-65, -53, -7, -2, 2, 8)
(-69, -61, -6, -1, -4, 9)
(-72, -70, -3, 0, -10, 8)
(-72, -80, -4, 0, -17, 7)
(-71, -89, -3, 5, -23, 9)
(-66, -93, -6, 11, -25, 9)
(-65, -96, -7, 18, -27, 7)
(-64, -98, -8, 29, -29, 7)
(-61, -95, -9, 40, -28, 6)
(-57, -85, -7, 50, -25, 7)
(-55, -75, -6, 50, -27, 11)
(-52, -70, -1, 44, -38, 16)
(-45, -67, 2, 38, -50, 22)
(-33, -54, 1, 30, -58, 30)
(-16, -33, 2, 18, -56, 42)
(-3, -11, 4, 8, -39, 57)
(4, 16, 5, 1, -14, 69)
(2, 51, 6, -6, 4, 83)
(-1, 85, 7, -8, 12, 100)
(-40, 127, 13, 15, -4, 127)
(-59, 127, 17, 26, -21, 127)
(-80, 127, 7, 8, -34, 127)
(-85, 127, 1, -34, -5, 106)
(-119, 89, -4, -59, 41, 54)
(-123, 37, -9, -55, 61, -10)
(-76, 11, -8, -9, 83, -74)
(-69, 33, -12, 27, 68, -83)
(-62, 45, -13, 39, 34, -84)
(-58, 46, -6, 45, -4, -83)
(-47, 48, 0, 53, -28, -83)
(-31, 58, 0, 56, -31, -80)
(-19, 66, -1, 46, -13, -78)
(-19, 65, 1, 33, 12, -77)
(-28, 55, 7, 30, 38, -74)
(-41, 46, 11, 35, 53, -74)
(-50, 39, 13, 37, 52, -72)
(-45, 29, 10, 36, 49, -68)
(-41, 20, 7, 26, 51, -56)
(-45, 9, 8, 15, 59, -42)
(-53, 1, 9, 6, 58, -32)
(-65, -19, 11, -11, 27, -17)
(-62, -29, 14, -11, 9, -9)
(-56, -33, 14, -13, -4, -2)
(-52, -36, 9, -24, -17, 4)
(-45, -42, 6, -36, -21, 16)
(-46, -46, 1, -41, -22, 34)
BatchID:  13




(-62, -11, -8, -5, -1, 1)
(-62, -11, -6, -4, 0, 1)
(-64, -11, -6, -4, 0, 1)
(-65, -12, -7, -3, 0, 1)
(-66, -12, -6, -1, 0, 2)
(-66, -11, -7, 0, -1, 3)
(-67, -11, -6, 0, -1, 3)
(-68, -11, -6, 1, -1, 1)
(-67, -11, -6, 2, -1, 0)
(-66, -11, -4, 3, -2, 0)
(-66, -11, -5, 4, -1, -2)
(-65, -11, -5, 4, -1, -4)
(-66, -11, -4, 4, -2, -3)
(-65, -11, -5, 4, -3, -2)
(-64, -11, -4, 4, -2, -1)
(-66, -10, -5, 5, -1, 0)
(-67, -11, -5, 5, 0, 0)
(-70, -9, -6, 6, 0, -1)
(-72, -8, -7, 7, 1, -2)
(-75, -9, -9, 9, 3, -1)
(-75, -12, -11, 10, 5, -2)
(-77, -29, -16, 15, 14, -3)
(-80, -46, -17, 19, 14, -5)
(-88, -65, -16, 17, 7, -8)
(-93, -92, -19, 15, -4, -12)
(-101, -114, -25, 9, -14, -17)
(-98, -126, -33, 3, -22, -23)
(-102, -126, -39, 8, -22, -35)
(-105, -117, -38, 19, -21, -38)
(-98, -114, -41, 32, -26, -47)
(-78, -108, -41, 57, -33, -55)
(-48, -91, -34, 78, -34, -51)
(-18, -74, -24, 90, -31, -25)
(-3, -55, -15, 96, -21, 10)
(1, -7, 3, 79, -7, 59)
(2, 26, 10, 51, -2, 71)
(4, 57, 14, 12, -3, 80)
(3, 83, 18, -17, -8, 95)
(-2, 110, 20, -32, -25, 115)
(-7, 127, 20, -23, -50, 127)
(-9, 127, 18, 8, -65, 127)
(-17, 127, 14, 30, -55, 127)
(-46, 127, 3, 6, -21, 127)
(-97, 127, 5, -53, 25, 93)
(-127, 79, 10, -77, 36, 35)
(-123, 16, 6, -44, 39, -50)
(-85, 24, 7, -1, 22, -91)
(-49, 46, -2, 16, 1, -87)
(-20, 50, 22, 35, 6, -92)
(-24, 76, 21, 30, 26, -98)
(-27, 79, 21, 8, 39, -104)
(-34, 70, 18, 1, 43, -104)
(-43, 65, 9, 3, 31, -99)
(-44, 58, 1, 11, 12, -97)
(-42, 55, -3, 22, -3, -94)
(-30, 45, -3, 22, -10, -88)
(-22, 28, 3, 19, -2, -81)
(-19, 6, 6, 14, 7, -71)
(-21, -7, 11, 9, 10, -50)
(-25, -19, 10, 0, 2, -23)
(-25, -33, 7, -10, -3, 6)
(-30, -54, 5, -20, -1, 22)
(-35, -81, 6, -23, 0, 34)
(-37, -87, 5, -17, 7, 45)
(-46, -78, 5, -16, 14, 55)
(-56, -63, 3, -19, 14, 66)
(-66, -53, 0, -27, 19, 74)
(-76, -51, -5, -33, 25, 76)
BatchID:  14





(-65, -6, 3, 3, 0, 0)
(-65, -7, 1, 3, -1, 0)
(-64, -7, 1, 3, -1, -1)
(-64, -8, 2, 3, 0, -1)
(-63, -8, 1, 4, 0, -1)
(-63, -8, 2, 4, 1, -1)
(-64, -8, 3, 3, 0, 0)
(-64, -8, 2, 3, -1, 0)
(-63, -8, 2, 3, -2, -1)
(-63, -6, 2, 3, -1, -2)
(-62, -6, 2, 2, 0, -2)
(-62, -6, 2, 2, 1, -1)
(-62, -7, 1, 2, 3, 0)
(-65, -6, 1, 1, 3, 0)
(-66, -7, 2, 1, 1, 1)
(-66, -7, 1, 1, 0, 1)
(-63, -7, 1, 1, -1, 1)
(-63, -7, 2, 1, 0, 1)
(-64, -12, 1, 1, 4, 2)
(-66, -17, 2, 0, 5, 3)
(-69, -25, 5, 0, 5, 4)
(-75, -38, 9, 0, 0, 3)
(-83, -53, 14, -2, -7, 0)
(-89, -71, 17, -7, -16, -6)
(-96, -96, 20, -12, -25, -13)
(-92, -115, 22, -11, -30, -25)
(-82, -121, 22, -6, -28, -34)
(-64, -114, 20, 0, -13, -37)
(-48, -104, 17, 4, 10, -32)
(-41, -93, 13, 10, 35, -25)
(-44, -79, 11, 13, 45, -16)
(-56, -58, 8, 10, 32, -7)
(-54, -39, 9, 2, -4, 6)
(-43, -25, 6, -1, -42, 26)
(-20, -8, 4, 2, -64, 52)
(3, 24, 0, 13, -60, 82)
(7, 75, 2, 16, -34, 101)
(-18, 127, -4, 5, -29, 109)
(-36, 127, -15, -13, -35, 127)
(-55, 127, -12, -23, -45, 127)
(-70, 127, -3, -7, -44, 127)
(-82, 127, -4, -2, -21, 127)
(-112, 98, -13, -17, 13, 83)
(-127, 59, -12, -32, 37, 19)
(-106, 21, 7, -5, 36, -57)
(-79, 34, 9, 31, 21, -84)
(-52, 57, 0, 31, -1, -85)
(-36, 55, 8, 13, -23, -84)
(-18, 52, 10, 14, -26, -84)
(-7, 54, 4, 7, -19, -83)
(-10, 53, 6, 1, -5, -75)
(-18, 56, 4, 2, 7, -71)
(-26, 61, 0, 0, 16, -68)
(-33, 62, -3, -2, 22, -63)
(-37, 58, -7, -2, 26, -59)
(-42, 43, -1, 1, 26, -58)
(-44, 32, 4, 18, 24, -54)
(-43, 25, 4, 22, 17, -47)
(-39, 18, 7, 19, 12, -36)
(-36, 8, 10, 13, 8, -22)
(-34, -1, 8, 2, 5, -6)
(-31, -42, 7, -14, 16, 31)
(-36, -51, 8, -8, 33, 48)
(-51, -45, 9, -2, 48, 61)
(-69, -33, 6, -10, 55, 63)
BatchID:  2




(-65, -7, -6, 2, 2, 3)
(-65, -8, -6, 2, 1, 3)
(-65, -8, -6, 2, 1, 3)
(-66, -9, -5, 3, 0, 3)
(-66, -8, -5, 3, 1, 0)
(-65, -9, -5, 3, 1, 0)
(-65, -8, -5, 4, 0, 0)
(-66, -7, -4, 3, 0, 0)
(-65, -7, -3, 2, 0, -1)
(-64, -6, -4, 1, 0, -1)
(-64, -6, -5, 0, 0, -1)
(-62, -7, -6, 0, 1, -2)
(-62, -7, -6, 0, 3, -1)
(-63, -5, -7, 1, 4, 0)
(-64, -4, -7, 1, 3, 0)
(-64, -3, -8, 0, 1, 1)
(-63, -3, -10, -1, 1, 2)
(-64, -9, -12, -6, 5, 5)
(-65, -14, -12, -8, 7, 8)
(-66, -25, -11, -8, 8, 10)
(-72, -40, -10, -6, 7, 11)
(-82, -53, -6, -4, 0, 9)
(-91, -68, -1, 0, -10, 3)
(-97, -82, 0, 3, -25, -1)
(-95, -95, 0, 5, -39, -7)
(-89, -100, -2, 12, -47, -11)
(-80, -102, -3, 21, -47, -13)
(-73, -99, -2, 33, -42, -15)
(-67, -87, 3, 39, -38, -24)
(-65, -68, 8, 30, -38, -39)
(-64, -51, 13, 7, -54, -48)
(-60, -41, 15, -15, -86, -42)
(-41, -30, 10, -27, -117, -17)
(-9, -18, 2, -25, -123, 16)
(22, -3, 2, -5, -87, 50)
(29, 37, 7, 23, -26, 80)
(5, 95, 13, 41, 23, 97)
(-29, 127, 14, 36, 34, 118)
(-64, 127, 18, 21, 13, 127)
(-79, 127, 12, -2, -11, 127)
(-75, 127, 7, -24, -8, 127)
(-77, 110, -6, -29, 24, 91)
(-100, 73, -13, -37, 60, 43)
(-117, 42, -9, -29, 67, -3)
(-109, 27, -2, -5, 41, -41)
(-83, 37, -3, 13, 3, -64)
(-30, 47, 8, 23, -20, -78)
(-19, 56, 10, 23, -5, -80)
(-18, 64, 12, 16, 11, -79)
(-19, 65, 10, 9, 27, -78)
(-26, 62, 6, 8, 40, -74)
(-33, 59, 1, 10, 46, -68)
(-42, 51, -1, 19, 46, -62)
(-53, 45, 0, 27, 37, -58)
(-55, 37, 2, 29, 20, -52)
(-47, 25, 3, 23, 6, -45)
(-40, 7, 9, 18, 3, -33)
(-38, -3, 12, 16, 7, -22)
(-40, -10, 11, 10, 8, -9)
(-39, -18, 8, 0, 7, 7)
(-45, -45, 4, -16, 16, 36)
(-55, -47, 2, -13, 22, 49)
(-67, -37, -1, -18, 29, 55)
(-75, -36, -6, -27, 40, 53)
(-87, -41, -7, -29, 47, 44)
(-93, -48, -8, -27, 43, 35)
BatchID:  3




(-66, -6, -1, 3, 0, -3)
(-66, -6, -1, 1, 0, -4)
(-65, -7, -2, 0, 0, -5)
(-64, -8, -2, 0, 0, -4)
(-64, -9, -2, 0, 1, -2)
(-65, -9, -3, 0, 2, -1)
(-66, -9, -4, 0, 2, -2)
(-66, -9, -3, 1, 2, -2)
(-65, -8, -3, 0, 1, -3)
(-65, -8, -4, -1, 0, -4)
(-63, -10, -4, -2, 0, -4)
(-63, -12, -6, -2, 0, -3)
(-62, -12, -7, 0, 2, -1)
(-63, -14, -7, 1, 4, 0)
(-64, -16, -7, 1, 3, 0)
(-66, -21, -5, 3, 0, 0)
(-69, -26, -4, 1, -9, 2)
(-69, -40, -3, -1, -20, 2)
(-75, -88, -2, -3, -34, 1)
(-71, -106, 0, 14, -37, 0)
(-70, -106, -1, 29, -34, 0)
(-67, -97, -1, 36, -27, 0)
(-70, -84, 2, 37, -17, -6)
(-73, -69, 3, 27, -11, -15)
(-73, -63, 6, 16, -12, -20)
(-76, -59, 9, 7, -22, -16)
(-72, -57, 11, 4, -40, -7)
(-65, -51, 12, 6, -60, 3)
(-54, -30, 11, 14, -83, 19)
(-39, -6, 11, 19, -100, 39)
(-19, 26, 11, 19, -97, 51)
(-1, 61, 9, 10, -77, 65)
(3, 90, 8, 3, -45, 89)
(-12, 109, 11, 10, -23, 118)
(-29, 127, 13, 36, -9, 127)
(-45, 127, 6, 55, 2, 127)
(-64, 127, -4, 46, 18, 127)
(-96, 117, -6, 19, 30, 92)
(-127, 81, -1, -6, 30, 43)
(-127, 51, 3, -8, 16, -8)
(-91, 46, 6, -3, 4, -57)
(-52, 49, 2, -6, -1, -69)
(-29, 45, 0, -10, 0, -74)
(-24, 35, 3, -8, 0, -75)
(-16, 33, 5, 4, 2, -72)
(-14, 38, 6, 11, 7, -65)
(-17, 42, 5, 13, 31, -53)
(-28, 43, 5, 14, 42, -48)
(-40, 45, 6, 15, 41, -46)
(-48, 44, 6, 14, 34, -45)
(-52, 41, 6, 15, 22, -50)
(-49, 39, 4, 18, 12, -51)
(-41, 34, 1, 19, 10, -45)
(-38, 16, 0, 19, 30, -35)
(-48, 5, 2, 17, 34, -26)
(-55, 1, 7, 15, 28, -13)
(-61, 2, 8, 8, 14, -3)
(-60, -9, 10, -2, -1, 7)
(-56, -16, 11, -4, -5, 17)
(-45, -46, 13, -10, 25, 31)
(-64, -33, 10, -10, 43, 34)
(-79, -27, 6, -25, 43, 34)
(-85, -30, 4, -35, 36, 35)
(-84, -38, 0, -38, 28, 35)
(-78, -45, -1, -32, 29, 35)
BatchID:  4




(-64, -7, -2, 1, 0, -1)
(-63, -7, -2, 2, 1, 0)
(-63, -7, -2, 2, 2, 0)
(-64, -7, -2, 1, 2, 0)
(-66, -6, -2, 2, 1, 0)
(-66, -6, -2, 1, 0, 0)
(-65, -6, -2, 2, 0, 0)
(-65, -6, -2, 2, 0, 0)
(-65, -5, -2, 2, 1, 0)
(-65, -6, -2, 2, 1, 0)
(-65, -5, -2, 3, 1, 0)
(-65, -4, -1, 1, 0, 0)
(-65, -6, -1, 0, 0, 0)
(-65, -7, -2, 1, 0, 0)
(-65, -7, -2, 2, 0, 0)
(-66, -7, -1, 2, 1, 0)
(-66, -7, -1, 2, 0, 0)
(-65, -8, 0, 2, 0, 0)
(-64, -9, 0, 1, 0, 0)
(-61, -13, -2, -1, 3, 0)
(-61, -23, -4, -2, 10, 2)
(-66, -35, -4, -2, 18, 5)
(-88, -55, -7, -6, 20, 2)
(-98, -71, -6, -8, 11, -3)
(-99, -84, -7, -4, -1, -12)
(-96, -95, -7, 2, -13, -20)
(-86, -97, -9, 15, -19, -24)
(-75, -95, -10, 27, -20, -23)
(-64, -92, -10, 40, -13, -19)
(-62, -84, -7, 51, -6, -15)
(-71, -68, -4, 53, -12, -17)
(-72, -55, 3, 42, -31, -19)
(-67, -36, 6, 26, -52, -24)
(-57, -22, 5, 4, -74, -17)
(-31, -11, 4, -6, -82, 2)
(-13, 4, 3, -5, -70, 27)
(2, 24, 3, 1, -42, 53)
(8, 58, 4, 13, -6, 80)
(-6, 103, 5, 14, 27, 92)
(-32, 127, 1, 3, 35, 100)
(-63, 127, 4, -14, 23, 118)
(-87, 127, 3, -28, -2, 121)
(-86, 84, -9, -42, -17, 77)
(-88, 56, -14, -41, 2, 36)
(-92, 33, -9, -29, 16, -6)
(-82, 26, -3, -3, 11, -35)
(-67, 39, -3, 11, -6, -50)
(-50, 45, -2, 11, -18, -57)
(-32, 46, 1, 14, -16, -63)
(-21, 52, 6, 20, 1, -66)
(-22, 58, 9, 20, 24, -69)
(-28, 61, 13, 18, 46, -72)
(-43, 65, 10, 14, 55, -72)
(-56, 67, 5, 10, 49, -72)
(-58, 63, 1, 11, 34, -72)
(-52, 46, -1, 16, 19, -71)
(-44, 31, 3, 23, 9, -67)
(-35, 20, 3, 24, 3, -56)
(-30, 12, 8, 15, 5, -42)
(-30, -2, 10, 0, 2, -21)
(-34, -17, 14, -9, 0, -2)
(-30, -27, 7, -20, 5, 16)
(-31, -40, 4, -26, 22, 28)
(-46, -46, 1, -23, 34, 37)
(-58, -46, 0, -20, 34, 46)
(-69, -49, 0, -18, 24, 50)
(-74, -46, 0, -18, 13, 51)
BatchID:  5




(-40, -26, 2, 23, -26, -34)
(-62, -29, 10, 3, -7, -24)
(-63, -30, 9, -2, -12, -20)
(-60, -33, 6, -8, -20, -15)
(-59, -36, 4, -8, -33, -10)
(-44, -31, 3, -8, -33, -4)
(-40, -19, 3, -8, 16, 7)
(-58, -16, 3, -13, 19, 12)
(-69, -17, 5, -14, 3, 14)
(-70, -18, 4, -12, -28, 20)
(-52, -15, 1, -4, -56, 31)
(-26, -6, 0, 4, -55, 45)
(-10, 12, 3, 8, -27, 54)
(-23, 38, 5, 6, 0, 57)
(-47, 43, 14, -2, 7, 72)
(-59, 42, 22, 0, -6, 92)
(-61, 49, 19, 1, -27, 105)
(-62, 46, 18, 0, -46, 115)
(-62, 43, 19, 13, -51, 126)
(-57, 40, 16, 27, -35, 127)
(-127, 60, -14, 39, 49, 110)
(-127, 37, -14, 14, 52, 52)
(-127, 17, 15, 29, 8, -43)
(-113, 43, 12, 42, -46, -72)
(-40, 53, 5, 21, -73, -64)
(17, 30, 14, 4, -3, -44)
(2, 39, 15, 7, 35, -41)
(-20, 44, 13, -2, 49, -40)
(-40, 40, 13, -9, 47, -38)
(-54, 38, 10, -6, 38, -40)
(-55, 39, 6, 1, 33, -49)
(-52, 44, 6, 9, 34, -58)
(-49, 55, -4, 5, 42, -71)
(-54, 45, -5, 3, 43, -71)
(-66, 46, 0, 17, 40, -70)
(-72, 59, -3, 26, 26, -68)
(-69, 57, -4, 22, 9, -68)
(-57, 49, -2, 25, 2, -67)
(-50, 43, -4, 21, 0, -64)
(-41, 29, 0, 18, 3, -53)
(-34, 18, 0, 17, 10, -40)
(-34, 9, 1, 13, 15, -25)
(-37, -5, 1, 5, 17, -11)
(-38, -20, 2, 3, 15, 3)
(-42, -34, 6, 2, 8, 20)
(-42, -45, 13, 2, 0, 34)
(-43, -47, 15, 0, -6, 52)
(-39, -47, 17, -8, -7, 73)
(-42, -49, 16, -20, -1, 92)
(-50, -55, 12, -32, 11, 100)
(-68, -65, 7, -40, 29, 102)
(-93, -66, 1, -41, 40, 99)
(-112, -61, -8, -45, 42, 89)
(-124, -64, -16, -49, 38, 69)
(-126, -69, -18, -44, 29, 49)
(-121, -68, -22, -35, 16, 32)
(-113, -65, -21, -25, 0, 17)
(-102, -56, -19, -15, -13, 3)
(-91, -48, -15, -8, -23, -6)
(-79, -37, -9, 0, -27, -12)
(-67, -24, -4, 5, -20, -16)
(-59, -13, -1, 5, -2, -18)
(-63, -1, -1, 2, 13, -20)
(-70, 5, -2, -4, 15, -21)
(-72, 7, -3, -9, 7, -21)
(-70, 9, -4, -12, -3, -20)
(-64, 9, -6, -13, -10, -18)
BatchID:  6




(-66, -4, -2, 1, 0, 2)
(-66, -4, -1, 1, 0, 1)
(-66, -4, -2, 0, 0, 1)
(-66, -4, -2, 0, 0, 0)
(-65, -3, -3, 0, 0, 0)
(-64, -4, -3, -1, 0, 0)
(-64, -4, -4, -1, 1, 0)
(-64, -3, -5, -1, 2, 0)
(-65, -3, -4, -2, 1, 0)
(-65, -2, -4, -2, 0, 0)
(-64, -2, -5, -2, 0, 0)
(-64, -2, -5, -2, 0, 0)
(-64, -3, -5, -1, 1, 0)
(-64, -3, -5, -1, 1, 0)
(-65, -3, -5, 0, 0, 1)
(-65, -3, -4, 0, 0, 1)
(-66, -3, -3, 0, 0, 0)
(-66, -3, -4, 0, 0, 0)
(-66, -4, -4, 0, 0, 0)
(-66, -6, -4, 0, 1, 0)
(-65, -9, -6, 0, 3, 1)
(-67, -14, -7, 1, 6, 1)
(-69, -19, -8, 2, 9, 2)
(-74, -27, -7, 3, 9, 2)
(-81, -38, -5, 4, 7, 1)
(-86, -48, -4, 5, 0, -2)
(-91, -61, -3, 6, -11, -6)
(-94, -71, -6, 9, -20, -7)
(-95, -81, -7, 13, -28, -6)
(-96, -91, -9, 24, -35, -7)
(-92, -97, -10, 36, -44, -14)
(-85, -96, -9, 46, -53, -24)
(-70, -92, -7, 54, -55, -33)
(-59, -82, 0, 56, -48, -45)
(-50, -76, 6, 51, -41, -50)
(-42, -59, 12, 39, -41, -42)
(-31, -45, 15, 20, -49, -21)
(-19, -33, 16, 11, -54, 5)
(-2, -10, 12, 11, -52, 35)
(13, 26, 7, 21, -25, 67)
(-4, 78, 6, 21, 3, 84)
(-41, 127, 0, 3, 2, 80)
(-55, 127, -3, -13, -23, 91)
(-57, 127, -6, -14, -42, 124)
(-55, 127, -6, -8, -33, 127)
(-62, 127, -9, -6, 5, 123)
(-87, 117, -14, -21, 42, 76)
(-120, 69, -7, -33, 61, 20)
(-126, 42, 4, -18, 49, -26)
(-102, 42, 0, 0, 13, -60)
(-66, 49, -5, 5, -15, -78)
(-38, 50, -3, 11, -24, -85)
(-18, 55, 0, 22, -12, -87)
(-11, 65, 2, 24, 8, -88)
(-15, 72, 5, 21, 27, -85)
(-23, 77, 7, 17, 36, -84)
(-31, 76, 6, 10, 33, -81)
(-34, 66, 4, 7, 23, -72)
(-35, 54, 1, 10, 9, -62)
(-30, 43, -2, 13, 1, -51)
(-22, 31, -1, 12, 4, -40)
(-18, 14, 2, 9, 18, -27)
BatchID:  7




(-62, -2, -2, -1, -2, -2)
(-61, -2, -3, -2, -1, -1)
(-61, -2, -4, -2, -1, -1)
(-61, -3, -5, -3, 0, 0)
(-61, -4, -6, -3, 0, 0)
(-62, -5, -6, -2, 0, 1)
(-63, -5, -6, -1, 0, 1)
(-63, -5, -6, -1, 0, 1)
(-63, -5, -7, -1, 0, 2)
(-63, -6, -6, 0, 0, 1)
(-63, -5, -6, 0, 1, 1)
(-64, -6, -5, 0, 1, 1)
(-63, -7, -5, 2, 1, 2)
(-62, -6, -5, 2, 1, 3)
(-64, -6, -4, 2, 2, 3)
(-65, -5, -4, 2, 2, 3)
(-67, -6, -4, 2, 3, 3)
(-69, -4, -4, 3, 3, 1)
(-70, -4, -4, 2, 2, 1)
(-71, -6, -4, 3, 1, 0)
(-71, -7, -3, 3, 0, 0)
(-69, -10, -5, 3, 0, -1)
(-69, -13, -6, 2, 0, 0)
(-68, -24, -6, 1, 5, 0)
(-76, -37, -3, 0, 8, 0)
(-85, -51, 0, 1, 6, -2)
(-95, -65, 1, -1, 0, -8)
(-102, -79, -4, -7, -8, -15)
(-106, -95, -11, -15, -13, -20)
(-103, -111, -16, -13, -15, -28)
(-97, -117, -20, 2, -14, -37)
(-87, -114, -18, 27, -13, -46)
(-70, -97, -18, 50, -10, -49)
(-54, -75, -15, 58, -6, -43)
(-49, -54, -9, 54, -9, -27)
(-49, -37, -4, 46, -31, -5)
(-37, -23, -2, 40, -55, 18)
(-17, -4, 1, 37, -64, 37)
(-1, 26, 3, 36, -59, 54)
(5, 65, 7, 27, -42, 72)
(-1, 103, 6, 11, -32, 90)
(-20, 127, 6, 0, -36, 115)
(-36, 127, 6, 0, -51, 127)
(-46, 127, 4, 0, -59, 127)
(-51, 127, -2, -12, -49, 127)
(-53, 118, -3, -31, -15, 96)
(-71, 79, -7, -41, 30, 53)
(-87, 45, -8, -36, 62, 6)
(-83, 26, -7, -12, 68, -38)
(-68, 28, -6, 17, 50, -67)
(-53, 40, -5, 31, 18, -79)
(-38, 46, 4, 41, -7, -79)
(-24, 62, 7, 48, -14, -78)
(-15, 77, 8, 36, -4, -78)
(-12, 78, 9, 20, 16, -75)
(-22, 74, 6, 12, 38, -71)
(-36, 70, 1, 9, 49, -65)
(-51, 58, 0, 10, 46, -60)
(-61, 43, 5, 20, 30, -55)
(-59, 40, 4, 30, 12, -47)
(-51, 37, 3, 22, 2, -37)
(-44, 20, 7, 8, 1, -27)
(-40, 1, 9, 1, 6, -14)
(-39, -16, 9, -4, 13, 2)
(-40, -35, 8, -13, 22, 20)
(-42, -49, 7, -17, 33, 36)
(-51, -51, 2, -18, 41, 52)
(-60, -48, -2, -27, 41, 59)
(-66, -55, -3, -34, 35, 63)
(-66, -65, -6, -35, 30, 62)
(-65, -66, -13, -35, 32, 61)
BatchID:  8




(-63, 0, -6, 0, 1, 0)
(-64, 0, -6, 0, 1, 0)
(-64, 0, -6, 0, 0, 0)
(-65, 0, -6, 0, 0, 0)
(-64, 1, -6, 0, 0, 0)
(-63, 0, -7, -1, 0, 0)
(-62, 0, -6, 0, 0, 0)
(-62, 0, -6, 0, 1, 0)
(-63, 0, -6, -1, 1, 0)
(-65, 1, -6, -1, 0, 0)
(-65, 1, -6, -2, 0, 0)
(-64, 0, -6, -1, -1, 0)
(-64, 1, -6, -1, 0, 0)
(-63, 0, -6, -2, 0, 0)
(-63, 0, -6, -1, 0, 0)
(-63, 0, -7, -1, 1, 0)
(-64, 0, -7, -1, 1, 0)
(-65, 0, -6, -1, 1, 0)
(-66, 0, -7, -1, 1, 1)
(-67, -3, -8, -2, 4, 1)
(-70, -14, -9, -3, 7, 2)
(-74, -25, -10, -4, 11, 2)
(-88, -55, -21, -11, 19, 1)
(-99, -75, -25, -15, 19, -3)
(-120, -95, -25, -9, 11, -13)
(-127, -99, -22, 8, -11, -24)
(-127, -98, -21, 24, -45, -36)
(-127, -94, -15, 43, -75, -51)
(-101, -78, -15, 61, -86, -61)
(-68, -57, -11, 61, -79, -63)
(-38, -44, -3, 52, -50, -62)
(-26, -33, 1, 44, -12, -50)
(-29, -23, 5, 38, 10, -31)
(-36, -9, 7, 29, 13, -10)
(-46, 5, 9, 23, -4, 6)
(-43, 19, 10, 18, -37, 24)
(-33, 44, 11, 10, -62, 37)
(-14, 66, 5, -6, -78, 55)
(2, 79, 1, -23, -72, 80)
(3, 84, 0, -20, -56, 110)
(-10, 98, 0, 1, -42, 127)
(-33, 115, 0, 16, -36, 127)
(-69, 127, 7, 12, -41, 127)
(-97, 116, 16, -9, -44, 109)
(-122, 86, 24, -29, -40, 61)
(-121, 49, 15, -34, -17, 0)
(-67, 40, 4, -21, 15, -53)
(-38, 40, -2, -7, 39, -71)
(-32, 45, -1, 3, 38, -78)
(-33, 48, 7, 12, 18, -74)
(-27, 58, 6, 15, 5, -72)
(-17, 63, 2, 4, 7, -75)
(-15, 59, 3, -2, 23, -78)
(-16, 57, 1, -3, 39, -78)
(-27, 52, -1, -2, 43, -75)
(-34, 47, -2, 3, 38, -69)
(-41, 47, -4, 8, 28, -64)
(-39, 45, -1, 12, 21, -59)
(-32, 40, -2, 10, 22, -54)
(-26, 28, 0, 8, 30, -47)
(-27, 10, 2, 8, 43, -37)
(-35, 1, 9, 11, 45, -22)
(-42, -1, 7, 3, 33, 0)
(-42, -14, 5, -10, 20, 19)
BatchID:  9




(-65, -2, -5, 0, 0, 0)
(-65, -1, -4, 1, 0, 0)
(-64, -1, -5, 0, 0, 0)
(-65, 0, -4, 0, 1, 0)
(-65, -1, -4, 0, 3, 0)
(-65, -1, -4, 0, 3, 0)
(-66, -1, -4, 0, 2, 0)
(-66, -1, -4, 0, 0, 0)
(-64, -1, -5, 0, -1, 0)
(-63, -2, -4, 1, 0, 0)
(-63, -1, -4, 1, 1, 0)
(-64, -1, -4, 0, 2, 0)
(-65, -1, -4, 0, 1, 0)
(-65, -2, -5, 0, 0, 0)
(-64, -2, -5, 0, 0, 0)
(-63, -3, -6, 1, 0, 0)
(-63, -5, -6, 1, 1, 1)
(-61, -12, -10, 0, 4, 2)
(-64, -21, -10, 2, 8, 4)
(-71, -32, -10, 3, 11, 5)
(-85, -49, -6, 2, 8, 4)
(-98, -67, -1, 4, -3, 1)
(-105, -83, -3, 6, -14, -4)
(-104, -103, -5, 5, -25, -13)
(-98, -110, -4, 18, -29, -20)
(-90, -102, -6, 31, -28, -23)
(-81, -91, -5, 40, -24, -25)
(-76, -77, -4, 46, -23, -25)
(-68, -40, -2, 34, -45, -26)
(-63, -26, 2, 20, -70, -24)
(-46, -11, 3, 12, -91, -14)
(-16, 7, 0, 8, -94, 7)
(6, 26, -1, 7, -73, 34)
(17, 49, 0, 12, -37, 62)
(-18, 125, 3, 27, 8, 115)
(-40, 127, 1, 20, 2, 127)
(-58, 127, -1, 4, -7, 127)
(-73, 127, -7, -20, -14, 127)
(-79, 104, -8, -35, -9, 96)
(-86, 66, -11, -35, 6, 56)
(-88, 42, -13, -25, 25, 10)
(-80, 27, -8, -6, 30, -29)
(-64, 28, -1, 16, 19, -54)
(-54, 40, 1, 28, 2, -63)
(-40, 49, 5, 29, -10, -67)
(-28, 55, 7, 26, -11, -71)
(-22, 57, 9, 19, -3, -72)
(-20, 57, 12, 15, 11, -69)
(-24, 61, 13, 16, 28, -69)
(-32, 66, 10, 11, 41, -70)
(-39, 63, 8, 6, 47, -68)
(-49, 57, 7, 4, 46, -63)
(-53, 47, 6, 4, 34, -56)
(-51, 39, 6, 7, 24, -46)
(-46, 33, 5, 5, 23, -34)
(-43, 22, 6, -4, 33, -25)
(-50, 7, 7, -10, 39, -19)
(-54, -5, 3, -13, 37, -9)
(-54, -20, 2, -17, 31, 3)
(-60, -31, 6, -16, 25, 14)
(-66, -35, 5, -18, 14, 23)
(-66, -36, 3, -22, 3, 33)
(-66, -34, 0, -29, 2, 39)
(-65, -35, -5, -34, 9, 40)
(-70, -39, -7, -36, 21, 38)
(-79, -45, -6, -32, 25, 34)
(-84, -43, -7, -26, 20, 32)
(-84, -39, -7, -26, 9, 28)
BatchID:  10




(-65, -5, -4, 0, 0, 0)
(-66, -5, -4, 0, 0, 0)
(-65, -6, -4, 0, 0, 0)
(-65, -7, -4, 1, 0, 0)
(-64, -7, -4, 1, 0, 0)
(-63, -7, -4, 1, 0, 0)
(-63, -7, -3, 1, 0, 0)
(-62, -7, -3, 0, 0, 0)
(-62, -7, -2, 0, 0, 0)
(-62, -7, -2, 0, 0, 1)
(-62, -7, -3, 0, 0, 1)
(-64, -5, -2, 0, 1, 2)
(-67, -4, -3, -1, 1, 1)
(-68, -4, -4, -1, 1, 1)
(-69, -4, -5, -1, 0, 0)
(-68, -5, -6, -1, 0, 0)
(-66, -6, -6, 0, 0, 0)
(-65, -10, -5, 0, 0, 0)
(-65, -14, -5, 0, -1, 0)
(-64, -23, -6, -1, 0, 1)
(-65, -34, -7, -1, 4, 2)
(-72, -49, -7, -4, 5, 1)
(-77, -66, -9, -4, 11, 0)
(-81, -86, -11, -8, 11, -3)
(-82, -104, -10, 0, 13, -6)
(-84, -107, -11, 11, 17, -8)
(-86, -99, -12, 23, 14, -7)
(-89, -87, -12, 31, 6, -7)
(-91, -75, -13, 33, -14, -9)
(-84, -64, -10, 36, -42, -14)
(-75, -49, -6, 34, -71, -19)
(-58, -31, -3, 27, -97, -18)
(-29, -15, -2, 16, -110, -6)
(2, 2, 0, 11, -94, 18)
(20, 28, 2, 7, -56, 44)
(21, 58, 1, 5, -13, 72)
(4, 83, 3, 4, 13, 99)
(-23, 112, 9, 11, 23, 124)
(-51, 127, 8, 13, 9, 127)
(-75, 127, 7, 0, -15, 127)
(-84, 127, 0, -23, -33, 127)
(-86, 106, -5, -40, -25, 102)
(-101, 72, -17, -50, 4, 62)
(-110, 33, -16, -43, 37, 7)
(-83, 5, -2, -1, 48, -52)
(-53, 46, -6, 37, 8, -70)
(-44, 46, 3, 30, -17, -71)
(-30, 49, 7, 33, -29, -71)
(-18, 57, 4, 26, -26, -70)
(-15, 54, 8, 15, -11, -69)
(-16, 50, 11, 13, 8, -67)
(-34, 51, 6, 8, 38, -56)
(-45, 49, 3, 8, 40, -50)
(-53, 46, 1, 8, 33, -45)
(-56, 37, 2, 9, 19, -42)
(-53, 31, 3, 14, 4, -37)
(-48, 27, 4, 16, -5, -26)
(-42, 22, 3, 12, -6, -13)
(-38, 14, 3, 6, 2, 0)
(-40, 3, 0, 0, 15, 7)
(-42, -10, 0, -2, 23, 14)
(-49, -25, 4, 0, 21, 22)
(-51, -34, 8, 6, 15, 29)
(-54, -34, 9, 8, 6, 40)
(-56, -28, 11, 2, 5, 55)
(-66, -19, 8, -9, 11, 64)
(-79, -19, 3, -22, 20, 63)
BatchID:  11




(-64, -3, -4, 4, 0, 0)
(-64, -2, -4, 5, 0, 0)
(-64, -2, -4, 5, 0, 0)
(-64, -2, -5, 5, 0, 0)
(-65, -2, -5, 5, -1, 0)
(-65, -3, -5, 6, -1, 0)
(-67, -4, -3, 6, -2, -1)
(-67, -5, -3, 6, -3, -1)
(-68, -6, -3, 6, -2, -2)
(-69, -8, -3, 5, 0, -2)
(-72, -9, -2, 5, 0, -3)
(-75, -10, -2, 5, -2, -5)
(-77, -12, -2, 5, -7, -7)
(-77, -16, -2, 4, -12, -10)
(-73, -21, -3, 4, -15, -11)
(-68, -28, -1, 5, -12, -12)
(-67, -32, 0, 7, -3, -12)
(-72, -36, 5, 6, 4, -12)
(-79, -40, 8, 2, 3, -13)
(-86, -46, 9, -1, -6, -16)
(-87, -54, 7, -6, -21, -22)
(-69, -76, 2, -3, -37, -28)
(-57, -90, 2, 0, -31, -27)
(-47, -97, 4, 11, -16, -23)
(-47, -92, 4, 17, -9, -15)
(-49, -79, 7, 18, -14, -3)
(-49, -55, 7, 12, -29, 8)
(-39, -36, 7, 1, -45, 20)
(-20, -14, 4, -2, -47, 40)
(0, 14, 3, -3, -25, 58)
(-7, 54, 4, -6, -2, 67)
(-21, 88, 2, -11, 2, 84)
(-40, 116, 2, -9, -9, 111)
(-53, 127, 2, 1, -25, 127)
(-73, 127, -1, -12, -14, 112)
(-87, 112, 4, -35, 13, 69)
(-100, 74, -3, -47, 46, 24)
(-102, 44, -8, -45, 64, -16)
(-88, 23, -10, -22, 58, -54)
(-75, 23, -9, 7, 32, -71)
(-58, 32, -5, 24, 0, -76)
(-39, 37, 4, 36, -16, -79)
(-24, 50, 10, 40, -14, -80)
(-20, 56, 14, 28, -4, -77)
(-21, 54, 18, 22, 8, -73)
(-26, 56, 17, 18, 17, -68)
(-32, 52, 18, 16, 20, -63)
(-36, 50, 14, 18, 23, -57)
(-45, 32, 12, 10, 18, -50)
(-48, 19, 15, 12, 12, -46)
(-50, 18, 12, 7, 0, -38)
(-51, 9, 7, -1, -10, -24)
(-44, -8, 2, -11, -10, -8)
(-40, -23, -3, -16, 4, 6)
(-51, -38, -3, -18, 18, 16)
(-64, -43, -1, -9, 23, 25)
(-76, -38, -1, -3, 17, 30)
(-81, -36, 0, -3, 8, 29)
(-78, -39, 5, -4, 3, 26)
(-73, -40, 5, -6, 5, 22)
BatchID:  12




(-64, -13, -7, 0, 1, 0)
(-64, -13, -7, 0, 1, 0)
(-65, -13, -7, 0, 2, 0)
(-66, -12, -7, 1, 3, 0)
(-67, -12, -6, 2, 2, 0)
(-64, -10, -6, 1, 0, -1)
(-63, -11, -6, 1, 0, -1)
(-62, -12, -7, 1, 1, 0)
(-63, -11, -7, 2, 2, 1)
(-67, -10, -7, 3, 3, 1)
(-68, -9, -7, 3, 1, 1)
(-69, -9, -7, 2, 0, 0)
(-67, -10, -7, 1, -1, -1)
(-65, -10, -7, 1, 0, -2)
(-66, -10, -7, 1, 0, -2)
(-66, -10, -7, 2, 1, -2)
(-66, -10, -7, 1, 1, -2)
(-65, -13, -9, 0, 1, -1)
(-65, -15, -10, 0, 1, 0)
(-67, -21, -10, -2, 0, 1)
(-68, -28, -9, -1, 0, 3)
(-70, -37, -10, -2, -1, 3)
(-73, -50, -9, -3, -3, 4)
(-78, -62, -6, -3, -7, 4)
(-84, -73, -7, -3, -11, 3)
(-90, -87, -9, -4, -16, 1)
(-88, -103, -11, 0, -21, -3)
(-83, -113, -14, 10, -22, -9)
(-72, -113, -16, 26, -17, -14)
(-62, -106, -17, 41, -6, -18)
(-59, -95, -14, 50, 2, -21)
(-70, -65, -4, 40, -36, -22)
(-59, -52, -2, 31, -74, -13)
(-39, -40, -2, 23, -105, 3)
(-9, -24, -2, 29, -110, 30)
(16, 6, -1, 39, -83, 61)
(13, 59, 2, 33, -44, 75)
(0, 102, 3, 16, -22, 79)
(-16, 127, 3, 0, -18, 99)
(-30, 127, 10, 8, -20, 127)
(-46, 127, 13, 31, -20, 127)
(-62, 127, 2, 18, -10, 127)
(-79, 127, -4, -25, 12, 100)
(-97, 87, -8, -52, 44, 54)
(-112, 45, -9, -45, 67, 5)
(-99, 25, -8, -17, 64, -39)
(-84, 28, -5, 10, 37, -61)
(-64, 41, -2, 25, 2, -69)
(-45, 49, 6, 29, -20, -74)
(-25, 57, 10, 31, -21, -77)
(-16, 64, 14, 22, -6, -77)
(-20, 67, 18, 16, 15, -77)
(-27, 72, 13, 8, 33, -75)
(-33, 69, 5, 2, 46, -73)
(-44, 61, -1, 4, 49, -68)
(-52, 49, -3, 10, 42, -63)
(-56, 32, 1, 21, 26, -61)
(-46, 27, 4, 26, 11, -54)
(-35, 22, 5, 19, 8, -39)
(-30, 7, 5, 7, 16, -24)
(-36, -16, 4, -1, 22, -10)
(-44, -39, 10, -1, 24, 4)
(-51, -44, 7, 0, 18, 18)
(-52, -41, 3, -8, 14, 30)
(-56, -40, 0, -16, 15, 40)
(-64, -44, -4, -20, 17, 45)
(-71, -50, -4, -16, 21, 47)
(-79, -47, -2, -7, 24, 45)
(-84, -41, 0, -5, 25, 41)
BatchID:  13




(-67, -7, -3, 0, 0, 1)
(-67, -7, -4, 0, -1, 0)
(-66, -8, -4, 0, -1, 0)
(-65, -8, -5, 0, -1, 0)
(-65, -7, -4, 1, -1, 0)
(-64, -6, -4, 1, 0, -1)
(-63, -6, -3, 1, 0, -1)
(-60, -7, -3, 0, 1, -1)
(-58, -7, -4, 0, 3, 0)
(-59, -8, -4, 0, 4, 1)
(-60, -9, -5, 0, 4, 2)
(-62, -10, -5, 0, 4, 3)
(-64, -10, -6, 1, 4, 3)
(-66, -10, -4, 1, 4, 3)
(-69, -9, -4, 3, 4, 3)
(-71, -7, -3, 3, 3, 3)
(-73, -6, -2, 4, 3, 1)
(-73, -5, -1, 4, 3, 0)
(-72, -5, -1, 3, 3, -2)
(-71, -6, -1, 3, 2, -3)
(-69, -6, 0, 3, 2, -4)
(-69, -5, 0, 2, 0, -5)
(-68, -4, 0, 1, 0, -5)
(-68, -4, 0, 0, -2, -6)
(-67, -5, 0, 0, -3, -5)
(-66, -5, 0, -1, -3, -5)
(-66, -6, -1, -1, -2, -4)
(-65, -8, -2, -1, 0, -4)
(-62, -14, -5, -3, 3, -2)
(-61, -26, -9, -6, 10, 1)
(-66, -42, -11, -9, 12, 6)
(-79, -58, -10, -10, 8, 8)
(-95, -80, -3, -8, -7, 4)
(-107, -98, 0, 0, -27, -7)
(-111, -112, -2, 1, -48, -17)
(-89, -127, -9, 16, -61, -38)
(-72, -127, -8, 35, -52, -46)
(-56, -109, -7, 46, -41, -48)
(-39, -85, -3, 48, -27, -40)
(-30, -67, 0, 42, -20, -22)
(-27, -51, 2, 38, -24, 0)
(-19, -26, 5, 38, -33, 24)
(-7, 5, 6, 40, -34, 45)
(0, 47, 8, 38, -21, 60)
(-16, 96, 10, 31, -18, 71)
(-27, 127, 7, 21, -30, 97)
(-31, 127, 7, 22, -44, 127)
(-44, 127, 3, 17, -43, 127)
(-59, 127, -1, 1, -23, 127)
(-75, 127, -8, -28, 15, 108)
(-106, 94, -17, -47, 55, 56)
(-127, 49, -17, -44, 71, 0)
(-119, 29, -14, -17, 52, -47)
(-92, 35, -9, 6, 16, -69)
(-31, 51, 1, 19, -27, -86)
(-9, 60, 3, 18, -16, -89)
(-8, 65, 10, 13, 3, -85)
(-17, 69, 10, 9, 20, -86)
(-26, 70, 9, 5, 31, -86)
(-34, 69, 6, 6, 35, -84)
(-38, 58, -4, 12, 29, -73)
(-35, 46, -1, 15, 26, -65)
(-31, 35, 2, 16, 27, -53)
(-29, 18, 7, 9, 24, -40)
(-29, -2, 13, 2, 20, -23)
(-29, -22, 17, -3, 10, -1)
BatchID:  14




(-65, -1, -3, -2, 0, 0)
(-64, -1, -3, -1, 0, 0)
(-63, -2, -4, 0, -1, 0)
(-62, -2, -3, 0, -1, 1)
(-62, -2, -2, 1, 0, 1)
(-62, -2, -2, 1, 0, 2)
(-63, -3, -2, 1, 0, 1)
(-64, -3, -1, 1, 0, 2)
(-65, -2, -2, 0, 0, 2)
(-66, -2, -1, 0, 0, 1)
(-65, -3, -2, 0, 0, 1)
(-66, -2, -2, 0, 0, 1)
(-66, -3, -2, -1, 0, 0)
(-66, -3, -2, -1, 0, 0)
(-67, -2, -2, -1, 0, 0)
(-67, -3, -2, -1, 0, -1)
(-67, -3, -1, -2, 0, -1)
(-68, -3, -2, -2, 0, -2)
(-68, -6, -4, -3, 3, -1)
(-68, -12, -6, -4, 9, 0)
(-72, -19, -6, -3, 16, 2)
(-81, -31, -5, -4, 16, 1)
(-90, -46, -3, -3, 10, -2)
(-95, -57, -5, -1, 0, -9)
(-101, -69, -8, -1, -13, -15)
(-98, -80, -13, 3, -22, -21)
(-94, -92, -21, 25, -24, -26)
(-85, -96, -24, 41, -24, -26)
(-76, -94, -24, 58, -21, -28)
(-64, -82, -21, 67, -16, -30)
(-54, -62, -12, 63, -4, -38)
(-53, -50, -6, 41, 5, -46)
(-57, -47, 5, 16, -22, -27)
(-44, -43, 8, 22, -49, -3)
(-25, -24, 8, 43, -61, 27)
(2, 15, 6, 63, -55, 63)
(6, 73, 14, 55, -25, 74)
(-18, 124, 10, 19, -20, 64)
(-30, 127, 9, -23, -30, 89)
(-45, 127, 16, -26, -41, 113)
(-53, 127, 5, -16, -45, 125)
(-50, 127, -7, -20, -26, 115)
(-56, 105, -13, -24, 13, 87)
(-83, 72, -18, -28, 45, 48)
(-111, 41, -8, -14, 45, 12)
(-107, 35, -3, 5, 17, -19)
(-49, 46, -2, 19, -31, -56)
(-27, 48, 1, 24, -27, -65)
(-16, 55, 7, 25, -13, -70)
(-13, 59, 11, 20, 2, -69)
(-18, 62, 11, 14, 15, -68)
(-25, 61, 8, 7, 20, -65)
(-28, 56, 4, 5, 23, -59)
(-31, 49, 2, 6, 23, -57)
(-33, 38, 3, 9, 21, -51)
(-33, 32, 4, 15, 20, -39)
(-34, 24, 2, 11, 21, -26)
(-35, 12, 7, 6, 27, -14)
(-47, -5, 9, -6, 26, 11)
(-51, -15, 7, -14, 22, 21)
(-54, -23, 4, -18, 22, 29)
(-54, -35, 0, -24, 22, 38)
(-58, -42, -5, -26, 28, 49)
(-72, -42, -8, -27, 33, 53)
BatchID:  2




(-65, -4, -7, 1, 1, 0)
(-65, -4, -7, 1, 0, 0)
(-66, -5, -7, 1, 0, 0)
(-65, -7, -7, 1, -1, 0)
(-65, -7, -7, 1, -2, 0)
(-65, -8, -8, 1, -2, 0)
(-64, -10, -8, 1, -2, 2)
(-64, -13, -9, 1, -1, 2)
(-66, -14, -9, 3, 0, 2)
(-68, -14, -9, 5, 0, 0)
(-69, -15, -10, 6, -3, -1)
(-71, -12, -7, 9, -5, -3)
(-70, -8, -7, 11, -6, -6)
(-67, -6, -5, 10, -3, -8)
(-64, -4, -5, 10, 0, -7)
(-62, -5, -4, 8, 3, -6)
(-63, -7, -3, 7, 6, -5)
(-66, -11, -2, 5, 3, -5)
(-65, -19, -2, 3, 0, -5)
(-67, -36, -2, -1, -5, -6)
(-67, -56, 1, -2, -8, -8)
(-70, -75, 0, -4, -9, -8)
(-73, -91, -1, -6, -7, -8)
(-79, -96, -4, -7, -3, -8)
(-96, -93, -5, -9, -10, -11)
(-110, -92, -6, -7, -39, -16)
(-110, -84, -8, 5, -73, -24)
(-98, -71, -8, 18, -101, -31)
(-75, -50, -4, 29, -122, -33)
(-47, -26, 0, 31, -127, -20)
(-16, 0, 7, 24, -112, -4)
(4, 29, 11, 13, -78, 17)
(10, 44, 11, 2, -39, 52)
(0, 58, 12, 11, -10, 85)
(-14, 82, 9, 30, 8, 112)
(-29, 116, 10, 44, 21, 127)
(-46, 127, 5, 37, 23, 125)
(-69, 127, -1, 4, 17, 113)
(-85, 106, 0, -20, 6, 92)
(-91, 69, -1, -16, 1, 66)
(-89, 51, -9, -9, 4, 31)
(-82, 33, -9, -2, 5, -7)
(-66, 26, 1, 15, 1, -34)
(-48, 36, 3, 27, -3, -49)
(-33, 41, 7, 23, -8, -57)
(-17, 40, 15, 23, -6, -57)
(-16, 48, 16, 23, 3, -54)
(-20, 54, 18, 16, 15, -53)
(-27, 59, 18, 12, 32, -57)
(-34, 63, 13, 7, 48, -60)
(-41, 63, 6, 5, 63, -59)
(-53, 54, 3, 5, 66, -58)
(-65, 44, 7, 14, 49, -55)
(-62, 41, 9, 22, 23, -48)
(-51, 41, 5, 16, 9, -41)
(-41, 25, 1, 2, 13, -31)
(-51, -20, 9, 5, 48, -12)
(-67, -22, 12, 11, 46, -6)
(-75, -20, 14, 2, 26, -1)
(-76, -25, 12, -9, 2, 6)
(-64, -35, 7, -23, -11, 13)
(-55, -50, 2, -32, -10, 21)
(-52, -55, 0, -30, 4, 28)
(-61, -49, -4, -27, 20, 32)
(-73, -41, -6, -28, 30, 30)
(-84, -40, -7, -29, 28, 27)
(-87, -38, -8, -25, 20, 22)
(-82, -36, -9, -20, 12, 18)
(-72, -33, -12, -14, 12, 18)
BatchID:  3




(-65, -4, 1, 0, 2, 1)
(-66, -5, 1, 0, 2, 0)
(-67, -5, 0, 0, 2, 0)
(-67, -5, 0, 0, 0, 0)
(-66, -5, 1, 0, 0, 0)
(-65, -5, 0, 1, 0, 0)
(-65, -5, 0, 0, 0, 0)
(-66, -4, 1, 1, 1, 0)
(-66, -4, 3, -1, 1, -1)
(-67, -4, 3, -2, 1, -1)
(-67, -5, 2, -1, 1, -1)
(-67, -5, 2, -1, 0, -2)
(-65, -6, 2, -2, -1, -3)
(-64, -6, 1, -2, -1, -2)
(-62, -13, -2, -3, 3, 0)
(-62, -19, -5, -4, 8, 3)
(-65, -30, -7, -6, 12, 7)
(-72, -42, -10, -6, 14, 8)
(-83, -55, -12, -5, 11, 5)
(-89, -79, -19, 1, 2, -6)
(-83, -90, -20, 9, 4, -12)
(-75, -90, -20, 22, 8, -14)
(-70, -87, -17, 32, 11, -14)
(-72, -79, -11, 44, 5, -11)
(-71, -64, -8, 49, -10, -10)
(-68, -50, -2, 45, -36, -11)
(-57, -37, 0, 39, -60, -8)
(-42, -28, 0, 34, -72, 3)
(-26, -16, 7, 33, -64, 11)
(-24, 5, 10, 32, -48, 27)
(-30, 24, 15, 28, -45, 52)
(-31, 43, 18, 29, -52, 78)
(-26, 67, 13, 31, -65, 100)
(-14, 127, 4, 27, -54, 127)
(-31, 127, 7, 13, -44, 127)
(-58, 127, 17, 3, -39, 127)
(-75, 105, 20, 5, -30, 114)
(-89, 89, 10, -3, -6, 76)
(-102, 66, 0, -21, 26, 20)
(-87, 38, 4, -20, 48, -35)
(-66, 31, 7, 2, 47, -64)
(-47, 40, 1, 13, 35, -70)
(-37, 45, 4, 14, 20, -76)
(-29, 46, 9, 17, 8, -77)
(-21, 52, 9, 18, 5, -78)
(-18, 54, 13, 13, 10, -77)
(-18, 58, 14, 12, 23, -79)
(-20, 61, 9, 6, 38, -81)
(-27, 60, 9, 3, 50, -77)
(-39, 58, 5, 4, 51, -71)
(-50, 48, 9, 7, 40, -69)
(-55, 46, 13, 16, 20, -64)
(-43, 43, 10, 15, 9, -57)
(-35, 34, 11, 7, 13, -52)
(-30, 21, 8, -2, 21, -39)
(-34, 6, 7, -11, 26, -21)
(-45, -13, 7, -17, 20, -5)
(-50, -33, 7, -17, 9, 7)
(-53, -45, 8, -12, 0, 19)
(-52, -52, 5, -15, 0, 28)
(-54, -49, 2, -20, 6, 37)
(-63, -41, 0, -26, 18, 44)
(-76, -35, -3, -31, 29, 45)
(-91, -35, -6, -33, 32, 43)
(-96, -42, -4, -26, 29, 36)
(-97, -42, -5, -16, 21, 29)
BatchID:  4




(-66, -3, 0, 0, 0, 0)
(-65, -3, 0, 0, -1, 0)
(-64, -4, 0, 0, 0, 0)
(-64, -4, 0, 0, 0, 0)
(-64, -4, 0, 0, 0, 0)
(-64, -4, 1, 0, 0, 0)
(-64, -4, 1, 0, 0, 0)
(-64, -4, 1, 0, 0, 0)
(-65, -4, 1, 0, 0, 0)
(-65, -4, 0, 0, 0, 0)
(-65, -4, 0, 0, 0, 0)
(-64, -4, 0, 0, 0, 0)
(-63, -4, 0, 0, 0, 0)
(-63, -4, 0, 0, 0, 0)
(-64, -4, 0, 0, 1, 0)
(-65, -4, 0, 0, 0, 0)
(-66, -4, 0, 0, 0, 0)
(-65, -5, 0, 0, -1, 0)
(-64, -8, -1, 0, 0, 0)
(-63, -13, -3, 0, 1, 2)
(-66, -24, -5, 0, 3, 3)
(-71, -32, -7, 0, 6, 5)
(-79, -45, -7, -2, 5, 5)
(-89, -62, -7, -2, 3, 1)
(-100, -97, -4, 1, -16, -17)
(-90, -106, -3, 11, -26, -24)
(-74, -99, -3, 19, -27, -23)
(-57, -89, -1, 27, -18, -19)
(-50, -70, 2, 32, -6, -16)
(-49, -51, 4, 27, -4, -13)
(-50, -35, 9, 16, -14, -8)
(-50, -21, 12, 6, -35, 1)
(-42, -8, 10, 1, -54, 19)
(-29, 3, 11, 2, -60, 31)
(-15, 26, 12, 13, -51, 47)
(-11, 54, 14, 24, -36, 66)
(-18, 88, 16, 30, -25, 82)
(-32, 121, 15, 30, -23, 101)
(-46, 127, 15, 24, -25, 122)
(-63, 127, 16, 10, -25, 126)
(-76, 115, 14, -3, -15, 104)
(-81, 91, 5, -18, 9, 72)
(-93, 63, -6, -30, 39, 30)
(-94, 33, -6, -26, 57, -12)
(-83, 23, -4, 0, 51, -45)
(-71, 31, -4, 19, 25, -57)
(-58, 40, -1, 26, -5, -62)
(-42, 43, 4, 30, -25, -64)
(-26, 51, 5, 30, -26, -63)
(-18, 55, 5, 20, -15, -61)
(-17, 50, 10, 13, 4, -59)
(-24, 49, 11, 14, 23, -58)
(-34, 54, 4, 11, 38, -57)
(-44, 52, 2, 11, 48, -56)
(-57, 50, 1, 15, 46, -56)
(-61, 42, 2, 19, 33, -56)
(-62, 36, 4, 25, 15, -52)
(-56, 31, 5, 24, 0, -47)
(-37, 8, 6, 3, -6, -26)
(-36, -6, 3, -6, 8, -15)
(-42, -22, 7, -11, 20, -5)
(-56, -30, 8, -7, 18, 5)
(-68, -38, 12, -5, 2, 15)
(-72, -44, 17, -6, -24, 20)
(-58, -44, 12, -13, -42, 27)
(-41, -45, 7, -22, -34, 35)
(-40, -46, 4, -27, -1, 38)
(-56, -43, 3, -27, 28, 39)
BatchID:  5




(-63, -8, -3, 1, 0, 0)
(-65, -8, -3, 1, 2, 0)
(-66, -10, -2, 0, 0, 0)
(-66, -10, -3, 1, 0, 1)
(-66, -10, -2, 2, -1, 0)
(-65, -10, -2, 2, 0, 0)
(-65, -9, -2, 2, 0, 0)
(-65, -10, -3, 0, 0, 0)
(-65, -10, -2, 0, 1, 0)
(-66, -11, -2, 0, 1, 0)
(-66, -12, -3, 0, 0, 0)
(-65, -13, -4, 1, 0, 0)
(-66, -14, -4, 2, -3, 1)
(-67, -16, -5, 2, -1, 1)
(-72, -21, -7, 2, 0, 1)
(-75, -26, -7, 1, -1, 0)
(-78, -35, -7, 1, -3, -1)
(-77, -47, -8, 1, -4, -4)
(-79, -64, -10, -1, -6, -6)
(-77, -82, -12, -1, -6, -8)
(-72, -102, -16, 9, 0, -9)
(-72, -99, -14, 20, 1, -6)
(-74, -94, -14, 31, -6, -5)
(-75, -77, -8, 42, -17, -12)
(-79, -54, -5, 38, -37, -26)
(-73, -40, 0, 26, -62, -35)
(-57, -29, 0, 16, -80, -32)
(-31, -21, 1, 12, -78, -17)
(-18, -13, 3, 16, -58, 1)
(-9, 4, 6, 22, -28, 23)
(-14, 33, 12, 28, 1, 43)
(-29, 66, 17, 26, 17, 62)
(-50, 96, 19, 16, 10, 81)
(-58, 108, 20, 6, -8, 100)
(-54, 111, 15, 2, -17, 112)
(-51, 107, 5, 0, -9, 112)
(-60, 92, 1, -8, 11, 98)
(-79, 73, 2, -14, 21, 76)
(-94, 52, 5, -14, 18, 51)
(-96, 40, 0, -11, 4, 22)
(-84, 32, -1, -7, -10, -4)
(-65, 23, -2, 1, -17, -25)
(-50, 21, 0, 13, -13, -40)
(-35, 27, 10, 24, 1, -49)
(-31, 42, 15, 25, 18, -53)
(-34, 50, 17, 16, 31, -53)
(-43, 51, 17, 6, 38, -54)
(-53, 50, 14, 0, 39, -56)
(-57, 48, 8, 0, 37, -55)
(-63, 45, 4, 2, 36, -59)
(-69, 41, 6, 8, 27, -63)
(-68, 41, 4, 15, 14, -64)
(-56, 36, 2, 13, 2, -60)
(-48, 24, 7, 10, 0, -50)
(-45, 19, 5, 6, 0, -37)
(-41, 8, 5, -1, 0, -23)
(-36, -3, 4, -4, 5, -12)
(-39, -36, 1, -7, 27, 3)
(-53, -41, 1, -5, 23, 12)
(-65, -39, 1, -11, 5, 19)
(-62, -36, -2, -17, -10, 29)
(-47, -34, -7, -18, 2, 34)
(-49, -36, -10, -14, 33, 37)
(-66, -39, -4, -11, 53, 35)
(-85, -36, -1, -13, 45, 33)
(-90, -39, 0, -23, 20, 30)
(-84, -42, -3, -29, -1, 27)
BatchID:  6




(-65, -9, -3, 1, 0, 0)
(-65, -8, -3, 1, 0, 0)
(-65, -9, -4, 1, 0, 0)
(-65, -8, -3, 1, 1, 0)
(-66, -7, -4, 1, 1, 0)
(-65, -8, -4, 1, 0, 0)
(-65, -8, -5, 2, 0, 0)
(-64, -8, -5, 2, 0, 0)
(-65, -7, -4, 3, 0, 0)
(-65, -8, -5, 2, 0, 0)
(-64, -7, -4, 2, 0, 0)
(-65, -8, -4, 2, 0, 0)
(-64, -9, -4, 3, 0, 0)
(-64, -10, -4, 3, 0, 0)
(-65, -12, -4, 3, 0, 1)
(-66, -18, -6, 2, 0, 1)
(-68, -27, -5, 1, 0, 2)
(-72, -38, -5, 0, -2, 2)
(-77, -50, -4, 0, -2, 0)
(-83, -62, -4, 0, -3, -2)
(-88, -72, -9, 1, -7, -5)
(-89, -87, -12, 1, -15, -8)
(-77, -92, -14, 20, -27, -11)
(-67, -85, -13, 31, -27, -11)
(-60, -75, -8, 40, -25, -10)
(-52, -57, -3, 42, -20, -13)
(-57, -38, 3, 33, -20, -25)
(-60, -25, 5, 14, -40, -30)
(-45, -19, 6, 4, -53, -15)
(-32, -12, 3, 5, -52, 9)
(-26, -3, 3, 13, -46, 29)
(-24, 10, 4, 27, -42, 51)
(-25, 35, 7, 39, -41, 73)
(-31, 68, 11, 34, -43, 78)
(-42, 91, 14, 18, -56, 80)
(-47, 95, 21, 12, -72, 98)
(-39, 102, 22, 21, -77, 121)
(-39, 111, 18, 19, -63, 127)
(-40, 107, 15, 3, -28, 121)
(-55, 93, 13, -19, 14, 93)
(-83, 63, 6, -37, 49, 53)
(-93, 31, 2, -36, 75, 15)
(-81, 15, -2, -15, 83, -21)
(-71, 15, -3, 5, 71, -43)
(-63, 23, 2, 22, 45, -53)
(-60, 33, 7, 28, 13, -58)
(-45, 42, 11, 29, -8, -58)
(-31, 49, 10, 21, -8, -57)
(-22, 49, 12, 13, 8, -55)
(-22, 47, 14, 11, 36, -52)
(-54, 51, 11, 8, 72, -43)
(-75, 51, 11, 8, 60, -44)
(-81, 50, 7, 6, 33, -46)
(-74, 45, 3, 2, 9, -47)
(-59, 34, 3, 2, -2, -47)
(-46, 24, 0, 2, 8, -32)
(-47, 9, 3, 0, 17, -28)
(-50, -2, 9, 5, 23, -24)
(-49, -11, 11, 5, 20, -20)
(-49, -20, 9, 0, 12, -12)
(-50, -25, 10, -10, 5, 0)
(-51, -28, 4, -19, -1, 11)
(-53, -37, 0, -25, -2, 22)
(-55, -43, -3, -21, 3, 31)
(-55, -47, -8, -19, 15, 36)
BatchID:  7




(-64, -10, -3, 0, -3, -1)
(-64, -9, -3, 0, -1, -1)
(-64, -9, -3, 0, 0, 0)
(-64, -10, -3, 0, 1, 0)
(-65, -9, -3, 0, 1, 0)
(-65, -10, -3, 0, 0, 0)
(-64, -10, -4, 0, -1, 0)
(-63, -10, -4, 0, 0, 0)
(-64, -10, -3, 0, 3, 0)
(-63, -10, -4, 0, 7, 0)
(-67, -9, -4, 0, 7, 0)
(-71, -9, -4, 0, -4, -2)
(-68, -10, -4, 0, -9, -3)
(-64, -9, -4, 1, -12, -4)
(-62, -9, -4, 1, -10, -4)
(-58, -11, -4, 1, -6, -2)
(-57, -13, -4, 2, 1, 0)
(-60, -18, -6, 1, 6, 2)
(-63, -27, -9, 1, 9, 5)
(-69, -38, -13, 0, 9, 8)
(-78, -54, -17, -3, 3, 8)
(-85, -75, -22, -5, -4, 7)
(-93, -102, -21, -2, -13, 3)
(-96, -120, -21, 9, -21, -2)
(-92, -119, -20, 24, -25, -4)
(-86, -109, -18, 40, -25, -5)
(-81, -93, -15, 55, -22, -7)
(-77, -75, -12, 61, -23, -15)
(-70, -54, -6, 59, -19, -25)
(-68, -30, -1, 48, -19, -35)
(-60, -16, 5, 31, -30, -30)
(-42, 8, 11, 19, -65, 6)
(-16, 26, 9, 20, -65, 33)
(0, 51, 8, 22, -35, 55)
(-1, 78, 6, 21, -2, 73)
(-24, 101, 9, 18, 17, 93)
(-52, 116, 12, 13, 14, 109)
(-72, 121, 14, 3, -3, 113)
(-78, 110, 10, -9, -22, 105)
(-77, 91, 3, -23, -20, 83)
(-76, 67, -4, -35, -3, 53)
(-82, 40, -10, -36, 20, 15)
(-82, 20, -9, -23, 30, -21)
(-73, 14, -5, 2, 21, -45)
(-29, 40, 6, 28, -14, -68)
(-25, 49, 7, 26, -9, -65)
(-24, 51, 10, 17, 2, -61)
(-28, 51, 13, 15, 18, -60)
(-38, 55, 12, 9, 30, -59)
(-46, 52, 11, 1, 39, -60)
(-60, 38, 10, 5, 31, -55)
(-60, 36, 11, 10, 17, -51)
(-53, 30, 8, 8, 5, -46)
(-43, 18, 8, 1, 0, -38)
(-36, 10, 5, -2, 6, -24)
(-35, 2, 3, -11, 13, -14)
(-39, -1, 4, -21, 19, -3)
(-47, -10, -1, -34, 17, 8)
(-50, -48, -8, -37, 12, 27)
(-57, -56, -8, -22, 11, 39)
(-67, -50, 0, -4, 11, 49)
(-76, -34, 4, 0, 8, 50)
(-84, -32, 8, -10, 2, 48)
(-85, -38, 13, -17, 0, 41)
(-84, -42, 8, -23, 2, 36)
BatchID:  8




(-66, -12, 0, -1, 2, -11)
(-65, -13, 0, 0, -3, -13)
(-63, -16, 1, 2, -7, -13)
(-58, -17, 1, 4, -7, -12)
(-55, -16, 1, 4, -3, -10)
(-56, -20, 3, 2, 0, -7)
(-62, -20, 3, 4, 3, -4)
(-70, -16, 4, 2, 3, -3)
(-72, -20, 4, 1, 0, -3)
(-76, -20, 4, 3, 0, -4)
(-77, -17, 2, 2, 0, -11)
(-75, -20, 0, 1, -1, -14)
(-70, -24, 0, 2, 0, -15)
(-66, -22, -1, 5, 3, -15)
(-67, -23, 0, 3, 1, -14)
(-66, -29, 1, 5, -1, -13)
(-66, -38, 3, 6, -5, -13)
(-61, -47, 6, 9, -8, -12)
(-54, -49, 7, 13, -6, -10)
(-49, -49, 7, 10, 0, -5)
(-45, -52, 7, 11, 8, 2)
(-54, -57, 3, 12, 17, 20)
(-58, -57, 2, 15, 10, 27)
(-65, -47, 4, 15, 0, 23)
(-67, -29, 10, 5, -14, 9)
(-64, -23, 14, -6, -36, 4)
(-21, -7, 8, -6, -49, 32)
(-9, 2, 7, -1, -34, 53)
(-13, 18, 8, 12, -19, 82)
(-20, 43, 12, 33, -9, 111)
(-31, 75, 17, 45, -4, 127)
(-52, 112, 20, 40, -4, 127)
(-75, 127, 19, 17, -22, 127)
(-77, 114, 11, -12, -31, 125)
(-76, 89, -3, -30, -9, 100)
(-86, 64, -21, -40, 31, 57)
(-92, 31, -26, -33, 69, 7)
(-91, 4, -8, 4, 73, -40)
(-84, 28, -1, 47, 42, -54)
(-68, 56, -1, 41, -7, -58)
(-29, 58, 17, 33, -46, -61)
(-18, 66, 13, 24, -27, -63)
(-21, 66, 13, 14, 9, -63)
(-37, 69, 9, 10, 43, -61)
(-56, 72, 3, 9, 59, -64)
(-78, 70, 0, 15, 53, -68)
(-87, 65, 0, 23, 24, -73)
(-79, 45, 4, 26, -10, -76)
(-54, 33, 13, 36, -30, -73)
(-35, 32, 10, 30, -28, -62)
(-20, 20, 11, 9, -11, -45)
(-19, 1, 10, 1, 16, -24)
(-31, -11, 6, -3, 36, -9)
(-50, -26, 7, -6, 35, 0)
(-62, -50, 18, 7, -6, 15)
(-54, -50, 17, 1, -17, 22)
(-47, -53, 18, -3, -14, 30)
(-47, -49, 19, -5, 0, 40)
(-54, -47, 17, -12, 12, 48)
(-66, -48, 12, -18, 21, 46)
(-84, -49, 3, -32, 14, 38)
(-87, -47, -1, -37, 5, 33)
(-82, -44, -6, -37, 1, 28)
(-76, -42, -12, -31, 10, 24)
(-74, -39, -15, -22, 24, 17)
BatchID:  9




(-66, -5, 1, 0, 1, 0)
(-66, -5, 1, 0, 0, 0)
(-66, -5, 1, 0, 0, 0)
(-65, -5, 1, 0, 0, 0)
(-65, -4, 1, 0, 0, 0)
(-64, -5, 1, 0, 0, 0)
(-65, -5, 1, 0, 0, 0)
(-65, -6, 1, 0, 0, 0)
(-65, -6, 1, 0, 0, 0)
(-65, -6, 0, 0, 0, 0)
(-63, -6, 1, 0, -1, 0)
(-63, -5, 1, 0, 0, 0)
(-63, -6, 1, 0, 0, 0)
(-63, -6, 0, 0, 0, 0)
(-64, -7, 0, 0, 0, 1)
(-65, -8, 0, 0, 0, 1)
(-65, -10, 0, 0, 0, 2)
(-66, -16, -1, 0, 4, 2)
(-71, -24, -1, 0, 7, 3)
(-74, -34, -3, -1, 10, 3)
(-83, -42, -4, -5, 9, 1)
(-89, -55, -7, -8, 8, 0)
(-93, -69, -9, -10, 4, -4)
(-97, -84, -10, -3, -2, -11)
(-97, -90, -9, 11, -12, -20)
(-90, -87, -7, 27, -24, -26)
(-77, -76, -6, 41, -30, -30)
(-68, -59, -3, 48, -29, -32)
(-58, -43, 2, 39, -20, -37)
(-59, -28, 7, 21, -9, -44)
(-64, -22, 9, -1, -10, -41)
(-63, -25, 12, -12, -23, -31)
(-54, -27, 12, -13, -35, -19)
(-45, -26, 12, -14, -48, -5)
(-29, -24, 12, -13, -56, 18)
(-11, -6, 12, -8, -47, 47)
(-4, 20, 12, -10, -30, 69)
(-10, 44, 12, -18, -16, 82)
(-16, 59, 15, -17, -15, 102)
(-34, 103, 17, 23, -19, 127)
(-60, 123, 21, 28, -25, 127)
(-87, 123, 29, 19, -40, 125)
(-97, 113, 26, 0, -35, 93)
(-108, 92, 7, -30, -8, 49)
(-102, 48, -6, -42, 29, -6)
(-65, 35, -5, 26, 25, -61)
(-46, 53, -3, 20, 1, -71)
(-32, 45, 12, 19, -7, -72)
(-20, 51, 12, 26, 1, -72)
(-16, 58, 13, 14, 19, -74)
(-18, 53, 18, 9, 39, -72)
(-26, 55, 15, 8, 51, -69)
(-53, 51, 14, 10, 40, -65)
(-57, 49, 13, 14, 21, -61)
(-49, 42, 13, 16, 7, -60)
(-40, 39, 14, 16, 3, -56)
(-30, 26, 11, 5, 5, -47)
(-30, 12, 10, 0, 15, -31)
(-40, -2, 5, -6, 18, -17)
(-46, -21, 6, -7, 17, -3)
(-49, -36, 8, -6, 14, 7)
(-51, -42, 8, -6, 13, 18)
(-54, -50, 6, -15, 10, 28)
BatchID:  10




(-68, -5, -2, 0, 2, -2)
(-69, -5, -3, 0, 0, -2)
(-68, -6, -2, 0, -2, -3)
(-66, -9, -3, 0, -4, -4)
(-64, -9, -3, 1, -3, -4)
(-63, -10, -2, 2, -2, -3)
(-64, -11, -2, 2, -1, -3)
(-65, -13, -1, 2, -1, -3)
(-66, -14, -2, 3, -2, -3)
(-67, -14, -1, 3, -4, -4)
(-67, -13, 0, 4, -7, -5)
(-67, -10, 0, 5, -8, -7)
(-65, -9, 0, 2, -8, -7)
(-64, -10, 0, 1, -6, -7)
(-65, -15, 0, -2, -2, -6)
(-67, -21, 0, -4, -3, -6)
(-66, -29, 0, -2, -2, -5)
(-67, -35, -1, -4, -1, -5)
(-67, -48, -3, -7, -1, -5)
(-67, -58, -5, -6, 1, -4)
(-68, -63, -8, -4, 6, -3)
(-71, -67, -10, -1, 9, -2)
(-77, -65, -8, 4, 5, -2)
(-81, -58, -7, 6, -6, -6)
(-80, -49, -7, 3, -24, -13)
(-76, -42, -6, -5, -45, -21)
(-69, -38, -6, -14, -64, -28)
(-59, -40, -6, -19, -81, -29)
(-38, -43, -5, -15, -89, -20)
(-11, -38, -5, -5, -80, -2)
(7, -27, -1, 9, -55, 21)
(15, -4, 4, 32, -20, 51)
(5, 36, 12, 47, 11, 78)
(-17, 72, 19, 52, 16, 101)
(-40, 100, 26, 52, 0, 127)
(-56, 127, 37, 49, -25, 127)
(-78, 127, 38, 40, -53, 127)
(-90, 127, 30, 3, -71, 127)
(-92, 111, 23, -36, -45, 112)
(-106, 86, 3, -57, 13, 74)
(-81, 31, -8, -60, 86, 0)
(-74, -8, -2, -14, 115, -65)
(-75, 8, -2, 39, 89, -63)
(-74, 36, 1, 49, 28, -63)
(-60, 37, 16, 46, -26, -64)
(-35, 46, 18, 49, -43, -62)
(-14, 59, 18, 33, -29, -63)
(-8, 56, 25, 16, 7, -67)
(-18, 54, 27, 14, 40, -62)
(-37, 57, 22, 12, 61, -57)
(-55, 56, 21, 7, 59, -52)
(-65, 50, 17, 3, 41, -49)
(-63, 41, 13, 0, 21, -49)
(-60, 39, 9, 0, 11, -47)
(-60, 36, 3, -4, 7, -43)
(-57, 17, 2, -10, 6, -38)
(-58, 1, 3, -6, 12, -30)
(-63, -13, 8, -7, 6, -20)
(-59, -13, 8, -10, 0, -14)
(-54, -12, 4, -18, -2, -7)
(-51, -28, 0, -25, -1, 1)
(-50, -39, 4, -17, 8, 6)
(-52, -44, 0, -13, 12, 12)
(-59, -43, 0, -14, 13, 19)
(-65, -40, -2, -20, 8, 23)
(-68, -36, -6, -26, 4, 24)
(-70, -36, -11, -31, 2, 26)
(-68, -43, -11, -29, 4, 23)
BatchID:  11




(-64, -5, 2, 0, 0, -1)
(-64, -7, 1, 0, 0, 0)
(-65, -7, 1, 0, 0, 0)
(-65, -7, 1, 1, 0, 0)
(-64, -6, 1, 1, 0, -1)
(-64, -6, 1, 0, 0, 0)
(-63, -7, 1, 0, 0, 0)
(-63, -7, 1, 0, 1, 0)
(-65, -7, 2, 0, 1, 1)
(-65, -7, 2, 0, 0, 0)
(-65, -7, 2, 0, 0, 0)
(-64, -7, 2, 0, 0, 1)
(-64, -7, 2, 0, 0, 1)
(-65, -7, 2, 0, 0, 1)
(-66, -8, 2, 0, 0, 1)
(-66, -10, 1, 0, 0, 1)
(-64, -12, 0, 0, 1, 1)
(-66, -17, -2, 0, 5, 2)
(-70, -26, -1, 0, 8, 3)
(-75, -33, 0, -1, 7, 3)
(-84, -45, 3, -4, 0, 1)
(-89, -54, 4, -6, -4, -3)
(-89, -64, 2, -10, -9, -9)
(-83, -77, -3, -12, -10, -16)
(-77, -89, -7, -8, -5, -20)
(-67, -91, -10, 0, 5, -19)
(-63, -86, -11, 9, 18, -15)
(-67, -75, -9, 17, 22, -9)
(-72, -64, -10, 19, 14, -4)
(-69, -42, -5, 14, -27, -11)
(-57, -28, -2, 10, -54, -10)
(-38, -14, 0, 13, -69, -2)
(-15, -2, 0, 17, -66, 11)
(1, 19, 2, 23, -45, 24)
(3, 42, 6, 26, -19, 40)
(-10, 66, 10, 27, -5, 59)
(-24, 88, 16, 22, -9, 74)
(-39, 103, 20, 17, -25, 92)
(-43, 113, 22, 15, -41, 112)
(-42, 115, 21, 8, -41, 117)
(-44, 108, 16, -4, -23, 106)
(-52, 90, 12, -20, 3, 87)
(-77, 43, 4, -26, 34, 40)
(-80, 28, 0, -18, 29, 15)
(-76, 16, 0, -5, 15, -4)
(-66, 12, 3, 12, -1, -21)
(-53, 21, 8, 24, -13, -31)
(-42, 35, 13, 26, -13, -37)
(-36, 42, 17, 21, -3, -40)
(-34, 47, 22, 15, 13, -42)
(-39, 50, 22, 9, 30, -42)
(-48, 53, 17, 1, 44, -41)
(-61, 53, 11, -5, 46, -40)
(-71, 47, 6, -7, 41, -40)
(-79, 40, 5, -3, 26, -40)
(-78, 35, 7, 4, 10, -41)
(-72, 32, 5, 9, -1, -41)
(-63, 29, 7, 6, -6, -39)
(-58, 24, 7, 2, -4, -33)
(-54, 18, 6, -2, 0, -23)
(-54, 10, 3, -4, 10, -11)
(-58, 2, 2, -4, 17, -4)
(-69, -5, 2, -2, 16, 0)
(-76, -13, 4, -3, 3, 0)
(-71, -18, 4, -2, -7, 3)
(-62, -16, 2, -6, -9, 6)
(-57, -17, 0, -13, -3, 12)
BatchID:  12




(-64, -5, 2, 0, 0, 0)
(-63, -5, 2, 0, 0, 0)
(-64, -4, 2, 0, 0, 0)
(-65, -4, 2, -1, 0, 0)
(-65, -4, 3, 0, 0, 0)
(-65, -5, 2, -1, 0, 0)
(-65, -5, 2, 0, 0, 0)
(-65, -5, 1, 0, 0, 0)
(-64, -5, 1, 0, 0, 0)
(-64, -5, 2, 0, 0, 0)
(-64, -4, 2, 0, 1, 0)
(-65, -4, 2, 0, 1, 0)
(-64, -5, 2, -1, 0, 0)
(-64, -6, 1, 0, 0, 0)
(-63, -6, 2, 0, 0, 0)
(-64, -5, 2, 1, 0, 0)
(-65, -7, 1, 0, 0, 0)
(-65, -11, 0, 0, 0, 1)
(-66, -17, -2, -1, 1, 2)
(-69, -25, -4, -2, 3, 3)
(-74, -36, -2, -2, 4, 5)
(-79, -45, -1, -3, 6, 4)
(-87, -56, -4, -8, 8, 0)
(-91, -71, -6, -11, 7, -3)
(-91, -80, -9, -9, 4, -9)
(-88, -87, -10, -2, -2, -15)
(-83, -87, -10, 9, -7, -19)
(-75, -84, -12, 19, -10, -20)
(-67, -78, -10, 29, -8, -18)
(-61, -68, -6, 37, -6, -14)
(-60, -54, -1, 37, -7, -16)
(-60, -34, 4, 24, -18, -19)
(-52, -18, 10, 4, -37, -19)
(-45, -4, 8, -10, -57, -8)
(-27, 0, 6, -14, -72, 10)
(-3, 13, 4, 3, -65, 34)
(7, 40, 2, 24, -43, 56)
(1, 75, 6, 40, -18, 76)
(-20, 111, 17, 48, -6, 99)
(-44, 127, 29, 46, -7, 120)
(-73, 127, 31, 22, -24, 125)
(-78, 127, 26, -12, -30, 112)
(-82, 90, 15, -30, -13, 84)
(-93, 56, 1, -32, 19, 45)
(-106, 29, -3, -23, 37, -1)
(-102, 17, 0, -2, 23, -40)
(-86, 23, 2, 18, -12, -59)
(-56, 35, 3, 22, -42, -66)
(-30, 40, 8, 21, -46, -67)
(-16, 47, 13, 20, -24, -65)
(-16, 51, 17, 13, 4, -63)
(-23, 49, 19, 6, 32, -60)
(-35, 49, 20, 2, 51, -57)
(-55, 52, 15, 0, 55, -57)
(-65, 51, 13, -2, 48, -58)
(-60, 40, 10, 2, 23, -55)
(-51, 36, 8, 3, 19, -51)
(-46, 32, 3, 0, 21, -41)
(-45, 20, 0, -4, 28, -32)
(-52, 4, 5, -3, 29, -25)
(-54, -13, 6, 2, 9, -15)
(-47, -24, 7, 3, 1, -9)
(-41, -28, 3, 2, 0, 5)
(-44, -35, 4, 0, 0, 19)
(-49, -43, 5, 1, 1, 28)
(-54, -49, 7, 3, 2, 32)
(-58, -51, 5, -1, 3, 39)
(-63, -48, 1, -10, 5, 44)
(-70, -47, -1, -19, 7, 45)
(-79, -47, -1, -16, 10, 45)
BatchID:  13




(-62, -6, 0, 1, 0, 0)
(-63, -6, 0, 2, 0, 0)
(-64, -6, 1, 2, 1, 0)
(-65, -5, 1, 2, 0, 0)
(-65, -6, 1, 1, -1, 0)
(-65, -6, 1, 1, -1, -1)
(-64, -6, 1, 1, -1, 0)
(-64, -6, 1, 1, 0, 0)
(-65, -6, 1, 1, 1, 0)
(-66, -5, 1, 1, 0, 0)
(-66, -5, 0, 0, 0, 0)
(-65, -5, 0, 0, -1, -1)
(-64, -6, 1, 0, -1, -1)
(-64, -6, 1, 1, 0, 0)
(-65, -7, 1, 0, 0, 0)
(-66, -9, 1, 0, 0, 0)
(-68, -12, 0, 0, 0, 0)
(-69, -20, 0, -1, -1, 0)
(-71, -30, 1, -2, -1, 0)
(-73, -40, 1, -4, -2, 1)
(-78, -48, 0, -6, 0, 1)
(-85, -57, -2, -11, 2, 1)
(-90, -70, -3, -12, 0, 0)
(-91, -76, -6, -6, -5, -4)
(-87, -79, -8, 0, -13, -9)
(-75, -71, -5, 18, -23, -26)
(-65, -58, -2, 20, -22, -34)
(-59, -49, 0, 10, -22, -39)
(-52, -49, 3, -1, -28, -36)
(-45, -48, 6, -9, -36, -25)
(-38, -37, 5, -10, -44, -7)
(-25, -30, 4, -5, -40, 14)
(-17, 14, 12, 9, 6, 42)
(-32, 48, 17, 2, 12, 48)
(-53, 77, 19, -10, -11, 59)
(-61, 91, 17, -20, -60, 84)
(-46, 89, 15, -12, -88, 110)
(-33, 90, 19, 15, -80, 122)
(-38, 104, 26, 35, -47, 118)
(-54, 105, 29, 28, -15, 99)
(-79, 91, 28, 4, 17, 72)
(-97, 64, 21, -19, 35, 38)
(-97, 38, 14, -25, 41, -2)
(-85, 24, 7, -13, 27, -37)
(-68, 21, 4, 2, 3, -54)
(-48, 25, 5, 19, -14, -63)
(-33, 31, 11, 31, -19, -63)
(-25, 43, 15, 35, -9, -61)
(-21, 49, 22, 29, 8, -59)
(-26, 51, 30, 21, 29, -57)
(-36, 55, 30, 14, 44, -53)
(-46, 56, 28, 4, 51, -50)
(-55, 53, 24, 1, 50, -52)
(-57, 49, 18, 1, 43, -52)
(-58, 43, 16, 6, 34, -48)
(-59, 41, 15, 11, 26, -42)
(-55, 35, 13, 6, 19, -41)
(-51, 21, 8, -4, 13, -38)
(-43, -2, 7, -18, 10, -27)
(-37, -22, 5, -16, 14, -15)
(-36, -31, 5, -12, 17, -6)
(-40, -35, 1, -10, 12, 6)
(-41, -43, 0, -13, 7, 20)
(-49, -46, -3, -12, 6, 33)
(-59, -45, -4, -12, 5, 40)
(-70, -40, -3, -9, 4, 43)
(-77, -35, -4, -9, 3, 44)
BatchID:  14






(-66, -6, 0, 0, 0, 0)
(-66, -6, 0, 0, -1, 0)
(-65, -6, 0, 1, -1, 0)
(-65, -6, 0, 1, 0, 0)
(-65, -5, 2, 0, 0, 0)
(-65, -5, 1, 0, 0, 0)
(-65, -7, 1, 0, 0, 0)
(-64, -6, 1, 0, 0, 0)
(-64, -6, 1, 0, 0, 0)
(-63, -6, 1, 0, 0, 0)
(-63, -6, 1, 0, 0, 0)
(-64, -5, 1, 0, 1, 0)
(-64, -5, 1, 0, 1, 0)
(-65, -6, 1, 0, 1, 0)
(-65, -6, 1, 0, 1, 0)
(-66, -6, 1, 0, 0, 0)
(-67, -7, 0, 0, 1, 0)
(-65, -12, 0, 0, 2, 0)
(-65, -18, -1, 0, 6, 1)
(-71, -28, 1, -1, 8, 3)
(-80, -40, 5, -4, 6, 4)
(-85, -50, 4, -9, 6, 2)
(-92, -62, 0, -18, 6, -1)
(-96, -79, -3, -22, 9, -8)
(-94, -94, -4, -16, 9, -19)
(-86, -98, -3, 0, 11, -28)
(-75, -88, -5, 17, 14, -35)
(-66, -76, -4, 28, 12, -35)
(-59, -66, -5, 35, 9, -29)
(-52, -56, -4, 36, 3, -20)
(-50, -45, -2, 31, -3, -17)
(-48, -36, 0, 18, -6, -12)
(-50, -34, 9, -1, -22, -5)
(-46, -26, 11, 2, -38, 6)
(-31, -12, 8, 8, -54, 25)
(-6, 17, 4, 17, -46, 53)
(4, 56, 1, 16, -19, 84)
(-11, 99, 3, 8, 2, 97)
(-44, 127, 5, -5, 4, 117)
(-109, 127, 14, -17, -54, 127)
(-103, 127, -1, -31, -64, 109)
(-94, 92, -19, -53, -32, 72)
(-99, 45, -29, -54, 25, 16)
(-86, 13, -26, -21, 67, -42)
(-80, 18, -14, 22, 64, -63)
(-50, 51, 2, 35, 3, -70)
(-30, 57, 7, 33, 0, -72)
(-23, 62, 9, 22, 9, -74)
(-22, 59, 11, 13, 22, -73)
(-27, 54, 12, 13, 32, -72)
(-36, 54, 9, 14, 33, -68)
(-42, 53, 6, 16, 24, -62)
(-43, 48, 4, 17, 10, -55)
(-43, 47, 1, 20, 2, -49)
(-42, 42, 1, 16, -2, -44)
(-39, 27, 3, 13, -4, -36)
(-38, 21, 1, 13, -1, -21)
(-41, 7, 0, 4, 0, -6)
(-45, -11, 0, 2, 1, 5)
(-48, -24, 3, 3, 2, 19)
(-54, -26, 4, 3, -1, 30)
(-56, -28, 7, -5, -6, 39)
(-55, -42, 9, -10, -6, 45)
(-52, -50, 5, -12, 4, 54)
(-55, -63, 1, -18, 25, 62)
(-75, -60, -2, -23, 43, 67)
(-99, -51, -8, -35, 46, 62)
BatchID:  2




(-64, -5, -4, 0, 1, 0)
(-64, -5, -4, 0, 1, 0)
(-64, -5, -4, 0, 0, 0)
(-65, -5, -4, 0, 0, 0)
(-65, -4, -3, 0, 0, 0)
(-66, -5, -3, 0, 0, 0)
(-65, -5, -3, 0, 0, 0)
(-65, -6, -4, 0, 0, 0)
(-64, -5, -3, 0, 0, 0)
(-65, -5, -3, -1, 0, 0)
(-65, -6, -3, -1, 0, 0)
(-64, -6, -4, -1, 0, 0)
(-64, -6, -4, 0, 2, -2)
(-65, -6, -4, 0, 4, -3)
(-67, -5, -4, 0, 4, -2)
(-68, -5, -4, 0, 2, -2)
(-68, -5, -4, -1, 0, -2)
(-67, -6, -4, -1, 0, -1)
(-66, -6, -5, -1, -1, -1)
(-65, -7, -4, -1, 0, 0)
(-65, -9, -5, 0, 0, 0)
(-65, -14, -5, -1, 2, 2)
(-66, -22, -5, -2, 6, 4)
(-70, -32, -6, -5, 9, 6)
(-76, -42, -8, -8, 11, 6)
(-87, -56, -7, -11, 7, 3)
(-95, -67, -11, -12, 0, 0)
(-97, -106, -16, -5, -22, -14)
(-88, -114, -19, 12, -25, -26)
(-75, -107, -18, 30, -25, -31)
(-63, -94, -13, 41, -18, -32)
(-59, -73, -6, 43, -12, -34)
(-58, -51, 0, 30, -18, -28)
(-53, -24, 8, -2, -40, -11)
(-51, -5, 4, -12, -51, -3)
(-38, 3, 3, -12, -47, 12)
(-29, 13, 6, 3, -35, 35)
(-23, 39, 10, 22, -24, 60)
(-23, 73, 13, 27, -13, 76)
(-31, 109, 14, 21, -11, 86)
(-45, 127, 18, 7, -17, 103)
(-61, 127, 19, -1, -26, 115)
(-68, 120, 13, -13, -30, 114)
(-68, 99, 5, -24, -16, 91)
(-75, 78, -3, -34, 6, 55)
(-83, 47, -5, -38, 25, 19)
(-80, 24, -1, -20, 32, -15)
(-57, 34, 0, 14, 6, -57)
(-42, 44, 5, 22, -9, -65)
(-32, 57, 8, 25, -15, -67)
(-25, 69, 9, 19, -6, -66)
(-25, 72, 9, 12, 12, -67)
(-33, 72, 8, 11, 33, -69)
(-48, 73, 5, 11, 42, -71)
(-58, 70, 2, 13, 35, -70)
(-56, 56, -1, 15, 22, -72)
(-47, 39, -3, 19, 13, -69)
(-35, 17, 1, 22, 11, -62)
(-30, 5, 7, 27, 18, -49)
(-35, -8, 12, 19, 16, -35)
(-35, -29, 19, 6, 5, -15)
(-33, -37, 16, -7, -3, 4)
(-29, -46, 9, -25, -6, 20)
(-26, -54, 2, -29, 3, 37)
(-35, -53, -1, -24, 19, 49)
(-55, -52, -3, -16, 27, 55)
(-75, -50, 2, -4, 22, 56)
BatchID:  3




(-64, -5, -2, 1, 0, 0)
(-65, -4, -2, 1, 0, 0)
(-65, -4, -2, 1, 0, 0)
(-65, -5, -1, 1, 0, 0)
(-64, -5, -3, 1, 0, 0)
(-64, -4, -2, 1, 0, 0)
(-65, -4, -2, 0, 0, 0)
(-64, -5, -2, 0, 0, 0)
(-65, -6, -2, 1, 0, 0)
(-65, -5, -2, 2, 0, 0)
(-65, -5, -2, 1, 0, 0)
(-65, -6, -2, 1, 0, 0)
(-65, -5, -2, 1, 0, 0)
(-65, -5, -2, 1, 0, 0)
(-66, -5, -2, 2, 0, 0)
(-67, -5, -2, 2, 0, 0)
(-67, -5, -2, 2, 0, 0)
(-67, -4, -2, 3, 0, 0)
(-66, -4, -2, 2, -1, 0)
(-66, -5, -2, 2, 0, 0)
(-67, -5, -2, 3, 0, 0)
(-66, -7, -2, 2, 0, 0)
(-68, -15, 0, 1, 0, 0)
(-69, -28, 0, 0, -3, 1)
(-71, -44, 1, -1, -7, 1)
(-74, -64, -3, -7, -8, 1)
(-79, -93, -8, -13, -9, -1)
(-96, -120, -8, -9, -9, -5)
(-109, -127, -5, 17, -26, -23)
(-96, -127, 0, 44, -38, -34)
(-76, -125, -2, 57, -47, -43)
(-51, -106, 0, 54, -47, -44)
(-31, -86, 3, 43, -41, -35)
(8, -36, 9, 23, -18, 35)
(19, -2, 5, 28, -6, 77)
(26, 55, 0, 43, 11, 117)
(12, 127, -4, 45, 24, 127)
(-21, 127, -10, 31, 14, 127)
(-84, 127, -14, 2, -26, 127)
(-127, 127, -39, -56, -61, 127)
(-127, 8, -78, -80, 66, -55)
(-127, 16, 7, 31, 52, -127)
(-84, 95, -13, 77, -69, -98)
(22, 115, -14, 22, -127, -119)
(106, 75, 20, -8, -114, -84)
(112, 49, 35, 13, -21, -73)
(67, 69, 33, 6, 55, -64)
(8, 68, 32, -11, 80, -60)
(-28, 63, 18, -18, 66, -61)
(-45, 52, -1, -12, 41, -62)
(-48, 54, -9, 9, 28, -62)
(-50, 66, -10, 20, 19, -64)
(-48, 67, -5, 21, 10, -65)
(-38, 60, 0, 21, 6, -61)
(-28, 49, 2, 18, 13, -54)
(-25, 26, 3, 11, 20, -42)
(-30, -6, 12, 5, 18, -20)
(-32, -28, 13, 0, 3, 5)
(-29, -46, 20, -9, -4, 25)
(-27, -59, 19, -16, 0, 42)
(-30, -68, 16, -21, 18, 62)
(-47, -79, 10, -22, 35, 73)
(-73, -73, 10, -25, 50, 79)
(-103, -58, 6, -34, 45, 78)
(-121, -52, 2, -46, 28, 68)
(-124, -50, -5, -49, 17, 53)
BatchID:  4




(-62, -4, 2, 0, 0, 0)
(-63, -4, 2, 0, 1, 0)
(-63, -4, 2, 0, 2, 0)
(-64, -4, 2, 0, 1, 0)
(-64, -3, 2, 0, 0, 0)
(-64, -4, 2, 0, 0, 1)
(-64, -4, 1, 0, 0, 1)
(-65, -3, 2, 0, 1, 1)
(-65, -3, 1, 0, 1, 0)
(-66, -4, 1, 0, 1, 0)
(-65, -5, 0, 0, 1, 0)
(-65, -5, 0, 0, 0, 0)
(-64, -6, 1, 0, 0, 0)
(-63, -6, 0, 1, 0, 1)
(-64, -5, 1, 2, 0, 1)
(-66, -6, 1, 1, 1, 1)
(-65, -8, 0, 1, 2, 1)
(-65, -11, 0, 1, 5, 1)
(-69, -16, 0, 0, 4, 2)
(-71, -27, 0, -1, 3, 4)
(-75, -38, 1, -3, 1, 3)
(-77, -51, 0, -4, 1, 0)
(-84, -64, -2, -9, 1, -1)
(-92, -81, -3, -11, 0, -6)
(-100, -101, -4, -8, -6, -16)
(-100, -117, -6, 4, -17, -28)
(-92, -119, -5, 15, -31, -33)
(-64, -107, -1, 45, -35, -32)
(-50, -95, 1, 53, -30, -27)
(-39, -72, 9, 49, -22, -23)
(-30, -44, 15, 31, -19, -20)
(-17, -16, 18, 12, -22, 0)
(-2, 16, 17, 0, -24, 32)
(7, 49, 11, -6, -20, 66)
(7, 87, 8, 0, -11, 94)
(-2, 127, 9, 14, -2, 124)
(-25, 127, 4, 22, 1, 127)
(-60, 127, -9, -11, 3, 127)
(-97, 127, -14, -66, 8, 127)
(-127, 109, -12, -70, 31, 95)
(-127, 50, -33, -49, 61, 28)
(-127, 12, -15, -19, 45, -59)
(-127, 36, 0, 43, -30, -83)
(-48, 79, -16, 34, -92, -95)
(14, 64, 4, 8, -90, -95)
(43, 53, 22, 26, -34, -80)
(20, 73, 20, 27, 25, -72)
(-9, 80, 25, 15, 56, -70)
(-31, 85, 22, 12, 60, -67)
(-35, 90, 9, 7, 56, -63)
(-42, 87, 5, 7, 53, -62)
(-54, 82, 4, 12, 39, -64)
(-50, 63, 5, 13, 16, -63)
(-35, 38, 4, 18, -1, -56)
(-22, 12, 4, 17, -7, -44)
(-11, -11, 7, 12, 0, -29)
(-10, -20, 7, 7, 9, -4)
(-21, -34, 4, -4, 12, 20)
(-34, -56, 3, -12, 11, 43)
(-46, -75, -3, -11, 9, 59)
(-59, -84, -4, -1, 15, 70)
(-81, -72, 1, 12, 15, 76)
(-97, -49, 2, 11, 11, 75)
(-106, -41, 3, -4, 5, 65)
(-108, -48, 6, -12, 3, 54)
(-105, -47, 6, -11, 8, 41)
(-102, -45, 7, -12, 12, 30)
(-100, -40, 7, -10, 9, 21)
BatchID:  5




(-64, -5, 1, 0, 1, 0)
(-64, -5, 2, 0, 1, 0)
(-65, -5, 1, 0, 0, 1)
(-64, -5, 1, 1, 0, 1)
(-64, -3, 2, 1, 0, 1)
(-64, -2, 1, 0, 0, 1)
(-64, -4, 2, 0, 1, 1)
(-65, -3, 1, 0, 1, 1)
(-66, -2, 1, 1, 0, 1)
(-65, -2, 1, 1, 0, 1)
(-65, -2, 2, 1, -1, 1)
(-64, -2, 2, 1, -2, 1)
(-63, -2, 2, 1, -1, 1)
(-63, -2, 2, 1, 0, 2)
(-64, -3, 2, 1, 1, 2)
(-67, -2, 1, 2, 1, 2)
(-67, -2, 1, 2, 0, 2)
(-66, -3, 0, 2, 0, 2)
(-65, -3, 0, 1, 2, 3)
(-65, -4, 0, 0, 5, 4)
(-65, -9, 0, -2, 6, 7)
(-68, -18, 0, -8, 3, 9)
(-70, -34, -2, -11, 2, 13)
(-74, -53, -3, -16, 0, 13)
(-80, -75, -4, -17, -5, 10)
(-89, -102, -5, -14, -9, 2)
(-97, -120, -7, -7, -13, -7)
(-99, -127, -10, 3, -14, -25)
(-98, -127, -3, 14, -26, -30)
(-86, -127, 0, 37, -31, -41)
(-67, -115, 2, 45, -32, -43)
(-51, -79, 9, 30, -25, -52)
(-37, -62, 13, 0, -23, -51)
(-26, -51, 15, -18, -31, -25)
(-11, -39, 9, -21, -43, 9)
(19, 45, 9, 42, -38, 81)
(39, 127, 26, 54, -9, 127)
(10, 127, 35, 47, 18, 127)
(-63, 127, 18, -4, 6, 127)
(-127, 127, 9, -72, -16, 127)
(-127, 127, -15, -59, 11, 121)
(-127, 38, -110, -17, 119, -12)
(-127, 7, 4, 43, 24, -127)
(-112, 118, -16, 107, -127, -114)
(72, 127, -34, 22, -127, -127)
(127, 67, 19, -18, -56, -108)
(84, 44, 33, 43, 44, -87)
(32, 87, 28, 28, 57, -68)
(7, 69, 32, 1, 43, -58)
(0, 59, 12, -4, 42, -50)
(-18, 52, 2, -5, 42, -46)
(-29, 55, -2, 3, 38, -40)
(-34, 52, -1, 6, 31, -38)
(-37, 42, 1, 13, 28, -34)
(-38, 33, 4, 17, 27, -29)
(-36, 24, 11, 12, 24, -20)
(-27, 12, 13, 3, 21, -8)
(-22, -5, 7, -9, 25, 11)
(-28, -36, 1, -17, 36, 31)
(-48, -63, -7, -17, 40, 45)
(-72, -82, -6, -16, 33, 58)
(-88, -71, 1, -10, 25, 63)
(-103, -49, 0, -16, 19, 62)
(-118, -48, 1, -24, 11, 54)
(-122, -53, 1, -21, -1, 45)
(-113, -47, 1, -17, -8, 36)
(-100, -43, 5, -15, -6, 27)
(-91, -37, 6, -14, 3, 21)
(-88, -33, 6, -17, 11, 16)
BatchID:  6




(-64, -5, 5, 0, 0, 0)
(-63, -5, 5, 0, 1, 0)
(-61, -5, 5, 0, 4, 1)
(-63, -5, 4, 0, 7, 1)
(-64, -5, 4, 0, 10, 2)
(-64, -5, 4, 1, 13, 3)
(-66, -4, 4, 1, 15, 3)
(-70, -4, 4, 0, 12, 1)
(-73, -4, 4, 0, 4, -1)
(-69, -4, 3, -2, -5, -4)
(-62, -5, 2, -2, -9, -4)
(-58, -6, 1, -1, -8, -3)
(-58, -5, 2, 0, -3, -1)
(-65, -2, 3, 0, 6, 0)
(-71, -2, 3, 0, 4, 0)
(-74, -3, 3, -1, -2, -2)
(-75, -5, 2, -1, -11, -4)
(-69, -10, 1, -1, -17, -4)
(-62, -21, -1, -2, -15, -3)
(-62, -37, -3, -3, -7, 0)
(-80, -77, -2, -4, 2, 2)
(-94, -101, -3, -9, -1, -3)
(-103, -123, -6, -10, -5, -18)
(-103, -127, -10, -13, -13, -26)
(-94, -127, -11, 1, -15, -39)
(-76, -127, -8, 20, -15, -48)
(-38, -99, 3, 45, -4, -37)
(-26, -72, 7, 40, -9, -11)
(-14, -43, 10, 32, -20, 22)
(8, -16, 13, 31, -22, 56)
(17, 17, 11, 43, -13, 84)
(21, 80, 15, 49, 0, 108)
(14, 127, 16, 46, -3, 127)
(-11, 127, 15, 38, -22, 127)
(-49, 127, 12, 12, -42, 127)
(-100, 127, -4, -48, -33, 127)
(-127, 127, -26, -91, 29, 110)
(-127, 29, -65, -63, 121, -24)
(-127, 0, 8, 13, 50, -127)
(31, 118, -30, 49, -127, -125)
(110, 98, -2, 4, -116, -94)
(113, 65, 32, 26, 3, -71)
(41, 83, 22, 39, 91, -69)
(-21, 97, 22, 6, 92, -69)
(-47, 81, 23, -14, 50, -65)
(-39, 67, 10, -15, 13, -58)
(-30, 55, -1, -7, 0, -48)
(-30, 46, -2, 9, 11, -43)
(-35, 40, 5, 22, 22, -48)
(-37, 34, 9, 23, 25, -45)
(-34, 17, 13, 12, 21, -34)
(-30, -6, 15, 0, 12, -13)
(-29, -41, 9, -15, 3, 17)
(-32, -68, 8, -21, 6, 45)
(-45, -76, 9, -13, 19, 68)
(-65, -64, 6, -5, 33, 82)
(-90, -54, 8, -7, 39, 78)
(-110, -50, 9, -15, 30, 69)
(-113, -49, 4, -26, 15, 61)
(-109, -56, 0, -37, 3, 53)
(-101, -54, -7, -39, 3, 47)
(-96, -51, -12, -38, 15, 38)
(-99, -49, -14, -30, 28, 28)
(-104, -44, -14, -20, 30, 17)
BatchID:  7




(-66, -7, 0, -1, 0, 0)
(-64, -7, 0, 0, 0, 1)
(-65, -8, 0, 0, 0, 1)
(-65, -7, 0, 0, 0, 1)
(-63, -7, 0, 0, 0, 0)
(-63, -7, 0, 0, 1, 0)
(-64, -8, 0, 0, 1, 0)
(-65, -8, 1, 0, 1, 0)
(-64, -8, 0, 0, 0, 0)
(-64, -8, 0, 0, 0, 1)
(-64, -8, 0, 0, 1, 2)
(-64, -7, 0, 0, 2, 1)
(-66, -7, 0, 0, 1, 0)
(-66, -8, 0, 0, 0, 0)
(-65, -8, 0, 0, 0, 1)
(-65, -6, 0, 1, 0, 1)
(-65, -7, 0, 1, 0, 1)
(-67, -7, 0, 2, 0, 2)
(-67, -6, 0, 2, 0, 2)
(-65, -8, 0, 2, 0, 2)
(-63, -12, -1, 1, 1, 3)
(-59, -24, -4, -1, 1, 7)
(-62, -36, -9, -6, 4, 10)
(-81, -85, -9, -8, 4, 8)
(-92, -106, -11, -9, -2, 2)
(-104, -127, -13, -3, -13, -11)
(-97, -127, -14, 4, -24, -21)
(-85, -127, -18, 23, -25, -36)
(-67, -127, -14, 41, -17, -43)
(-55, -126, -7, 57, -13, -41)
(-40, -100, -1, 61, -17, -25)
(-25, -75, 4, 61, -25, 1)
(-5, -36, 7, 59, -27, 33)
(9, 2, 7, 55, -21, 62)
(19, 50, 10, 51, -8, 95)
(23, 122, 12, 50, 3, 127)
(15, 127, 17, 42, 9, 127)
(-61, 127, -25, -30, -1, 127)
(-127, 127, -39, -84, 0, 127)
(-127, 83, -67, -63, 33, 82)
(-127, -12, -39, -17, 40, -118)
(-127, 59, 20, 75, -50, -127)
(-31, 116, -31, 54, -127, -99)
(55, 105, -17, -5, -127, -126)
(88, 64, 7, 8, -83, -93)
(66, 69, 5, 31, 7, -86)
(29, 84, 8, 21, 62, -80)
(-14, 83, 15, 6, 68, -77)
(-35, 85, 12, -8, 34, -72)
(-31, 74, 1, -21, 0, -67)
(-21, 56, -2, -15, -8, -58)
(-14, 52, -7, 1, 6, -49)
(-20, 48, -4, 9, 25, -46)
(-26, 37, 2, 10, 38, -44)
(-35, 16, 10, 2, 35, -36)
(-37, -6, 16, -11, 15, -17)
(-31, -32, 12, -25, 0, 10)
(-28, -61, 5, -31, 1, 35)
(-56, -75, 0, -9, 41, 65)
(-91, -60, 6, -4, 45, 68)
(-114, -49, 13, -7, 28, 63)
(-118, -38, 15, -18, 4, 56)
(-103, -42, 12, -28, -6, 49)
(-86, -43, 6, -27, 0, 42)
(-80, -42, 1, -27, 19, 37)
BatchID:  8




(-62, -6, 5, 1, 0, 1)
(-61, -6, 6, 1, 1, 1)
(-62, -6, 5, 1, 3, 1)
(-65, -5, 7, 2, 3, 2)
(-67, -6, 6, 2, 1, 2)
(-67, -4, 4, 3, -1, 2)
(-66, -3, 5, 2, -1, 1)
(-66, -4, 5, 1, 0, 1)
(-65, -4, 4, 0, 0, 0)
(-65, -4, 3, 0, 2, 0)
(-66, -5, 3, 0, 2, 0)
(-66, -5, 3, 1, 1, 0)
(-66, -5, 4, 1, 0, 0)
(-64, -5, 4, 1, -1, 0)
(-63, -4, 3, 1, 0, 0)
(-63, -4, 4, 0, 0, 0)
(-63, -6, 3, 0, 2, 0)
(-65, -7, 3, 0, 2, 0)
(-66, -9, 3, 1, 0, 0)
(-66, -15, 4, 0, -1, 0)
(-65, -28, 4, -2, 0, 1)
(-70, -43, 4, -7, 0, 4)
(-73, -63, 2, -15, 0, 8)
(-88, -87, 0, -24, 3, 8)
(-104, -113, 2, -29, 5, 0)
(-113, -127, -1, -27, 1, -19)
(-110, -127, -2, -12, -3, -35)
(-104, -127, -1, 2, -11, -51)
(-91, -127, 3, 20, -20, -60)
(-73, -119, 5, 26, -34, -61)
(-49, -93, 6, 28, -45, -48)
(-29, -63, 6, 20, -56, -19)
(-1, -33, 4, 17, -60, 21)
(24, 0, -1, 20, -44, 68)
(39, 48, -4, 33, -10, 116)
(28, 124, 0, 60, 16, 127)
(-2, 127, 5, 86, 18, 127)
(-54, 127, -3, 72, -17, 127)
(-125, 127, -1, -5, -71, 127)
(-127, 127, 7, -71, -82, 127)
(-127, 73, -15, -80, -3, 28)
(-72, 10, -1, -29, 44, -127)
(-55, 61, 5, 0, -41, -127)
(47, 40, -13, 6, -127, -80)
(127, 16, 3, 5, -127, -46)
(127, 7, 23, 47, -17, 2)
(75, 50, 16, 52, 87, 9)
(-13, 68, 16, 10, 115, -8)
(-62, 60, 17, -18, 83, -22)
(-70, 52, 7, -21, 41, -39)
(-58, 51, -2, -9, 20, -53)
(-42, 61, -8, 9, 24, -67)
(-36, 70, -3, 23, 37, -72)
(-40, 86, -1, 32, 49, -72)
(-50, 88, -1, 25, 50, -69)
(-59, 69, 2, 14, 35, -64)
(-56, 42, 6, 13, 11, -51)
(-44, 22, 0, 15, 4, -30)
(-35, 3, 2, 15, 17, -8)
(-41, -8, 5, 16, 40, 8)
(-63, -9, 7, 9, 52, 18)
(-87, -7, 3, -7, 36, 33)
(-95, -27, -3, -23, 11, 43)
(-86, -57, -6, -23, -3, 46)
(-74, -82, 0, -5, 0, 45)
(-71, -78, 15, 18, 14, 47)
(-85, -54, 25, 13, 19, 47)
(-93, -38, 31, -13, 17, 44)
(-96, -37, 29, -38, 14, 40)
(-89, -44, 18, -52, 19, 35)
BatchID:  9




(-64, -3, 3, 0, 0, 0)
(-64, -4, 4, 0, 1, 1)
(-64, -5, 4, 0, 1, 1)
(-64, -5, 3, 0, 2, 1)
(-64, -5, 3, 1, 1, 1)
(-65, -5, 3, 2, 0, 2)
(-65, -4, 3, 1, 0, 1)
(-65, -3, 2, 0, 0, 0)
(-65, -4, 3, 0, 0, 0)
(-65, -5, 3, 0, 0, 0)
(-64, -5, 3, 0, 1, 0)
(-65, -6, 3, 0, 1, 1)
(-65, -5, 3, 1, 1, 1)
(-65, -5, 3, 1, 0, 1)
(-65, -4, 2, 1, 0, 1)
(-65, -4, 2, 0, 0, 0)
(-64, -5, 3, 0, 0, 0)
(-65, -6, 2, 1, 1, 0)
(-65, -7, 2, 2, 1, 1)
(-63, -10, 1, 2, 2, 1)
(-62, -15, -1, 1, 5, 3)
(-69, -38, -3, -3, 7, 8)
(-77, -54, -3, -3, 3, 8)
(-86, -71, -3, -4, 0, 6)
(-91, -90, -7, -4, -6, 2)
(-95, -113, -10, -3, -11, -5)
(-92, -127, -10, 5, -16, -16)
(-86, -127, -10, 19, -13, -26)
(-74, -127, -1, 39, -4, -33)
(-67, -123, -2, 43, 0, -32)
(-58, -100, 4, 33, -2, -27)
(-45, -79, 8, 16, -13, -20)
(-28, -51, 9, 1, -27, 1)
(-2, -13, 5, -5, -31, 35)
(6, 36, 3, -1, -30, 78)
(5, 97, 3, 19, -28, 121)
(0, 127, 8, 54, -25, 127)
(-27, 127, 4, 72, -19, 127)
(-101, 127, -4, 21, -20, 127)
(-127, 127, 0, -92, -17, 117)
(-127, 86, -37, -108, 45, 36)
(-97, -20, -27, -38, 110, -127)
(-100, 38, -17, 59, 44, -127)
(-16, 85, -28, 75, -52, -118)
(32, 74, -2, 21, -104, -95)
(72, 36, 29, 35, -76, -60)
(63, 50, 26, 50, -3, -55)
(29, 67, 24, 18, 49, -60)
(-10, 53, 30, 0, 68, -57)
(-32, 54, 19, 1, 60, -54)
(-43, 49, 6, 0, 39, -52)
(-46, 47, 6, 11, 22, -49)
(-45, 53, 3, 18, 11, -48)
(-42, 53, 4, 15, 7, -49)
(-41, 36, 11, 0, 5, -44)
(-43, 15, 11, -8, -1, -30)
(-40, -2, 9, -7, -6, -11)
(-38, -19, 7, -5, -3, 7)
(-45, -37, 19, -1, 1, 22)
(-54, -41, 20, 0, 3, 34)
(-64, -50, 20, -15, 1, 42)
(-75, -44, 10, -29, 0, 61)
(-80, -54, 5, -30, 8, 62)
(-86, -58, 3, -26, 17, 58)
(-91, -56, -5, -33, 21, 55)
(-98, -55, -9, -42, 21, 47)
(-104, -48, -16, -48, 14, 40)
(-102, -47, -22, -51, 6, 31)
BatchID:  10




(-65, -6, 3, 0, 1, 0)
(-65, -7, 4, 0, 1, 0)
(-65, -7, 3, 0, 1, 0)
(-65, -6, 3, 0, 0, -1)
(-64, -6, 3, 0, 0, 0)
(-64, -7, 3, 0, 0, 0)
(-64, -6, 3, 0, 0, 0)
(-64, -6, 3, 0, 0, 0)
(-63, -6, 3, 0, 0, 0)
(-64, -6, 3, 0, 0, 0)
(-64, -7, 3, 0, 0, 0)
(-64, -7, 3, 0, 0, 0)
(-63, -7, 1, 0, 0, 0)
(-62, -6, 3, 0, 0, 0)
(-63, -6, 3, 0, 1, 1)
(-64, -5, 3, 0, 2, 1)
(-66, -6, 2, 0, 2, 0)
(-67, -7, 1, 0, 1, 0)
(-65, -10, 0, 0, 2, 1)
(-64, -13, -1, 0, 5, 2)
(-66, -20, -2, 0, 11, 2)
(-69, -30, -2, 1, 16, 3)
(-80, -42, -1, -3, 16, 3)
(-89, -60, 0, -4, 14, 2)
(-101, -78, -1, -11, 8, -4)
(-114, -109, 0, -17, -2, -16)
(-115, -127, -5, -13, -16, -34)
(-103, -127, -8, -4, -26, -47)
(-84, -127, -11, 8, -24, -55)
(-62, -125, -10, 22, -10, -55)
(-46, -104, -8, 34, 9, -45)
(-41, -83, -5, 37, 18, -28)
(-37, -62, 0, 32, 13, -6)
(-27, -41, 3, 28, -1, 17)
(-9, -12, 4, 29, -12, 48)
(10, 24, 1, 29, -15, 75)
(32, 70, 7, 27, -12, 97)
(29, 127, 11, 24, -13, 126)
(21, 127, 16, 26, -13, 127)
(-32, 127, 15, 8, -17, 127)
(-107, 127, 15, -46, -36, 127)
(-127, 127, 16, -103, -28, 123)
(-127, 112, -38, -116, 46, 68)
(-78, 0, -52, -92, 127, -71)
(-123, -33, 0, 2, 109, -98)
(-86, 35, -11, 79, -12, -82)
(-37, 58, -2, 64, -108, -73)
(23, 67, 7, 68, -113, -54)
(18, 87, 20, 19, 33, -66)
(-18, 85, 24, 12, 72, -71)
(-46, 90, 13, 6, 70, -73)
(-60, 84, 4, 3, 42, -72)
(-59, 76, -6, 18, 16, -67)
(-50, 72, -12, 34, 3, -64)
(-34, 64, -15, 40, 8, -66)
(-23, 44, -11, 34, 23, -62)
(-21, 8, -3, 25, 34, -47)
(-28, -27, 5, 17, 31, -27)
(-40, -60, 9, 5, 12, -6)
(-42, -83, 16, -8, -6, 16)
(-43, -90, 17, -16, -16, 39)
(-51, -81, 8, -30, -8, 69)
(-63, -75, 4, -26, 6, 74)
(-76, -65, -1, -21, 22, 73)
(-95, -59, -3, -18, 30, 64)
(-108, -50, -3, -15, 27, 48)
(-113, -38, -4, -21, 12, 34)
(-109, -35, -5, -26, -2, 24)
BatchID:  11




(-65, -3, 0, 3, 2, 1)
(-66, -3, 0, 3, 0, 1)
(-65, -2, 0, 2, 0, 0)
(-64, -3, 0, 2, 0, 0)
(-63, -4, 0, 2, 0, 0)
(-63, -3, 0, 2, 1, 0)
(-63, -4, 0, 2, 2, 0)
(-65, -4, 0, 2, 1, 1)
(-66, -3, 0, 2, 0, 0)
(-64, -3, 0, 1, -1, 0)
(-64, -4, 0, 2, -1, 0)
(-63, -3, 0, 2, 0, 0)
(-64, -2, 0, 1, 1, 0)
(-65, -3, 0, 0, 2, 0)
(-67, -3, 0, 0, 1, 0)
(-68, -2, 0, 0, 0, 0)
(-68, -3, 0, 0, 0, 0)
(-66, -7, -1, 0, -2, -1)
(-64, -13, -3, 0, -2, 0)
(-63, -25, -6, -3, -2, 0)
(-66, -47, -9, -7, -6, 3)
(-76, -65, -8, -6, -6, 4)
(-87, -85, -5, -7, -13, 1)
(-101, -111, 0, -2, -22, -7)
(-103, -127, 3, 7, -33, -21)
(-98, -127, 6, 17, -44, -34)
(-86, -127, 10, 26, -53, -43)
(-76, -126, 14, 30, -60, -47)
(-63, -119, 25, 36, -64, -46)
(-40, -84, 27, 29, -63, -43)
(-18, -61, 27, 11, -57, -28)
(0, -43, 28, 2, -48, 2)
(19, -11, 27, 7, -37, 45)
(35, 36, 25, 22, -16, 96)
(41, 101, 24, 39, 8, 127)
(31, 127, 29, 60, 36, 127)
(-6, 127, 17, 71, 54, 127)
(-74, 127, -18, 4, 51, 127)
(-127, 127, -33, -127, 32, 127)
(-127, 127, -96, -127, 62, 127)
(-127, 1, -97, -127, 127, -49)
(-127, -45, -13, -41, 106, -127)
(-113, 34, -1, 121, -20, -127)
(-25, 111, -28, 97, -127, -122)
(70, 110, -4, 31, -127, -89)
(104, 82, 22, 23, -58, -79)
(59, 80, 26, 29, 42, -78)
(11, 91, 17, 12, 89, -77)
(-22, 85, 13, -1, 90, -73)
(-39, 83, 3, 1, 74, -70)
(-52, 81, -7, 7, 53, -66)
(-56, 65, -6, 13, 29, -69)
(-49, 54, 0, 26, 10, -75)
(-27, 44, 6, 23, 1, -78)
(-13, 33, 13, 13, 5, -67)
(-9, -9, 14, -23, 11, -18)
(-11, -40, 9, -41, 9, 7)
(-11, -72, 1, -49, 15, 34)
(-21, -90, -4, -44, 32, 61)
(-47, -96, -6, -33, 41, 79)
(-74, -90, -2, -19, 31, 85)
(-93, -73, 3, -9, 11, 81)
(-94, -59, -1, -30, -11, 64)
(-93, -56, -8, -34, -3, 58)
(-96, -49, -14, -34, 10, 53)
(-104, -46, -18, -31, 23, 44)
(-113, -43, -19, -21, 25, 31)
(-117, -34, -20, -12, 15, 17)
BatchID:  12




(-68, -3, 0, 0, 2, 1)
(-68, -4, 1, 0, 0, 0)
(-66, -4, 0, 0, -3, 0)
(-63, -4, 1, 0, -2, 0)
(-63, -4, 1, 0, 0, 0)
(-63, -4, 0, 0, 1, 1)
(-64, -3, 0, 0, 3, 1)
(-66, -3, 0, 0, 3, 0)
(-66, -3, 1, 0, 0, 0)
(-64, -4, 0, 0, -1, 0)
(-61, -4, 0, 0, -1, 0)
(-61, -4, 0, 0, 1, 1)
(-62, -4, 0, 1, 4, 1)
(-65, -3, 0, 1, 4, 1)
(-68, -2, 0, 1, 1, 1)
(-66, -4, 0, 0, -2, 0)
(-64, -7, -1, 0, 0, 0)
(-62, -15, -2, 0, 3, 1)
(-64, -24, -6, 0, 7, 4)
(-71, -39, -8, -1, 10, 6)
(-80, -52, -7, 0, 12, 7)
(-92, -62, -6, 1, 8, 5)
(-101, -71, -6, 1, 1, -4)
(-103, -85, -6, 2, -13, -19)
(-96, -94, -8, 8, -23, -32)
(-84, -98, -6, 15, -27, -41)
(-71, -97, -5, 23, -28, -42)
(-58, -93, -3, 29, -25, -39)
(-47, -86, 1, 31, -17, -33)
(-45, -72, 7, 32, -16, -23)
(-40, -61, 13, 25, -25, -10)
(-28, -51, 18, 24, -35, 3)
(-19, -36, 22, 25, -40, 20)
(-1, -5, 23, 29, -41, 44)
(17, 37, 18, 25, -29, 72)
(24, 89, 13, 16, -10, 103)
(18, 127, 3, 7, 3, 127)
(-10, 127, -8, 1, 3, 127)
(-47, 127, -11, 1, -5, 127)
(-98, 127, -9, -12, -12, 127)
(-127, 127, 0, -38, -11, 120)
(-127, 102, -17, -59, 6, 48)
(-127, 25, 7, -43, 7, -86)
(-92, 61, 6, 18, -18, -106)
(-24, 100, -22, 8, -37, -106)
(5, 87, -7, -15, -30, -123)
(20, 76, 15, 19, 6, -107)
(10, 105, 5, 32, 44, -103)
(-2, 112, 16, 12, 61, -103)
(-18, 104, 20, 6, 56, -97)
(-26, 73, 6, 0, 14, -74)
(-20, 62, -2, 6, 8, -57)
(-16, 43, -1, 9, 11, -38)
(-14, 20, 6, 11, 21, -24)
(-23, 4, 11, 8, 28, -13)
(-33, -24, 12, -13, 11, 2)
(-23, -91, -6, -41, -8, 62)
(-30, -110, -17, -26, 19, 89)
(-61, -94, -19, 0, 56, 104)
(-104, -68, -16, 7, 65, 101)
(-127, -52, -8, 0, 47, 85)
(-127, -48, -5, -10, 19, 64)
(-127, -52, -6, -15, -3, 43)
(-120, -58, -3, -9, -11, 26)
(-104, -54, -1, 3, -9, 12)
(-95, -44, 3, 9, -8, 0)
BatchID:  13




(-64, -4, 2, 4, 1, 3)
(-65, -4, 2, 4, 1, 3)
(-66, -4, 2, 4, 1, 2)
(-67, -4, 2, 4, 0, 2)
(-66, -3, 3, 3, 0, 1)
(-66, -4, 2, 2, 0, 1)
(-65, -5, 2, 1, 0, 1)
(-64, -6, 1, 2, 0, 1)
(-65, -6, 1, 2, 1, 0)
(-65, -6, 2, 1, 2, 0)
(-66, -5, 3, 1, 1, 0)
(-66, -4, 3, 1, 0, 0)
(-66, -4, 2, 1, 0, 0)
(-65, -4, 2, 1, 0, 0)
(-64, -5, 1, 1, 0, 0)
(-63, -8, 1, 2, 0, 1)
(-64, -11, 2, 3, 0, 1)
(-66, -16, 4, 4, 0, 2)
(-70, -22, 6, 2, -1, 1)
(-73, -37, 6, -3, 0, 0)
(-80, -60, 1, -12, -1, 0)
(-94, -90, 0, -18, -1, -3)
(-105, -118, 0, -16, -5, -16)
(-112, -127, 1, -5, -14, -31)
(-103, -127, 0, 7, -24, -42)
(-79, -120, 6, 11, -19, -39)
(-64, -103, 1, 11, -6, -33)
(-56, -89, 0, 9, 3, -21)
(-56, -76, -4, 5, 0, -8)
(-53, -65, -3, 10, -17, 3)
(-44, -51, 0, 31, -48, 24)
(-13, -6, 12, 51, -62, 48)
(14, 56, 15, 34, -68, 76)
(45, 103, 28, -2, -57, 127)
(51, 127, 34, -26, -33, 127)
(41, 127, 30, -26, -6, 127)
(5, 127, -7, -12, 18, 127)
(-54, 127, -53, -24, 47, 127)
(-127, 127, -47, -26, 55, 116)
(-127, 81, -32, 10, 34, 23)
(-127, 50, 42, 34, -77, -95)
(-62, 127, 11, 36, -127, -95)
(83, 101, -6, -46, -99, -116)
(92, 29, 30, -25, -12, -104)
(50, 63, 13, 24, 65, -92)
(5, 87, 14, 5, 79, -85)
(-23, 87, 22, 5, 59, -85)
(-23, 98, 10, -8, 26, -84)
(-7, 92, 4, -20, 9, -76)
(-4, 81, -3, -22, 8, -65)
(-10, 60, -6, -13, 15, -56)
(-32, 40, -6, 9, 21, -38)
(-33, 24, -6, 6, 21, -27)
(-32, 0, -5, -1, 24, -10)
(-39, -30, -6, -8, 24, 14)
(-55, -59, -12, -12, 17, 33)
(-69, -79, -8, -4, 4, 52)
(-73, -82, 4, 11, 0, 61)
(-74, -67, 18, 21, 6, 63)
(-82, -47, 21, 9, 16, 62)
(-94, -51, 21, -6, 17, 64)
(-107, -51, 10, -17, 15, 65)
(-114, -50, 4, -24, 13, 57)
(-117, -49, -1, -23, 14, 47)
(-114, -48, 0, -16, 17, 33)
(-110, -40, 0, -11, 17, 20)
(-101, -34, 2, -9, 13, 9)
(-93, -31, 3, -7, 8, 0)
(-84, -28, 6, -3, 1, -6)
BatchID:  14


