(-2, 20, 55, 0, 0, 0)
(-2, 20, 55, 0, 0, 0)
(-2, 20, 55, 0, 0, 0)
(-1, 20, 55, 0, 0, 0)
(0, 22, 56, 0, 1, 0)
(0, 23, 56, 0, 1, 0)
(0, 22, 56, -1, 2, 1)
(0, 22, 57, -1, 3, 1)
(2, 25, 55, -3, 7, 2)
(2, 26, 56, -6, 12, 1)
(0, 26, 56, -8, 16, 0)
(-2, 27, 56, -9, 17, 2)
(-2, 25, 56, -11, 13, 4)
(-1, 27, 56, -12, 15, 4)
(0, 28, 55, -14, 20, 4)
(-1, 25, 57, -16, 23, 5)
(-2, 24, 55, -16, 26, 7)
(-5, 23, 56, -17, 28, 9)
(-6, 22, 56, -18, 28, 10)
(-7, 21, 56, -17, 27, 11)
(-9, 21, 56, -18, 28, 12)
(-10, 21, 57, -19, 28, 12)
(-12, 20, 58, -20, 27, 13)
(-11, 18, 59, -20, 26, 12)
(-11, 19, 59, -21, 29, 11)
(-15, 19, 61, -22, 30, 10)
(-17, 18, 59, -24, 24, 12)
(-16, 15, 60, -25, 21, 12)
(-14, 14, 59, -24, 21, 11)
(-16, 13, 59, -23, 17, 13)
(-15, 12, 57, -22, 17, 14)
(-15, 10, 57, -21, 17, 13)
(-17, 9, 56, -18, 17, 13)
(-19, 8, 56, -15, 14, 12)
(-19, 8, 55, -11, 10, 12)
(-18, 9, 55, -10, 8, 11)
(-19, 8, 56, -10, 5, 11)
(-18, 8, 56, -9, 4, 10)
(-17, 9, 55, -8, 3, 10)
(-18, 8, 56, -7, 4, 9)
(-19, 8, 56, -6, 3, 10)
(-19, 8, 56, -4, 3, 10)
(-20, 9, 58, -4, 2, 9)
(-20, 10, 58, -5, 1, 7)
(-20, 9, 59, -6, 1, 5)
(-20, 8, 59, -6, 0, 5)
(-19, 7, 59, -6, -1, 5)
(-19, 7, 59, -6, 0, 5)
(-19, 7, 59, -5, -1, 5)
(-19, 7, 60, -6, -1, 5)
(-20, 7, 59, -6, -1, 5)
(-20, 8, 60, -6, -2, 4)
(-20, 8, 59, -7, -1, 4)
(-18, 9, 59, -8, -1, 4)
(-19, 9, 58, -10, 0, 4)
(-21, 8, 58, -11, -1, 4)
(-20, 7, 58, -10, -2, 4)
(-21, 7, 58, -10, -2, 4)
(-20, 6, 58, -10, -3, 4)
(-18, 5, 58, -10, -2, 5)
(-17, 4, 58, -9, -1, 6)
(-15, 3, 60, -7, 2, 8)
(-16, 4, 60, -8, 3, 9)
(-16, 3, 60, -9, 3, 9)
(-16, 1, 60, -8, 3, 9)
(-16, 0, 60, -8, 3, 9)
(-16, 0, 60, -7, 3, 9)
(-17, 0, 60, -7, 2, 9)
(-16, 0, 60, -7, 1, 8)
(-15, 0, 61, -7, 1, 7)
BatchID:  1




(-19, -4, 65, 4, 2, 8)
(-20, -3, 67, 4, 1, 7)
(-20, -1, 66, 2, 0, 7)
(-19, 0, 65, 0, 0, 5)
(-19, -1, 63, -2, 0, 3)
(-18, -4, 61, -4, 0, 2)
(-18, -7, 58, -3, 0, 2)
(-18, -8, 58, -1, 0, 2)
(-18, -10, 57, 1, 0, 1)
(-17, -9, 57, 2, 0, 1)
(-18, -9, 56, 3, 0, 1)
(-17, -9, 58, 3, 1, 0)
(-19, -9, 57, 2, 2, 0)
(-21, -10, 58, 2, 1, 0)
(-21, -9, 58, 3, 0, 0)
(-21, -9, 60, 4, 0, -1)
(-20, -7, 61, 5, 0, -2)
(-22, -6, 64, 6, 0, -2)
(-21, -5, 64, 5, 0, -3)
(-21, -4, 65, 4, 0, -4)
(-22, -3, 65, 3, 0, -7)
(-21, -3, 64, 1, 0, -9)
(-21, -4, 63, 0, 0, -10)
(-21, -5, 63, 0, 0, -11)
(-20, -5, 62, 0, 0, -11)
(-19, -6, 62, 1, 1, -11)
(-19, -4, 62, 1, 1, -11)
(-18, -4, 61, 0, 2, -12)
(-17, -5, 59, 0, 3, -13)
(-18, -5, 58, -1, 3, -13)
(-18, -5, 57, -2, 3, -13)
(-17, -6, 56, -1, 2, -13)
(-18, -8, 55, 0, 1, -14)
(-17, -7, 56, 3, 1, -14)
(-17, -6, 56, 4, 1, -14)
(-16, -4, 58, 4, 0, -14)
(-16, -4, 57, 4, 0, -14)
(-17, -4, 58, 4, 0, -14)
(-18, -5, 58, 5, 0, -13)
(-19, -6, 58, 7, -1, -13)
(-18, -5, 60, 8, -1, -13)
(-18, -4, 63, 9, 0, -12)
(-18, -2, 64, 8, 0, -11)
(-17, -2, 63, 6, 0, -11)
(-17, -3, 63, 5, 0, -11)
(-18, -4, 62, 4, 1, -11)
(-18, -4, 61, 5, 1, -10)
(-18, -5, 61, 5, 0, -10)
(-18, -4, 61, 5, 0, -10)
(-18, -3, 62, 6, -1, -10)
(-18, -3, 62, 5, -1, -10)
(-18, -2, 63, 4, -2, -10)
(-17, -2, 62, 3, -3, -10)
(-17, -3, 62, 3, -3, -10)
(-17, -3, 62, 3, -2, -9)
(-17, -2, 63, 3, -2, -9)
(-16, -1, 64, 3, -2, -9)
(-16, 0, 63, 2, -2, -9)
(-15, 0, 63, 1, -2, -8)
(-16, 0, 63, 0, -1, -8)
(-16, 0, 62, -1, -2, -8)
(-15, -1, 61, -2, -2, -7)
(-15, -2, 59, -2, -2, -7)
(-15, -3, 60, -1, -2, -6)
(-14, -3, 59, 0, -2, -5)
(-15, -2, 60, 0, -2, -5)
(-15, -1, 60, 0, -1, -4)
(-15, 0, 61, -1, -1, -4)
(-16, 0, 61, -2, -1, -3)
(-16, 0, 60, -3, -2, -3)
(-15, -2, 60, -2, -1, -2)
(-16, -2, 58, -2, 0, -1)
BatchID:  2




(-17, -5, 59, 2, -1, -5)
(-17, -4, 60, 2, 0, -5)
(-17, -4, 61, 1, 0, -4)
(-17, -4, 61, 0, 0, -4)
(-16, -4, 61, 0, 0, -3)
(-16, -5, 60, 0, 0, -3)
(-16, -6, 59, 0, 0, -3)
(-17, -7, 59, 1, 0, -2)
(-17, -5, 59, 1, 0, -2)
(-18, -5, 61, 1, 1, -2)
(-19, -4, 62, 1, 0, -2)
(-19, -3, 62, 0, 0, -2)
(-19, -3, 62, 0, -1, -3)
(-18, -4, 61, -1, 0, -3)
(-19, -4, 61, -1, 0, -3)
(-18, -5, 60, -1, 0, -3)
(-18, -5, 60, 0, 0, -3)
(-18, -4, 60, 0, 0, -3)
(-18, -4, 61, 0, -1, -2)
(-18, -3, 62, 0, -1, -2)
(-17, -2, 61, 0, 0, -1)
(-17, -3, 61, -1, 0, -1)
(-17, -4, 61, -1, 0, -1)
(-18, -5, 61, 0, 1, 0)
(-19, -4, 60, 0, 0, 0)
(-17, -4, 60, -1, 0, 0)
(-17, -5, 60, -1, 0, 0)
(-18, -5, 60, 0, 0, 0)
(-18, -5, 61, 0, 0, 0)
(-18, -4, 61, 0, 0, 0)
(-18, -4, 61, 0, 0, 0)
(-19, -5, 60, 0, 0, -1)
(-19, -5, 60, 0, 0, -1)
(-18, -4, 60, 0, 0, -1)
(-17, -4, 60, 0, -1, -1)
(-17, -4, 60, 0, 0, 0)
(-16, -5, 59, 0, 0, 0)
(-17, -7, 58, 0, 1, 0)
(-19, -8, 58, 1, 1, 0)
(-20, -8, 58, 3, 0, 1)
(-20, -7, 60, 3, 0, 0)
(-20, -7, 61, 3, 0, 0)
(-20, -7, 63, 3, 0, 0)
(-20, -5, 63, 2, 0, 0)
(-21, -3, 65, 1, 0, -1)
(-21, -2, 65, 0, -1, -2)
(-19, 0, 65, -3, -2, -3)
(-18, -1, 63, -6, -2, -3)
(-17, -2, 60, -7, -1, -3)
(-16, -4, 58, -7, 0, -2)
(-15, -5, 56, -6, 0, -1)
(-15, -6, 54, -3, 0, 0)
(-16, -8, 54, -1, 1, 1)
(-18, -9, 54, 2, 1, 1)
(-19, -8, 55, 4, 0, 2)
(-20, -7, 59, 6, -2, 1)
(-20, -6, 61, 6, -1, 0)
(-20, -4, 63, 5, 0, 0)
(-20, -3, 65, 3, 0, -1)
(-19, -2, 65, 1, 0, -1)
(-19, -1, 66, -1, 0, -1)
(-18, -1, 63, -3, 0, -1)
(-16, -3, 61, -5, 0, -1)
(-16, -5, 59, -4, 0, 0)
(-16, -6, 58, -3, 1, 0)
(-17, -7, 58, 0, 2, 1)
(-19, -7, 58, 1, 2, 2)
(-18, -6, 58, 1, 0, 2)
BatchID:  3




(-18, -6, 56, -2, 0, 2)
(-19, -6, 56, -1, 0, 2)
(-19, -6, 57, 0, 0, 2)
(-20, -5, 59, 1, 0, 2)
(-20, -4, 60, 1, 0, 1)
(-20, -4, 61, 0, 0, 1)
(-20, -3, 62, 0, 0, 0)
(-20, -2, 63, 0, 0, 0)
(-20, -3, 62, 0, -1, 0)
(-19, -3, 63, 0, 0, 0)
(-18, -2, 61, -1, 0, 0)
(-18, -3, 60, -2, 0, 0)
(-18, -4, 59, -2, 0, 0)
(-17, -5, 59, 0, 0, 0)
(-16, -6, 58, 0, 0, 1)
(-16, -6, 58, 0, 1, 1)
(-18, -6, 58, 1, 1, 1)
(-18, -6, 58, 1, 0, 2)
(-18, -7, 59, 1, 0, 2)
(-18, -7, 60, 1, 0, 2)
(-18, -8, 60, 1, 1, 2)
(-19, -7, 60, 2, 1, 2)
(-20, -6, 62, 2, 0, 2)
(-20, -6, 62, 2, 0, 2)
(-20, -5, 62, 2, 0, 1)
(-20, -5, 63, 1, 0, 1)
(-19, -4, 63, 0, 1, 0)
(-20, -4, 63, 0, 1, 0)
(-20, -4, 63, 0, 0, 0)
(-19, -4, 61, -1, 0, 0)
(-19, -4, 61, -1, 0, -1)
(-18, -4, 60, -1, 0, -1)
(-17, -4, 60, -1, -1, -1)
(-17, -4, 60, -1, 0, 0)
(-17, -5, 59, 0, 0, 0)
(-16, -5, 60, 0, 0, 0)
(-16, -5, 59, 0, 0, 0)
(-17, -5, 58, 0, 0, 1)
(-18, -6, 57, 0, 0, 1)
(-17, -6, 58, 0, 0, 1)
(-18, -6, 58, 1, 0, 1)
(-18, -6, 59, 2, 0, 2)
(-18, -6, 60, 2, 0, 2)
(-19, -5, 60, 2, 0, 2)
(-19, -4, 61, 2, 0, 2)
(-19, -3, 62, 1, 0, 1)
(-20, -2, 62, 1, 0, 1)
(-20, -2, 62, 0, -2, 1)
(-18, -3, 61, 0, -1, 0)
(-17, -3, 61, 0, 0, 0)
(-17, -3, 60, 0, 0, 0)
(-18, -4, 60, 1, -1, 0)
(-18, -4, 60, 1, -2, 0)
(-17, -5, 60, 1, -2, 0)
(-16, -4, 60, 2, -1, 0)
(-17, -4, 60, 2, 0, 0)
(-18, -5, 61, 2, 0, 1)
(-18, -5, 61, 1, -1, 1)
(-18, -5, 60, 0, 0, 1)
(-18, -6, 60, 0, 0, 1)
(-19, -6, 61, 1, 0, 1)
(-19, -5, 60, 1, 0, 1)
(-19, -5, 62, 0, 0, 1)
(-19, -4, 63, 0, 1, 0)
(-20, -3, 64, 0, 1, 0)
(-20, -2, 63, 0, 0, 0)
(-20, -3, 63, -1, 0, 0)
(-19, -2, 62, -2, 0, 0)
(-18, -1, 62, -3, 0, -1)
(-17, -2, 61, -3, 0, -1)
(-17, -3, 59, -3, 0, -1)
(-16, -4, 58, -2, 0, 0)
(-15, -5, 58, -1, 0, 0)
(-15, -4, 58, 0, 0, 0)
BatchID:  4




(-18, -11, 58, 0, -2, 3)
(-18, -10, 58, 0, -1, 3)
(-19, -10, 58, -1, 0, 3)
(-19, -11, 58, -1, 0, 4)
(-20, -12, 58, 0, 1, 5)
(-22, -10, 59, 0, -1, 5)
(-21, -11, 59, 1, -1, 5)
(-20, -10, 59, 2, 0, 4)
(-21, -8, 60, 2, 0, 3)
(-21, -8, 61, 0, 0, 3)
(-21, -10, 60, 0, 0, 2)
(-22, -11, 60, 0, 0, 2)
(-22, -11, 60, 2, -1, 1)
(-22, -11, 60, 2, -3, 1)
(-20, -12, 60, 3, -4, 1)
(-18, -11, 61, 3, -2, 2)
(-19, -11, 62, 3, -1, 2)
(-19, -11, 61, 2, 0, 2)
(-19, -11, 61, 1, 0, 2)
(-19, -11, 61, 0, 0, 2)
(-19, -12, 59, 0, 0, 2)
(-20, -12, 60, 0, 0, 3)
(-20, -12, 61, 0, -1, 3)
(-21, -11, 61, 1, 0, 3)
(-22, -10, 61, 2, -1, 3)
(-21, -9, 62, 2, -1, 2)
(-21, -8, 61, 1, -1, 1)
(-20, -8, 62, 0, 0, 0)
(-21, -7, 61, -1, -1, 0)
(-21, -8, 61, -2, -2, 0)
(-20, -9, 60, -1, -2, 0)
(-20, -10, 61, 0, -2, 0)
(-18, -10, 60, 0, -1, 0)
(-18, -10, 59, 0, 0, 1)
(-18, -10, 59, 0, 0, 1)
(-19, -9, 60, 0, 1, 1)
(-20, -10, 60, 0, 0, 1)
(-20, -9, 60, 0, -1, 1)
(-19, -11, 62, 0, 0, 1)
(-19, -10, 62, 0, 1, 1)
(-20, -9, 61, 0, 1, 1)
(-20, -8, 61, 0, 1, 0)
(-20, -8, 61, 0, 1, 0)
(-21, -9, 60, -1, 0, 0)
(-21, -10, 60, 0, -1, -1)
(-20, -9, 60, 0, -2, -1)
(-19, -9, 60, 0, -2, -1)
BatchID:  5




(-26, -12, 53, 6, 22, -42)
(-14, -14, 48, 25, 33, -50)
(-24, -17, 57, 46, 46, -43)
(-31, -12, 62, 54, 38, -39)
(-30, -5, 62, 55, 28, -36)
(-30, 0, 63, 49, 23, -37)
(-32, 4, 61, 39, 18, -40)
(-34, 5, 64, 27, 12, -41)
(-34, -1, 68, 22, 0, -42)
(-27, -4, 69, 22, -11, -41)
(-17, -4, 68, 20, -14, -39)
(-10, -3, 64, 19, -8, -34)
(-8, -3, 64, 19, 4, -29)
(-12, -4, 65, 19, 10, -27)
(-10, -6, 66, 20, 12, -27)
(-11, -6, 67, 20, 11, -25)
(-8, -7, 65, 12, 1, -16)
(-10, -15, 66, 9, -4, 13)
(-14, -11, 66, 7, -5, 20)
(-17, -9, 66, 3, -5, 25)
(-21, -8, 66, 1, -5, 30)
(-24, -6, 65, -2, -5, 32)
(-25, -5, 64, -6, -6, 32)
(-27, -3, 60, -15, -3, 30)
(-27, -5, 60, -18, -3, 31)
(-26, -5, 56, -20, -3, 31)
(-25, -6, 54, -23, -2, 32)
(-25, -8, 50, -25, -1, 33)
(-23, -10, 47, -24, 0, 36)
(-29, -14, 47, -14, 0, 41)
(-36, 0, 69, 8, -25, 46)
(-29, 1, 70, -1, -23, 42)
(-25, -1, 72, -9, -13, 38)
(-30, -2, 74, -11, -8, 38)
(-32, 0, 72, -14, -12, 38)
(-23, 2, 59, -15, -15, 30)
(-23, 3, 56, -16, -11, 29)
(-26, 3, 55, -18, -9, 29)
(-29, -2, 54, -15, -14, 27)
(-29, -3, 56, -10, -17, 28)
(-29, 0, 58, -6, -18, 29)
(-29, 4, 62, -3, -11, 28)
(-31, 1, 52, -18, 3, 10)
(-31, 0, 50, -17, 4, 10)
(-31, -1, 49, -16, 3, 9)
(-30, -4, 47, -14, 2, 6)
(-29, -5, 47, -11, 2, 3)
(-29, -6, 47, -7, 3, 0)
(-29, -5, 48, -5, 2, 0)
(-29, -5, 49, -3, 0, -2)
(-29, -4, 51, -1, -2, -3)
(-28, -6, 54, 2, -4, -4)
(-26, -6, 57, 6, -5, -4)
(-23, -4, 59, 10, -3, -4)
(-23, -3, 59, 12, 0, -4)
(-24, -1, 61, 13, 3, -5)
(-24, 0, 61, 11, 5, -7)
(-27, -1, 61, 10, 4, -10)
(-26, -3, 61, 9, 0, -12)
BatchID:  6




(-18, -13, 60, -1, 0, -23)
(-18, -12, 58, -2, 3, -22)
(-21, -13, 57, -4, 5, -22)
(-22, -15, 57, -4, 5, -21)
(-24, -16, 56, -3, 3, -22)
(-24, -17, 56, -1, 0, -23)
(-23, -17, 56, 0, -1, -23)
(-23, -17, 57, 1, -4, -23)
(-23, -16, 60, 2, -6, -23)
(-23, -15, 61, 4, -8, -22)
(-23, -13, 64, 5, -9, -21)
(-21, -11, 65, 4, -10, -21)
(-20, -8, 66, 2, -9, -21)
(-18, -6, 65, 0, -8, -21)
(-15, -8, 64, -2, -7, -19)
(-16, -7, 63, -1, -5, -18)
(-15, -14, 55, 2, 0, 14)
(-20, -9, 61, 5, 1, -31)
(-19, -7, 62, 4, 1, -32)
(-17, -7, 63, 4, 0, -32)
(-18, -8, 64, 5, 1, -31)
(-19, -6, 65, 6, 0, -30)
BatchID:  7




(-16, -12, 60, 3, 0, 3)
(-16, -11, 64, 6, 0, 4)
(-14, -7, 65, 0, 5, 4)
(-14, -7, 65, -2, 7, 3)
(-13, -11, 60, 2, 3, 3)
(-14, -8, 63, 3, -1, 3)
(-14, -7, 64, 2, -2, 3)
(-14, -3, 64, -1, -1, 3)
(-17, -2, 63, -3, 0, 3)
(-17, -2, 60, -4, -1, 3)
(-15, -3, 59, -5, 0, 2)
(-15, -4, 58, -5, 1, 2)
(-15, -5, 57, -5, 2, 2)
(-18, -9, 58, 7, -1, 7)
(-18, -10, 58, 8, -1, 8)
(-21, -4, 65, 10, 0, 6)
BatchID:  8




(-15, -5, 59, -5, -4, 3)
(-14, -6, 58, -6, -4, 4)
(-13, -8, 57, -6, -3, 4)
(-13, -10, 56, -5, -4, 5)
(-13, -12, 57, -2, -5, 6)
(-13, -12, 57, 0, -8, 7)
(-13, -11, 58, 2, -9, 9)
(-13, -10, 59, 4, -8, 10)
(-14, -9, 61, 4, -8, 10)
(-14, -8, 62, 4, -7, 10)
(-15, -7, 65, 5, -8, 10)
(-16, -5, 68, 6, -10, 11)
(-15, -3, 69, 6, -12, 11)
(-15, 0, 71, 3, -12, 11)
(-13, 0, 71, 0, -11, 11)
(-11, 0, 69, -4, -8, 10)
(-11, -2, 67, -7, -6, 10)
(-10, -4, 64, -9, -5, 9)
(-9, -5, 61, -10, -3, 9)
(-10, -7, 60, -10, -3, 8)
(-10, -8, 58, -9, -4, 9)
(-11, -10, 58, -5, -6, 9)
(-12, -9, 57, -2, -9, 9)
(-11, -8, 59, -1, -12, 10)
(-10, -6, 60, 0, -12, 10)
(-10, -6, 60, 0, -10, 9)
(-9, -4, 60, 0, -7, 8)
(-9, -5, 60, 0, -5, 8)
(-10, -6, 60, 0, -4, 8)
(-8, -7, 59, 0, -4, 8)
(-6, -8, 57, 0, -2, 8)
(-6, -9, 57, 0, 0, 9)
(-6, -10, 56, 0, 1, 10)
(-7, -11, 57, 1, 1, 10)
(-8, -12, 58, 2, 1, 11)
(-9, -11, 60, 2, 0, 11)
(-10, -10, 60, 2, 0, 11)
(-9, -10, 61, 1, 0, 11)
(-11, -9, 64, 1, 3, 8)
(-12, -9, 64, 2, 3, 8)
(-13, -7, 64, 2, 1, 7)
(-13, -7, 64, 1, 0, 6)
(-12, -7, 63, 0, 0, 4)
(-12, -8, 63, 0, 1, 4)
(-12, -9, 62, 0, 2, 3)
(-12, -8, 61, 0, 1, 3)
(-12, -9, 61, 0, 1, 2)
(-11, -9, 61, 0, 2, 2)
(-11, -8, 61, 1, 2, 2)
(-11, -8, 62, 1, 3, 2)
(-11, -7, 61, 0, 3, 2)
(-11, -8, 60, 0, 3, 2)
(-10, -9, 60, 0, 3, 2)
(-10, -9, 60, 0, 4, 2)
(-11, -9, 59, 1, 5, 2)
(-12, -10, 59, 1, 5, 1)
(-13, -11, 59, 1, 4, 1)
(-13, -11, 59, 2, 4, 0)
BatchID:  9




(-25, 4, 62, 5, -11, -9)
(-24, 4, 62, 6, -13, -9)
(-22, 5, 62, 6, -15, -11)
(-21, 6, 61, 5, -15, -12)
(-19, 6, 62, 5, -15, -13)
(-18, 7, 62, 6, -14, -14)
(-15, 10, 62, 4, -15, -16)
(-13, 11, 62, 2, -15, -17)
(-11, 10, 60, 1, -15, -17)
(-9, 10, 58, 1, -15, -17)
(-3, 10, 56, 4, -7, -2)
(-4, 10, 56, 4, -7, -2)
(-4, 10, 57, 3, -6, -2)
(-4, 10, 57, 3, -6, -1)
(-4, 9, 56, 3, -6, -1)
(-4, 7, 56, 3, -5, -1)
(-5, 8, 57, 4, -4, 0)
(-5, 10, 58, 3, -3, 1)
(-6, 9, 59, 2, -1, 1)
(-3, 12, 56, 3, 15, 5)
(-2, 12, 55, 1, 20, 6)
(0, 11, 54, 1, 25, 8)
(-1, 10, 52, 2, 28, 9)
(-5, 12, 55, 8, 31, 12)
BatchID:  10




(-18, 26, 42, -50, -51, -58)
(-17, 21, 42, -51, -47, -54)
(-17, 15, 43, -47, -42, -50)
(-14, 13, 43, -43, -36, -47)
(-16, -4, 48, -23, -14, -25)
(-17, -5, 49, -19, -11, -23)
(-19, -5, 52, -12, -10, -19)
(-20, -5, 53, -12, -10, -17)
(-19, -5, 53, -12, -9, -16)
(-20, -7, 54, -12, -9, -16)
(-21, -7, 54, -12, -9, -16)
(-19, -8, 54, -13, -9, -17)
(-17, -10, 55, -8, -11, -13)
(-15, -10, 55, -9, -8, -12)
(-14, -11, 55, -9, -4, -11)
(-15, -12, 56, -8, 0, -9)
(-17, -15, 58, -1, -3, -4)
(-18, -13, 59, 0, -2, -3)
(-19, -13, 59, 0, -1, -1)
(-19, -15, 58, 1, -2, 0)
(-18, -15, 58, 1, -2, 0)
(-19, -16, 58, 2, 0, 1)
(-19, -16, 58, 3, 0, 1)
(-19, -12, 60, 0, -2, 0)
(-19, -15, 60, 0, 0, -1)
(-19, -15, 59, 1, 0, -1)
(-18, -15, 60, 2, 0, 0)
(-18, -15, 59, 3, 0, 0)
(-18, -15, 60, 3, 0, 0)
BatchID:  11




(-26, 0, 59, 3, 1, -9)
(-26, 0, 58, 3, 1, -9)
(-24, 0, 56, 2, 2, -10)
(-30, -4, 52, 16, -3, -8)
(-31, -3, 54, 17, -5, -9)
(-32, -3, 56, 18, -7, -10)
(-33, -3, 56, 19, -7, -11)
(-32, -2, 57, 20, -7, -12)
(-33, -3, 56, 19, -7, -13)
(-33, -3, 56, 20, -7, -15)
(-35, -3, 57, 20, -9, -16)
(-35, -2, 58, 20, -11, -16)
(-35, -2, 57, 20, -13, -16)
(-35, 0, 60, 14, -10, -18)
(-36, 2, 60, 14, -13, -17)
(-35, 4, 60, 11, -15, -17)
(-34, 5, 60, 7, -13, -17)
(-34, 6, 60, 5, -10, -18)
(-34, 6, 60, 2, -7, -19)
(-32, 6, 58, 0, -2, -20)
(-33, 6, 57, -1, 0, -22)
(-33, 6, 55, -3, 3, -22)
(-26, 7, 53, 3, 6, -22)
(-26, 6, 52, 4, 6, -22)
(-26, 6, 52, 5, 5, -21)
(-24, 5, 52, 7, 1, -19)
(-22, 4, 53, 7, 0, -18)
(-22, 0, 55, 2, -2, 4)
(-23, -2, 56, 2, 0, 7)
(-25, -2, 57, 3, 0, 10)
(-27, 0, 58, 4, -1, 13)
(-29, 0, 60, 5, -1, 15)
(-31, 2, 61, 6, -2, 17)
(-31, 4, 62, 4, -2, 17)
(-31, 5, 62, 1, 0, 16)
(-31, 5, 62, -1, 1, 13)
(-31, 4, 60, -4, 8, 8)
(-31, 3, 59, -4, 7, 7)
(-30, 2, 57, -5, 5, 5)
(-28, 3, 56, -5, 3, 4)
(-25, 2, 56, -6, 2, 3)
(-23, 2, 55, -5, 3, 3)
(-22, 2, 56, -4, 3, 4)
(-22, 2, 56, -3, 4, 5)
(-23, 2, 57, -2, 3, 6)
(-21, 6, 56, -3, 3, 7)
(-20, 5, 60, 0, 5, 2)
BatchID:  12




(-26, 28, 51, 11, -4, 12)
(-23, 29, 49, 10, -3, 10)
(-23, 30, 50, 8, 0, 9)
(-24, 31, 48, 5, 0, 8)
(-22, 30, 46, 2, 1, 7)
(-20, 27, 44, 0, 6, 5)
(-18, 25, 41, 0, 9, 4)
(-18, 24, 39, 0, 14, 4)
(-18, 23, 35, 0, 17, 5)
(-17, 23, 33, 0, 20, 6)
(-31, 25, 40, 11, 18, 10)
(-34, 35, 41, 14, -22, 16)
(-27, 35, 41, 9, -30, 13)
(-19, 34, 39, 5, -26, 9)
(-21, 31, 40, 10, 15, 10)
(-14, 31, 38, 1, 1, 6)
(-33, 35, 45, 19, 13, 14)
(-36, 42, 46, 19, -3, 16)
(-29, 43, 48, -2, 5, 3)
(-28, 42, 46, -3, 5, 0)
(-30, 41, 47, -5, 4, -2)
(-29, 40, 45, -8, 1, -4)
(-28, 38, 44, -10, 2, -6)
(-28, 37, 44, -13, 0, -8)
(-26, 35, 43, -13, -1, -9)
(-27, 35, 43, -11, -4, -10)
(-25, 35, 44, -12, -3, -12)
(-24, 35, 45, -14, -3, -14)
(-24, 35, 45, -15, 0, -14)
(-25, 34, 46, -15, 0, -15)
(-25, 35, 46, -17, 0, -16)
(-25, 34, 46, -21, 0, -16)
(-23, 20, 44, -17, 3, -17)
(-23, 20, 44, -17, 3, -15)
(-25, 19, 44, -17, 3, -14)
(-25, 18, 44, -16, 2, -13)
(-26, 17, 44, -15, 3, -13)
(-28, 16, 44, -13, 2, -12)
(-27, 15, 44, -11, 2, -12)
(-28, 15, 44, -9, 2, -11)
(-29, 13, 44, -7, 1, -10)
(-29, 14, 45, -4, 0, -9)
BatchID:  13




(-28, 9, 42, 10, 22, 6)
(-28, 8, 40, 11, 23, 5)
(-27, 8, 38, 10, 24, 3)
(-28, 6, 38, 9, 24, 2)
(-33, 5, 40, 10, 21, 2)
(-41, 11, 47, 13, -3, 3)
(-44, 16, 54, 14, -17, 6)
(-46, 21, 59, 15, -31, 8)
(-45, 27, 63, 14, -43, 9)
(-38, 32, 67, 11, -45, 10)
(-32, 36, 71, 7, -36, 12)
(-28, 37, 73, 1, -19, 15)
(-24, 36, 72, -2, 1, 19)
(-24, 36, 71, -4, 27, 22)
BatchID:  14

(-1, 56, 11, 17, 11, -3)
(0, 57, 9, 15, 16, -4)
(0, 58, 9, 12, 22, -5)
(0, 56, 9, 10, 26, -5)
(1, 55, 7, 11, 30, -6)
(1, 57, 5, 11, 34, -6)
(1, 58, 2, 9, 36, -5)
(0, 58, 1, 8, 39, -3)
(-3, 62, 5, 10, 37, 0)
(-1, 66, 4, 12, 32, 3)
(2, 70, 1, 10, 35, 6)
(4, 73, -3, 4, 41, 6)
(3, 72, -6, -6, 50, 7)
(1, 67, -8, -11, 58, 9)
(-2, 62, -9, -11, 62, 11)
(-6, 58, -11, -9, 63, 13)
initiating handshake with 80:30:DC:D9:0C:E8
(-10, 53, -7, -2, -20, -11)
(-8, 53, -7, -1, -13, -18)
(-6, 53, -7, 0, -9, -23)
(-5, 53, -7, 0, -5, -27)
(-4, 54, -6, 1, -4, -30)
(-1, 57, 0, 0, -14, -17)
(-1, 57, 0, 0, -17, -15)
(-2, 58, 0, -1, -19, -14)
(-3, 57, 0, -2, -22, -12)
(-2, 56, 1, -2, -24, -12)
(-1, 56, 1, -2, -25, -12)
(0, 56, 0, -3, -25, -11)
(0, 54, 1, -4, -25, -9)
(-2, 53, 3, -3, -25, -6)
BatchID:  1




(6, 62, -7, -7, 50, 54)
(4, 89, -10, -5, 61, 82)
(1, 96, -12, -5, 62, 93)
(-1, 100, -15, -7, 63, 102)
(-6, 102, -14, -7, 65, 108)
(-36, 13, -8, -26, 100, 33)
(-34, 51, 4, 49, 53, 0)
(-29, 63, 2, 34, 43, -3)
(-30, 70, 3, 10, 28, -4)
(-28, 64, 4, -13, 11, 0)
(-17, 49, -7, -33, -1, -1)
(-15, 49, -14, -4, 21, -15)
(-17, 48, -14, 2, 27, -19)
(-21, 45, -11, 7, 30, -23)
(-23, 43, -6, 16, 28, -27)
(-25, 43, -4, 25, 20, -30)
(-1, 64, 12, 9, -67, -29)
(0, 63, 12, 4, -53, -32)
(-1, 63, 10, 1, -38, -36)
BatchID:  2




(-13, 40, 8, 8, -12, 21)
(-14, 45, 8, 12, -14, 21)
(-14, 51, 8, 15, -17, 22)
(-13, 57, 8, 18, -20, 23)
(-14, 60, 9, 17, -24, 23)
(-14, 60, 10, 17, -28, 24)
(-13, 62, 9, 19, -28, 23)
(-12, 67, 6, 19, -25, 20)
(-10, 73, 3, 15, -20, 15)
(-11, 75, 1, 7, -14, 9)
(-12, 53, 0, 4, -3, -24)
(-10, 56, -3, 5, -3, -29)
(-9, 58, -5, 1, -4, -32)
(-9, 57, -5, -2, -7, -32)
(-8, 47, -10, 0, -28, -13)
(-8, 45, -9, 7, -32, -10)
(-7, 46, -11, 13, -36, -9)
(-6, 49, -12, 14, -38, -7)
(-5, 52, -12, 14, -39, -7)
(-4, 58, -11, 14, -41, -5)
(-5, 65, -11, 12, -46, -2)
(-4, 69, -11, 9, -53, 1)
(-4, 69, -14, 3, -58, 5)
(-3, 63, -15, -1, -60, 7)
(-4, 58, -17, -3, -57, 7)
(-2, 55, -18, -4, -52, 4)
(-3, 53, -21, -6, -43, 0)
(-2, 51, -22, -7, -34, -5)
(-3, 50, -22, -5, -28, -10)
(-3, 49, -18, 4, -28, -10)
(-4, 50, -15, 6, -34, 0)
(-5, 51, -14, 6, -38, 4)
(-5, 52, -13, 5, -41, 6)
(-5, 54, -14, 4, -44, 7)
(-3, 56, -13, 3, -45, 9)
(-5, 65, -13, -1, -36, 12)
(-6, 66, -15, -2, -34, 10)
(-8, 66, -15, -4, -33, 8)
(-11, 66, -14, -3, -34, 6)
(-14, 65, -11, -1, -37, 3)
(-13, 63, -9, 2, -42, 0)
(-12, 66, -8, 5, -44, -5)
(-10, 70, -7, 3, -45, -11)
(-8, 70, -4, 0, -45, -17)
(-6, 69, -2, -2, -44, -22)
(-3, 69, -2, -3, -42, -26)
(-8, 42, 8, 0, -51, -22)
(-6, 42, 8, 0, -52, -22)
(-2, 46, 11, -8, -52, -17)
(0, 50, 9, -10, -49, -15)
BatchID:  3




(-5, 63, -3, -43, -23, -8)
(-2, 60, -4, -42, -3, -19)
(0, 58, -5, -38, 16, -28)
(0, 56, -6, -31, 35, -37)
(-3, 55, -7, -24, 48, -43)
(-5, 52, -7, -17, 58, -47)
(-7, 50, -7, -10, 62, -49)
(-10, 49, -8, -4, 60, -49)
(-14, 47, -6, 0, 55, -48)
(-16, 47, -3, 6, 43, -46)
(-17, 47, -3, 9, 26, -44)
(-16, 47, -3, 8, 10, -42)
(-16, 46, -3, 5, -4, -39)
(-15, 44, -1, 5, -20, -35)
(-14, 43, 0, 6, -35, -31)
(-13, 43, 1, 8, -47, -27)
(-12, 43, 3, 10, -60, -23)
(-9, 42, 3, 12, -68, -19)
(-5, 44, 2, 12, -70, -15)
(-3, 47, 2, 11, -70, -11)
(-3, 49, 3, 12, -68, -6)
(-4, 51, 5, 14, -67, -2)
(-6, 54, 7, 17, -66, 1)
(-6, 58, 9, 18, -67, 4)
(-5, 61, 9, 15, -67, 6)
(-4, 60, 9, 11, -64, 7)
(-4, 58, 10, 6, -59, 8)
(-5, 57, 10, 3, -52, 8)
(-6, 56, 10, 0, -45, 6)
(-5, 54, 8, -3, -38, 3)
(-6, 53, 7, -5, -29, 0)
(-7, 53, 5, -6, -17, -8)
(-8, 54, 5, -5, -14, -11)
(-8, 54, 4, -3, -13, -13)
(-7, 55, 4, -1, -13, -15)
(-7, 54, 3, 0, -13, -16)
(-8, 54, 2, 0, -14, -15)
(-8, 53, 2, 2, -16, -15)
(-9, 51, 4, 4, -20, -14)
(-9, 49, 6, 8, -24, -12)
(-9, 48, 8, 13, -30, -11)
(-8, 47, 9, 15, -34, -10)
(-6, 46, 10, 15, -37, -8)
(-6, 45, 11, 15, -38, -5)
(-5, 44, 11, 13, -38, -2)
(-7, 40, 14, 10, -38, 2)
(-8, 39, 16, 12, -40, 4)
(-6, 39, 18, 14, -42, 6)
(-5, 42, 17, 15, -40, 8)
(-3, 44, 15, 14, -36, 9)
(-1, 45, 15, 11, -30, 11)
(-2, 47, 14, 9, -23, 12)
(-5, 49, 13, 8, -12, 14)
(-6, 51, 10, 8, -8, 14)
(-6, 55, 8, 9, -5, 13)
(-4, 61, 6, 10, -1, 11)
(-6, 66, 3, 8, 2, 10)
(-7, 68, 3, 7, 5, 10)
(-8, 66, 3, 8, 5, 10)
(-9, 62, 1, 9, 5, 9)
(-10, 58, 0, 8, 6, 7)
(-11, 52, 0, 8, 8, 5)
(-12, 47, -1, 7, 10, 1)
(-12, 45, -1, 7, 12, -2)
(-13, 41, -2, 8, 13, -10)
(-14, 40, -2, 11, 10, -12)
BatchID:  4




(-34, 64, -4, 0, -16, 18)
(-47, 64, -6, -12, 1, 5)
(-70, 60, 1, -24, 8, -2)
(-95, 60, 1, -30, -10, 0)
(-107, 62, 0, -12, -46, 8)
(-103, 66, -2, 12, -70, 20)
(-99, 66, 4, 27, -66, 20)
(-95, 72, 13, 35, -54, 3)
(-81, 77, 8, 29, -33, -21)
(-69, 75, 4, 18, 6, -39)
(-79, 69, 2, 10, 38, -36)
(-100, 54, 3, 14, 35, -18)
(-111, 39, 3, 22, 6, 2)
(-103, 25, 8, 32, -32, 13)
(-82, 21, 8, 35, -59, 11)
(-66, 20, 7, 26, -57, 0)
(-52, 13, 10, 15, -36, -10)
(-44, 3, 13, 11, -6, -19)
(-53, -3, 13, 20, 20, -24)
(-76, 1, 5, 19, -21, -36)
(-67, -2, 5, 17, -56, -40)
(-52, 0, 8, 17, -74, -45)
(-26, 7, 6, 11, -75, -53)
(-13, 10, 5, 3, -51, -61)
(-7, 9, 5, -2, -13, -67)
(-12, 2, 7, 0, 13, -70)
(-24, 0, 7, 17, 25, -69)
(-30, 12, 7, 36, 30, -66)
(-35, 27, 9, 47, 32, -65)
(-41, 48, 15, 53, 37, -68)
(-44, 64, 17, 44, 30, -79)
(-46, 68, 19, 26, 10, -88)
(-41, 69, 19, 24, -3, -90)
(-36, 70, 17, 26, -20, -83)
(-29, 65, 16, 27, -35, -69)
(-20, 57, 17, 32, -37, -54)
(-11, 51, 16, 37, -26, -44)
(-11, 44, 16, 38, -6, -42)
(-21, 38, 19, 39, 8, -44)
(-27, 40, 22, 40, 6, -47)
(-43, 46, 30, 35, -20, -33)
(-44, 44, 29, 33, -53, -21)
(-54, 46, 23, 32, -81, -11)
(-73, 47, 15, 21, -127, -3)
(-67, 41, 6, 13, -127, 0)
(-36, 41, 3, 17, -127, -4)
(-8, 44, 3, 25, -127, -10)
(26, 47, 9, 24, -127, -10)
(61, 53, 17, 15, -94, -11)
(66, 51, 37, 24, -1, -17)
(22, 34, 65, 68, 77, -5)
(-15, 52, 70, 90, 100, 10)
(-45, 78, 86, 76, 72, 15)
(-57, 87, 95, 43, -3, 17)
(-31, 80, 97, 12, -57, 19)
(-8, 80, 92, -10, -70, 26)
(15, 73, 88, -29, -63, 39)
(36, 66, 87, -28, -24, 48)
(40, 68, 83, -15, 28, 53)
(23, 78, 77, -10, 69, 58)
BatchID:  5




(-6, 54, -1, 0, 0, 1)
(-7, 54, -1, 0, 1, 1)
(-8, 54, -1, 0, 2, 1)
(-10, 53, -1, 0, 2, 1)
(-10, 54, -1, 0, 1, 0)
(-10, 53, -2, 0, 1, 0)
(-10, 53, -2, 0, 2, 0)
(-10, 51, -2, 0, 2, -1)
(-10, 52, -2, 0, 2, -2)
(-9, 52, -3, 0, 2, -2)
(-8, 52, -4, 0, 3, -3)
(-8, 52, -3, 0, 3, -2)
(-8, 51, -2, 0, 3, -1)
(-8, 52, -3, 1, 3, 0)
(-9, 53, -3, 2, 2, 0)
(-9, 52, -2, 2, 1, 0)
(-9, 52, -3, 2, 1, 1)
(-9, 53, -2, 2, 0, 1)
(-9, 52, -2, 2, 1, 2)
(-10, 53, -2, 1, 1, 1)
(-10, 53, 0, 1, 1, 1)
(-10, 52, 0, 2, 0, 1)
(-9, 54, 0, 2, 1, 0)
(-8, 54, 0, 1, 2, 0)
(-9, 53, 0, 1, 4, 0)
(-9, 52, -2, 1, 4, 0)
(-9, 50, -3, 1, 5, 0)
(-11, 48, -5, 3, 6, 0)
(-12, 45, -5, 3, 3, 0)
(-11, 42, -4, 4, 0, 0)
(-10, 40, -3, 5, -1, 0)
(-10, 38, -3, 4, -3, 1)
(-9, 34, -1, 4, -4, 3)
(-7, 35, 0, 6, -1, 5)
(-8, 39, 3, 6, -1, 9)
(-9, 41, 5, 2, -1, 14)
(-11, 38, 5, -3, -2, 20)
(-15, 32, 6, -8, -3, 23)
(-18, 27, 5, -11, -3, 23)
(-20, 27, 2, -15, -1, 21)
(-19, 34, 0, -18, 0, 16)
(-15, 45, -2, -20, 5, 9)
(-13, 60, -6, -17, 7, 4)
(-11, 77, -9, -11, 7, 2)
(-14, 87, -12, -12, 4, 6)
(-16, 87, -14, -20, -1, 13)
(-16, 75, -12, -21, 0, 18)
(-16, 73, -12, -12, 4, 16)
(-15, 80, -16, -10, 9, 10)
(-9, 92, -15, -10, 18, -7)
(-8, 102, -15, -4, 16, -11)
(-5, 116, -16, 0, 13, -9)
(-1, 127, -19, -2, 10, -3)
(1, 127, -27, -19, 7, 2)
(2, 113, -31, -45, 12, 10)
(-7, 72, -25, -46, 23, 18)
(-11, 60, -27, -42, 22, 18)
(-15, 47, -24, -40, 22, 18)
(-21, 36, -17, -34, 18, 17)
BatchID:  6




(-8, 50, 13, 0, 0, -6)
(-10, 44, 17, 1, -1, -5)
(-9, 40, 22, 4, -5, -4)
(-8, 37, 25, 7, -10, -4)
(-4, 35, 25, 5, -12, -3)
(3, 36, 21, 1, -3, -5)
(6, 40, 16, -8, 10, -8)
(7, 46, 13, -23, 23, -11)
(3, 51, 10, -35, 31, -12)
(0, 54, 8, -42, 32, -10)
(-5, 56, 6, -43, 26, -6)
(-7, 56, 4, -44, 17, 0)
(-8, 54, 2, -42, 7, 5)
(-6, 51, -1, -28, 3, 15)
(-6, 50, -3, -24, 6, 17)
(-6, 48, -4, -21, 13, 16)
(-9, 44, -4, -17, 19, 12)
(-11, 40, -3, -13, 23, 6)
(-12, 39, -4, -9, 26, 0)
(-12, 39, -5, -6, 27, -6)
(-12, 39, -5, -2, 25, -12)
(-12, 39, -4, 0, 23, -15)
(-10, 40, -3, 2, 19, -16)
(-9, 42, -3, 4, 16, -15)
(-7, 44, -4, 4, 13, -14)
(-7, 46, -5, 3, 10, -11)
(-6, 47, -5, 3, 6, -7)
(-6, 47, -5, 3, 3, -4)
(-8, 47, -4, 6, -1, 0)
(-9, 46, -2, 10, -8, 4)
(-10, 45, -1, 16, -14, 8)
(-11, 44, 1, 22, -19, 11)
(-12, 45, 5, 26, -23, 12)
(-13, 47, 6, 26, -26, 9)
(-13, 47, 10, 25, -27, 6)
(-13, 47, 15, 25, -27, 3)
(-13, 50, 19, 27, -27, 2)
(-12, 55, 23, 26, -27, 3)
(-11, 57, 24, 21, -27, 4)
(-10, 58, 24, 17, -25, 4)
(-11, 60, 22, 15, -22, 5)
(-11, 62, 22, 13, -21, 4)
(-10, 62, 20, 13, -17, 3)
(-9, 63, 18, 15, -10, 1)
(-9, 66, 16, 17, -2, -2)
(-9, 57, 2, 0, -35, -14)
(-9, 52, 0, -3, -34, -15)
(-7, 51, 0, -4, -33, -16)
(-6, 44, -12, 8, -21, -14)
(-4, 46, -15, 10, -21, -11)
(-3, 46, -18, 9, -18, -8)
BatchID:  7




(22, 68, 26, 5, -12, 31)
(27, 59, 49, 7, 45, 21)
(3, 63, 80, 51, 107, -13)
(-17, 59, 29, 32, 127, -29)
(-23, 63, 8, 19, 127, -38)
(-19, 65, -10, -1, 123, -35)
(-26, 62, -13, -28, 109, -33)
(-31, 51, -4, -40, 80, -26)
(-30, 45, -1, -30, 42, -18)
(-29, 49, -4, -16, 1, -9)
(-21, 52, -7, -19, -28, -1)
(-15, 48, -8, -24, -45, 6)
(-9, 43, -6, -20, -55, 12)
(-5, 42, -6, -12, -59, 17)
(-1, 43, -8, -8, -56, 21)
(0, 44, -6, -4, -48, 24)
(0, 42, -3, 0, -41, 27)
(0, 43, -2, 7, -32, 30)
(-1, 46, -1, 14, -22, 33)
(-2, 48, -1, 17, -14, 36)
(-5, 51, -1, 18, -6, 39)
(-8, 52, 0, 19, -1, 40)
(-11, 55, 0, 19, 0, 40)
(-13, 58, -2, 16, 0, 39)
(-15, 61, -2, 11, 0, 37)
(-15, 61, -3, 7, -1, 34)
(-16, 62, -4, 2, -2, 29)
(-17, 61, -5, -1, -2, 24)
(-16, 60, -6, -4, -2, 19)
(-16, 58, -7, -6, -1, 12)
(-16, 54, -7, -6, 0, 0)
(-14, 54, -7, -5, 1, -5)
(-13, 56, -7, -3, 0, -9)
(-12, 58, -7, -2, 0, -11)
(-11, 60, -8, -3, 0, -13)
(-10, 61, -7, -3, -2, -13)
(-9, 61, -7, -3, -3, -12)
(-8, 60, -8, -6, -3, -9)
(-8, 57, -9, -7, -1, -7)
(-9, 55, -10, -7, 0, -5)
(-10, 53, -9, -5, 0, -5)
(-10, 52, -10, -3, 1, -5)
(-12, 50, -9, 0, 2, -7)
(-13, 49, -7, 0, 2, -8)
(-13, 49, -8, 1, 1, -9)
(-13, 50, -7, 2, 0, -11)
(-13, 51, -8, 1, 0, -12)
(-12, 52, -8, 0, -2, -14)
(-10, 55, -8, -1, -3, -15)
(-9, 56, -10, -4, -3, -16)
(-7, 57, -10, -5, -3, -17)
(-5, 58, -12, -7, -2, -17)
(-4, 58, -13, -7, 0, -17)
(-4, 58, -14, -8, 3, -16)
(-3, 55, -15, -8, 6, -15)
(-3, 53, -15, -5, 11, -14)
(-4, 51, -15, -2, 14, -12)
(-6, 49, -15, 0, 16, -9)
(-7, 47, -13, 4, 16, -6)
(-10, 45, -13, 9, 13, -4)
(-13, 43, -10, 15, 8, -1)
(-15, 43, -9, 20, 0, 0)
(-17, 45, -7, 24, -9, 2)
(-17, 48, -6, 26, -20, 4)
(-17, 52, -5, 26, -31, 5)
(-16, 55, -4, 26, -40, 5)
(-14, 59, -3, 24, -49, 6)
(-12, 63, -4, 22, -56, 6)
(-10, 66, -3, 16, -60, 6)
(-7, 66, -3, 10, -61, 6)
(-4, 64, -4, 5, -58, 5)
(-2, 62, -4, 0, -51, 4)
BatchID:  8




(-12, 47, -6, -25, 25, -39)
(-10, 49, -6, -28, 19, -38)
(-5, 52, -9, -32, 13, -37)
(0, 58, -13, -38, 10, -34)
(2, 62, -16, -44, 10, -29)
(-5, 58, -16, -47, 7, -18)
(-14, 48, -11, -41, -4, -2)
(-24, 34, -5, -28, -23, 12)
(-28, 21, -1, -11, -42, 22)
(-29, 14, 1, 16, -59, 30)
(-25, 17, 6, 50, -74, 31)
(-22, 30, 4, 77, -85, 26)
(-18, 43, 3, 87, -92, 19)
(-11, 53, 4, 87, -94, 10)
(-5, 56, 4, 76, -94, 3)
(4, 54, 5, 60, -87, -2)
(14, 53, 7, 49, -69, -6)
(24, 55, 7, 24, -16, -7)
(-17, 44, 10, -2, 10, 18)
(-14, 49, 10, 41, -52, 34)
(-12, 52, 12, 46, -59, 37)
(-10, 55, 13, 50, -65, 37)
(-8, 58, 15, 54, -68, 36)
(-4, 62, 16, 57, -70, 34)
(2, 66, 16, 53, -65, 30)
(9, 68, 13, 44, -51, 24)
(14, 68, 12, 31, -31, 17)
(14, 64, 12, 16, -5, 8)
(11, 59, 12, 4, 17, 0)
(9, 55, 10, -5, 38, -12)
(6, 53, 6, -16, 55, -24)
(8, 54, 3, -24, 73, -35)
(9, 60, 0, -25, 90, -44)
(5, 69, -1, -26, 104, -48)
(0, 72, 0, -28, 110, -45)
(-4, 69, 1, -26, 109, -38)
(-5, 62, 0, -20, 107, -29)
(-9, 84, -12, -10, 108, -24)
(-17, 85, -13, -27, 101, -21)
(-21, 76, -7, -30, 93, -18)
(-25, 75, -4, -21, 77, -20)
(0, 72, -5, -17, -13, -69)
(7, 73, -6, -24, -13, -72)
(12, 73, -8, -34, -9, -72)
(14, 71, -10, -44, -1, -67)
(10, 67, -9, -48, 3, -59)
(5, 62, -7, -49, 1, -49)
(0, 56, -6, -45, -4, -39)
(-3, 53, -5, -38, -13, -31)
(-3, 52, -4, -32, -23, -27)
(1, 51, -4, -27, -30, -27)
(6, 49, -3, -24, -32, -28)
BatchID:  9




(-9, 48, -19, 16, 15, -32)
(5, 57, -18, 5, -17, -25)
(7, 61, -20, 1, -14, -22)
(5, 59, -19, -7, -6, -13)
(-5, 46, -18, -2, -10, -3)
(-8, 43, -18, 3, -13, -3)
(-9, 40, -16, 8, -16, -4)
(-9, 39, -14, 14, -20, -6)
(-10, 39, -11, 21, -23, -8)
(-5, 52, -6, 30, -47, -2)
(-4, 55, -5, 0, -11, 16)
(-5, 55, -4, 0, -5, 15)
(-7, 56, -3, 2, -2, 15)
(-7, 59, -2, 4, 0, 15)
(-6, 63, -3, 4, 2, 14)
(-3, 70, -5, 0, 15, 13)
(-4, 74, -7, -3, 22, 11)
(-4, 78, -7, -5, 27, 10)
(-4, 87, -9, -6, 32, 8)
(-3, 94, -13, -12, 34, 6)
(-18, 40, -9, -20, 30, 3)
(-22, 37, -4, -10, 21, 3)
(-24, 34, 0, 0, 6, 4)
(-22, 32, 3, 9, -9, 3)
(-19, 35, 3, 16, -19, 2)
(-14, 42, -4, -5, -13, -3)
(-16, 41, -3, 0, -15, -9)
(-17, 40, -3, 3, -19, -16)
(-17, 42, -2, 5, -24, -21)
(-16, 44, -1, 3, -31, -24)
(-11, 46, 0, 1, -37, -25)
(-8, 46, -1, 0, -40, -25)
(-7, 47, -1, -3, -41, -25)
(-5, 45, -2, -5, -44, -26)
(0, 47, -5, 0, -32, -25)
(-1, 48, -5, -1, -28, -23)
(-1, 46, -5, 0, -24, -20)
(-9, 46, -2, 27, -56, -11)
(15, 75, -6, 50, -6, -14)
BatchID:  10




(0, 60, -5, -11, 15, 0)
(-2, 58, -6, -12, 16, 4)
(-4, 55, -6, -12, 17, 8)
(-5, 53, -7, -12, 18, 11)
(-7, 50, -8, -11, 19, 12)
(-9, 48, -8, -9, 19, 11)
(-10, 45, -8, -7, 20, 10)
(-12, 46, -8, -5, 19, 8)
(-12, 47, -7, -2, 17, 6)
(-11, 49, -6, 0, 13, 4)
(-11, 51, -6, 0, 10, 3)
(-10, 55, -6, 0, 8, 2)
(-9, 57, -7, -3, 5, 2)
(-8, 57, -6, -6, 4, 2)
(-7, 58, -6, -9, 4, 3)
(-6, 57, -6, -12, 4, 4)
(-6, 56, -7, -13, 6, 4)
(-5, 55, -8, -14, 9, 4)
(-5, 55, -8, -13, 12, 4)
(-5, 56, -9, -12, 16, 4)
(-4, 56, -10, -12, 20, 5)
(-4, 56, -10, -12, 24, 5)
(-3, 56, -11, -12, 28, 6)
(-3, 57, -12, -11, 33, 6)
(-3, 57, -14, -12, 37, 6)
(-3, 54, -14, -13, 42, 7)
(-3, 51, -15, -13, 47, 6)
(-4, 49, -15, -12, 49, 6)
(-6, 47, -14, -10, 50, 7)
(-9, 46, -13, -6, 47, 10)
(-14, 50, -10, 3, 30, 18)
(-16, 52, -9, 6, 17, 23)
(-18, 53, -8, 7, 3, 27)
(-18, 54, -9, 8, -8, 29)
(-17, 56, -8, 8, -17, 31)
(-16, 57, -7, 7, -24, 31)
(-18, 57, -8, 5, -30, 30)
(-18, 58, -6, 6, -34, 28)
(-19, 59, -5, 7, -39, 25)
(-18, 60, -4, 7, -41, 21)
(-14, 60, -4, 6, -41, 16)
(-11, 59, -4, 3, -36, 9)
(-6, 58, -4, 0, -26, 1)
(-3, 55, -4, -2, -11, -6)
(-1, 54, -4, -3, 4, -13)
(-2, 53, -3, -3, 19, -18)
(-2, 54, -2, -2, 31, -21)
(-3, 56, -3, -4, 38, -24)
(-3, 56, -4, -6, 43, -26)
(-3, 58, -5, -7, 47, -26)
(-1, 59, -5, -11, 48, -26)
(-1, 58, -7, -17, 50, -23)
(-2, 55, -7, -19, 51, -19)
(-4, 54, -6, -19, 48, -13)
(-7, 52, -7, -19, 43, -6)
(-9, 49, -6, -17, 34, 0)
(-9, 49, -6, -13, 26, 6)
(-9, 52, -5, -10, 18, 10)
(-8, 57, -4, -5, 12, 15)
(-4, 66, -3, -1, 7, 18)
(0, 72, -6, -4, 7, 21)
(0, 70, -9, -13, 11, 24)
(-4, 61, -8, -19, 18, 27)
(-11, 52, -6, -17, 21, 30)
(-17, 46, -3, -11, 19, 31)
(-21, 42, -1, -3, 14, 29)
(-21, 40, 0, 5, 8, 25)
(-21, 42, 0, 13, 4, 17)
(-21, 44, 3, 18, 0, 9)
(-22, 47, 6, 21, -4, 1)
(-24, 50, 9, 23, -11, -3)
BatchID:  11




(-8, 57, -9, 0, 14, -22)
(-8, 59, -9, 0, 13, -23)
(-8, 60, -9, 1, 12, -23)
(-7, 63, -9, 0, 11, -26)
(-7, 62, -10, -1, 10, -27)
(-7, 61, -9, -2, 9, -29)
(-5, 61, -9, -4, 8, -31)
(-5, 60, -9, -5, 8, -32)
(-4, 59, -9, -6, 8, -34)
(-3, 59, -9, -6, 8, -34)
(-3, 58, -8, -6, 8, -34)
(-2, 58, -8, -7, 8, -33)
(-2, 56, -9, -7, 8, -32)
(-2, 55, -8, -8, 8, -30)
(-2, 54, -8, -9, 7, -28)
(-2, 53, -7, -9, 6, -26)
(-2, 51, -8, -10, 3, -21)
(-2, 50, -8, -10, 2, -18)
(-2, 50, -8, -11, 1, -15)
(-2, 48, -8, -12, 0, -11)
(-1, 47, -8, -12, -1, -8)
(-2, 47, -8, -12, -2, -3)
(-2, 48, -8, -12, -4, 0)
(-3, 48, -8, -12, -7, 10)
(-4, 48, -8, -11, -8, 14)
(-4, 49, -8, -10, -8, 18)
(-4, 49, -8, -10, -8, 21)
(-5, 52, -8, -9, -8, 23)
(-6, 54, -8, -10, -8, 25)
(-6, 55, -8, -11, -8, 27)
(-8, 55, -9, -11, -9, 28)
(-7, 57, -9, -11, -9, 29)
(-8, 57, -9, -12, -10, 29)
(-9, 57, -10, -12, -10, 29)
(-10, 56, -9, -12, -11, 29)
(-11, 54, -9, -10, -12, 28)
(-12, 52, -9, -9, -13, 26)
(-13, 51, -8, -6, -15, 23)
(-15, 50, -5, -2, -17, 21)
(-16, 50, -3, 3, -20, 18)
(-15, 53, -1, 7, -24, 15)
(-15, 56, 0, 10, -29, 13)
(-15, 57, 1, 11, -33, 11)
(-14, 58, 2, 12, -38, 8)
(-12, 60, 3, 12, -41, 6)
(-8, 63, 3, 10, -42, 4)
(-4, 64, 2, 7, -40, 1)
(-1, 66, 4, 4, -36, 0)
(0, 66, 5, 1, -29, 0)
(1, 65, 7, 0, -24, 0)
(0, 61, 9, 0, -20, 2)
(0, 56, 10, 0, -17, 5)
(0, 50, 13, 4, -14, 7)
(0, 46, 15, 7, -11, 8)
(0, 42, 19, 13, -10, 10)
(-1, 40, 21, 19, -10, 12)
(-1, 41, 22, 24, -10, 15)
(-2, 43, 21, 25, -10, 17)
(-1, 47, 21, 21, -8, 17)
(-1, 52, 18, 5, -4, 16)
(-1, 53, 14, -4, 0, 13)
(0, 56, 12, -12, 4, 10)
(0, 58, 8, -22, 9, 5)
(1, 60, 5, -30, 17, 0)
(1, 60, 2, -37, 26, -3)
(0, 59, 0, -40, 32, -6)
(0, 56, 0, -40, 38, -8)
(-2, 53, -1, -37, 42, -8)
BatchID:  12




(-4, 45, -11, -8, 28, -8)
(-5, 43, -10, -4, 24, -3)
(-7, 42, -8, 0, 19, 1)
(-9, 43, -8, 4, 12, 6)
(-9, 44, -6, 8, 4, 11)
(-9, 46, -5, 10, -2, 15)
(-8, 50, -6, 10, -6, 19)
(-7, 52, -4, 9, -9, 22)
(-6, 54, -4, 7, -10, 25)
(-6, 56, -4, 3, -10, 27)
(-6, 57, -4, 0, -9, 28)
(-5, 56, -5, -3, -6, 28)
(-6, 55, -6, -6, -2, 27)
(-5, 54, -7, -9, 2, 25)
(-5, 53, -8, -10, 8, 24)
(-6, 53, -8, -10, 14, 22)
(-9, 53, -10, -9, 21, 19)
(-10, 52, -11, -7, 22, 18)
(-12, 52, -11, -6, 22, 17)
(-12, 53, -11, -4, 20, 16)
(-12, 54, -12, -3, 19, 14)
(-12, 55, -11, -2, 16, 13)
(-12, 57, -11, -2, 14, 12)
(-12, 58, -12, -3, 11, 12)
(-11, 58, -12, -3, 8, 11)
(-11, 58, -11, -4, 6, 11)
(-11, 58, -11, -4, 4, 11)
(-11, 58, -11, -4, 2, 10)
(-11, 58, -10, -3, 1, 10)
(-12, 58, -10, -2, 0, 8)
(-12, 58, -10, -1, 0, 7)
(-13, 59, -9, 0, 0, 5)
(-13, 60, -8, 0, 0, 3)
(-13, 60, -7, 0, -1, 0)
(-14, 59, -7, 0, -2, -1)
(-13, 59, -6, -1, -3, -4)
(-12, 59, -5, -1, -4, -8)
(-12, 60, -5, -1, -3, -11)
(-11, 60, -5, -3, -2, -15)
(-11, 59, -4, -4, -1, -18)
(-10, 58, -5, -5, -1, -20)
(-9, 58, -5, -6, -1, -21)
(-8, 58, -4, -7, 0, -22)
(-7, 57, -4, -7, 0, -23)
(-7, 56, -4, -7, 1, -23)
(-6, 54, -4, -6, 3, -23)
(-7, 52, -4, -5, 3, -22)
(-7, 51, -3, -5, 3, -21)
(-8, 51, -3, -4, 2, -20)
(-8, 51, -2, -3, 0, -20)
(-7, 52, -2, -3, -1, -19)
(-8, 53, -2, -4, -3, -19)
(-8, 53, -1, -5, -4, -18)
(-7, 53, -1, -6, -6, -17)
(-6, 54, 0, -6, -7, -16)
(-7, 54, 0, -7, -8, -16)
(-6, 54, 0, -7, -7, -15)
(-4, 55, 0, -8, -6, -15)
(-3, 56, 0, -9, -4, -15)
(-3, 55, 0, -12, 3, -15)
(-5, 53, 0, -12, 6, -15)
(-7, 51, 2, -11, 6, -14)
(-8, 51, 4, -7, 4, -14)
(-7, 51, 3, -4, 1, -14)
(-5, 52, 3, -6, 0, -12)
(-6, 51, 4, -7, 0, -10)
BatchID:  13




(-7, 50, -10, -11, -4, 1)
(-8, 51, -9, -10, -5, 2)
(-8, 52, -9, -11, -7, 3)
(-8, 52, -9, -12, -9, 4)
(-7, 53, -9, -12, -11, 5)
(-6, 55, -10, -13, -11, 6)
(-6, 54, -9, -14, -9, 7)
(-7, 53, -8, -14, -8, 7)
(-8, 50, -8, -14, -6, 7)
(-9, 49, -8, -12, -5, 7)
(-9, 50, -7, -9, -4, 6)
(-8, 53, -7, -9, -2, 5)
(-12, 52, -5, -10, -3, 5)
(-11, 63, 4, 1, -43, 13)
(-8, 64, 6, -4, -40, 13)
(-8, 65, 7, -5, -36, 12)
(-8, 67, 6, -6, -32, 10)
(-7, 68, 7, -7, -28, 7)
(-6, 66, 8, -6, -23, 4)
(-6, 62, 9, -5, -17, 2)
(-8, 57, 12, -2, -13, 1)
(-8, 53, 14, 2, -10, 1)
(-9, 49, 16, 7, -8, 2)
(-9, 47, 19, 12, -7, 4)
(-10, 46, 20, 14, -8, 5)
(-9, 45, 20, 14, -8, 6)
(-7, 44, 18, 9, -6, 5)
(-7, 43, 18, 5, -3, 4)
(-5, 44, 15, 1, 0, 2)
(-3, 48, 12, -5, 5, 0)
(-3, 49, 9, -14, 8, 0)
(-5, 47, 11, -18, 10, 1)
(-5, 47, 11, -15, 9, 4)
(-6, 48, 9, -14, 7, 8)
(-6, 47, 7, -13, 6, 12)
(-7, 48, 7, -8, 6, 16)
(-8, 51, 6, -3, 6, 18)
(-9, 52, 6, -2, 6, 20)
(-10, 52, 7, 0, 7, 20)
(-10, 53, 5, 0, 8, 17)
(-12, 48, 4, -5, 8, 14)
(-12, 42, 6, -5, 10, 10)
(-11, 42, 6, -2, 11, 6)
(-10, 47, 3, -2, 11, 3)
(-9, 48, 2, -8, 12, 1)
(-6, 48, 1, -9, 14, -1)
(-6, 46, -1, -15, 15, -3)
(-4, 44, -1, -19, 19, -6)
(-1, 41, 0, -19, 20, -9)
(4, 44, 2, -16, 21, -11)
(5, 47, 2, -14, 22, -7)
(4, 49, 4, -13, 18, 1)
(-1, 49, 9, -7, 8, 15)
(-5, 50, 13, -2, -6, 27)
(-5, 53, 17, 4, -18, 33)
(-5, 62, 17, 3, -23, 31)
(-6, 65, 18, -8, -23, 23)
(-6, 65, 27, -13, -15, 9)
(-4, 63, 28, -14, -14, 7)
(-2, 58, 27, -15, -11, 7)
(0, 53, 25, -15, -2, 8)
(0, 49, 23, -14, 6, 6)
(-4, 40, 21, -12, 14, 7)
(-6, 37, 19, -6, 14, 8)
(-5, 40, 16, 0, 13, 9)
(-6, 41, 13, 0, 11, 9)
(-5, 39, 11, 0, 10, 9)
(-5, 39, 11, 2, 8, 7)
(-2, 45, 9, 11, -1, 4)
(-1, 44, 7, 10, -5, 4)
(1, 42, 9, 10, -9, 3)
(2, 41, 9, 13, -12, 1)
(5, 42, 9, 15, -15, 0)
(7, 42, 9, 15, -16, -1)
BatchID:  14



(-3, 44, 32, 0, 0, 0)
(-2, 44, 32, 0, 0, 0)
(-2, 44, 32, 0, 0, 0)
(-2, 44, 31, 0, 0, 0)
(-4, 44, 31, 0, 1, 0)
(-4, 45, 31, 1, 0, 0)
(-4, 45, 31, 0, 0, 0)
(-3, 43, 31, 0, 0, 0)
(-4, 44, 31, 0, 0, 0)
(-4, 44, 32, 0, 0, 0)
(-3, 44, 31, 0, 0, 0)
(-2, 44, 31, 0, 0, 0)
(-4, 44, 32, 0, 0, 0)
(-3, 45, 31, 0, 0, 0)
(-3, 44, 31, -1, 0, 0)
(-2, 44, 31, 0, 0, 0)
(-3, 44, 31, 0, 0, 0)
(-3, 44, 32, 0, 0, 0)
(-3, 44, 32, 0, 0, 0)
(-3, 44, 32, 0, 0, 0)
(-3, 44, 32, 0, 0, 0)
(-4, 45, 31, 0, 0, 0)
(-3, 44, 32, 0, 0, 0)
(-3, 44, 32, 0, 0, 0)
(-3, 44, 32, 0, 0, 0)
(-4, 44, 31, 0, 0, 0)
(-4, 44, 31, 0, 0, 0)
(-4, 44, 32, 0, 0, 0)
(-3, 44, 31, 0, 0, 0)
(-3, 44, 32, 0, 0, 0)
(-4, 44, 32, 0, 0, 0)
(-3, 44, 32, 0, 0, 0)
(-3, 44, 31, 0, 0, 0)
(-4, 44, 32, 0, 0, 0)
(-3, 44, 31, 0, 0, 0)
(-3, 44, 30, 0, 0, 0)
(-3, 44, 31, 0, 0, 0)
(-4, 44, 31, 0, 0, 0)
(-4, 45, 32, 0, 0, 0)
(-2, 44, 32, 0, 0, 0)
(-3, 44, 31, 0, 0, 0)
(-3, 44, 31, 0, 0, 0)
(-4, 44, 32, 0, 0, 0)
(-4, 44, 31, 0, 0, 0)
(-4, 44, 32, 0, 0, 0)
(-4, 44, 31, 0, 0, 0)
(-4, 44, 32, 0, 0, 0)
(-3, 44, 31, 0, 0, 0)
(-4, 44, 32, 0, 0, 0)
(-4, 44, 32, 0, 0, 0)
(-4, 44, 32, 0, 0, 0)
(-4, 44, 32, 0, 0, 0)
(-3, 44, 31, 0, 0, 0)
(-3, 44, 32, 0, 0, 0)
(-5, 44, 32, 0, 0, 0)
(-4, 45, 32, 0, 0, 0)
(-4, 44, 32, 0, 0, 0)
(-3, 44, 31, 0, 0, 0)
(-2, 44, 31, 0, 0, 0)
(-3, 44, 31, 0, 0, 0)
(-4, 44, 31, 0, 0, 0)
(-4, 44, 30, 0, 0, 0)
(-4, 45, 31, -1, 0, 0)
(-4, 47, 31, 1, 0, 0)
(-4, 46, 29, 0, 0, 0)
BatchID:  1




(-6, 48, 15, 6, 36, 10)
(-7, 49, 15, 6, 32, 10)
(-7, 50, 15, 3, 29, 11)
(-7, 50, 16, 0, 26, 11)
(-7, 48, 16, 0, 24, 11)
(-6, 49, 15, 0, 23, 11)
(-6, 48, 16, 0, 23, 13)
(-5, 49, 15, 2, 23, 14)
(-6, 50, 16, 3, 23, 15)
(-8, 50, 18, 4, 22, 16)
(-10, 51, 18, 2, 19, 16)
(-11, 51, 20, 1, 15, 16)
(-9, 51, 21, 0, 12, 16)
(-7, 52, 20, 0, 12, 16)
(-6, 54, 20, -2, 14, 15)
(-6, 53, 19, -3, 17, 15)
(-6, 54, 19, -2, 20, 15)
(-6, 55, 17, -2, 22, 14)
(-8, 54, 17, -3, 24, 14)
(-9, 52, 16, -2, 24, 13)
(-8, 51, 15, -1, 24, 11)
(-9, 52, 15, 0, 24, 9)
(-9, 53, 15, 0, 23, 7)
(-9, 53, 14, 0, 19, 5)
(-9, 54, 14, -1, 16, 4)
(-9, 54, 13, -3, 12, 2)
(-9, 54, 13, -4, 8, 1)
(-9, 53, 12, -3, 2, 0)
(-9, 50, 14, -3, -3, 0)
(-11, 48, 18, 0, -17, 2)
(-9, 48, 22, 2, -27, 3)
(-7, 50, 27, 2, -35, 5)
(-2, 53, 29, 0, -40, 6)
(2, 54, 30, -7, -35, 4)
(3, 50, 32, -13, -25, 1)
(0, 45, 34, -14, -16, 0)
(-1, 41, 35, -10, -10, -2)
(-6, 35, 36, 0, -12, -5)
(-9, 33, 43, 2, -20, -9)
(-3, 32, 50, 9, -34, -10)
(10, 40, 50, 10, -32, -10)
(14, 44, 49, 3, -15, -8)
(6, 43, 42, -10, 0, -7)
(3, 42, 37, -12, 2, -7)
(3, 42, 32, -10, 4, -6)
(1, 43, 28, -7, 6, -6)
(-2, 44, 26, -6, 2, -5)
(-3, 44, 25, -1, -5, -5)
(-2, 44, 23, 0, -14, -3)
(-1, 44, 22, 3, -20, -1)
(-1, 42, 24, 6, -26, 0)
(0, 42, 25, 9, -29, 2)
(0, 42, 26, 12, -31, 3)
(1, 44, 28, 14, -29, 3)
(1, 46, 28, 13, -26, 4)
(2, 47, 28, 11, -22, 4)
(3, 48, 27, 8, -17, 4)
(0, 49, 27, 5, -12, 4)
(-2, 48, 27, 4, -11, 3)
(-3, 48, 27, 5, -13, 2)
(-3, 50, 26, 5, -15, 0)
(-3, 49, 25, 3, -15, -2)
(-2, 47, 25, 1, -17, -4)
(-1, 48, 23, 0, -18, -7)
(-1, 47, 23, -2, -22, -8)
(1, 45, 24, -3, -26, -10)
(3, 46, 22, -3, -28, -10)
(5, 46, 22, -4, -30, -10)
(7, 44, 20, -4, -28, -10)
BatchID:  2




(-6, 56, 9, -5, 6, -11)
(-8, 56, 9, -11, 4, -16)
(-8, 54, 9, -17, 1, -21)
(-8, 50, 10, -20, 1, -26)
(-7, 46, 11, -20, 3, -27)
(-6, 43, 11, -16, 8, -27)
(-6, 42, 11, -9, 14, -24)
(-7, 43, 11, -4, 19, -21)
(-7, 45, 9, -1, 23, -18)
(-10, 47, 9, 0, 26, -13)
(-12, 49, 10, 3, 26, -7)
(-14, 51, 10, 6, 24, -2)
(-15, 53, 10, 8, 19, 1)
(-14, 54, 9, 8, 17, 5)
(-13, 54, 8, 7, 17, 8)
(-13, 52, 7, 6, 21, 12)
(-13, 50, 7, 7, 29, 16)
(-15, 49, 7, 9, 36, 18)
(-19, 50, 6, 10, 40, 19)
(-23, 51, 6, 8, 39, 19)
(-26, 51, 8, 5, 33, 19)
(-27, 49, 8, 2, 25, 20)
(-25, 48, 8, 1, 20, 20)
(-23, 47, 7, 2, 19, 20)
(-22, 47, 7, 4, 21, 19)
(-22, 47, 8, 7, 24, 19)
(-20, 46, 9, 11, 28, 20)
(-21, 49, 8, 16, 34, 20)
(-25, 50, 5, 18, 34, 19)
(-28, 51, 2, 20, 31, 18)
(-30, 52, 2, 20, 25, 18)
(-29, 53, 1, 21, 18, 18)
(-24, 53, 0, 20, 16, 17)
(-20, 55, 0, 18, 23, 16)
(-20, 56, 0, 13, 31, 15)
(-21, 54, 2, 7, 35, 13)
(-20, 52, 2, 5, 41, 10)
(-19, 52, 2, 2, 45, 6)
(-18, 54, 3, -2, 47, 2)
(-16, 53, 2, -6, 50, 0)
(-15, 54, 0, -10, 52, -2)
(-15, 54, 0, -15, 51, -3)
(-14, 53, -1, -21, 46, -2)
(-12, 54, -1, -26, 43, 0)
(-10, 53, -2, -28, 38, 2)
(-6, 52, -2, -28, 37, 5)
(-1, 54, -2, -28, 43, 11)
(0, 54, -3, -26, 47, 13)
(0, 56, -1, -25, 54, 16)
(-2, 57, -1, -24, 57, 18)
(-6, 58, -1, -27, 55, 19)
(-6, 58, 0, -27, 50, 19)
(-7, 60, -1, -27, 42, 20)
(-3, 61, -3, -29, 35, 22)
(0, 61, -5, -29, 35, 24)
(0, 58, -6, -28, 40, 26)
(0, 52, -5, -26, 45, 28)
(-1, 46, -4, -19, 54, 29)
(-4, 44, -4, -9, 61, 29)
(-5, 45, -3, 0, 66, 28)
(-7, 48, -3, 5, 68, 27)
(-12, 49, 0, 7, 65, 26)
(-15, 48, 3, 10, 56, 27)
(-16, 48, 6, 15, 46, 28)
(-13, 49, 6, 19, 42, 30)
(-8, 52, 6, 20, 46, 29)
(-8, 54, 7, 19, 57, 27)
(-11, 54, 8, 19, 64, 24)
(-16, 56, 8, 20, 68, 19)
(-23, 57, 9, 15, 62, 13)
(-26, 57, 12, 10, 48, 10)
(-25, 56, 15, 7, 33, 8)
(-20, 57, 14, 4, 22, 7)
(-17, 56, 13, 0, 17, 4)
(-14, 53, 12, -3, 15, 0)
(-14, 51, 13, -3, 15, -3)
BatchID:  3




(-2, 54, 1, 15, -31, -16)
(0, 69, 2, 22, -30, -16)
(-1, 79, 2, 24, -35, -15)
(-2, 82, 4, 19, -45, -12)
(-3, 74, 8, 22, -53, -9)
(-4, 69, 8, 24, -62, -6)
(0, 64, 8, 20, -65, -5)
(2, 60, 7, 15, -60, -5)
(10, 53, 7, 4, -35, -10)
(12, 53, 4, 0, -15, -14)
(11, 54, 2, -9, 4, -19)
(9, 53, 1, -20, 19, -23)
(8, 50, 1, -25, 32, -25)
(4, 49, 0, -27, 38, -25)
(3, 49, 0, -28, 40, -22)
(1, 48, -2, -28, 39, -17)
(0, 42, -3, -19, 38, 0)
(-1, 42, -3, -9, 41, 10)
(-3, 43, -4, 0, 45, 16)
(-6, 46, -6, 5, 49, 19)
(-8, 49, -6, 8, 53, 19)
(-10, 51, -6, 8, 56, 17)
(-11, 53, -7, 6, 57, 15)
(-10, 54, -8, 4, 61, 12)
(-11, 55, -9, 1, 65, 10)
(-13, 55, -10, -1, 69, 7)
(-19, 55, -10, -5, 67, 5)
(-23, 55, -11, -9, 58, 4)
(-24, 53, -12, -13, 46, 5)
(-23, 51, -12, -14, 37, 6)
(-20, 49, -12, -13, 32, 8)
(-17, 49, -13, -11, 30, 10)
(-17, 50, -13, -9, 32, 11)
(-18, 50, -12, -8, 32, 12)
(-20, 50, -11, -7, 31, 13)
(-23, 51, -9, -5, 22, 13)
(-22, 51, -8, -3, 16, 11)
(-21, 51, -7, -1, 11, 10)
(-19, 51, -6, 1, 8, 8)
(-18, 52, -5, 4, 7, 7)
(-18, 52, -4, 6, 6, 5)
(-19, 52, -2, 8, 4, 4)
(-18, 53, -2, 8, 1, 3)
(-16, 53, -1, 10, 0, 1)
(-15, 52, 0, 11, -1, 0)
(-13, 49, 1, 13, 0, 0)
(-11, 48, 4, 19, 3, 0)
(-10, 49, 5, 26, 8, 0)
(-7, 51, 8, 28, 15, 2)
(-3, 52, 11, 30, 30, 4)
(-8, 53, 11, 33, 40, 3)
(-13, 56, 9, 29, 43, 3)
(-18, 58, 7, 21, 40, 1)
(-20, 59, 5, 12, 31, 0)
(-21, 59, 3, 5, 22, 0)
(-21, 58, 2, -1, 13, 0)
(-19, 56, 2, -7, 5, 0)
(-17, 55, 1, -8, 0, 0)
(-16, 54, 0, -10, -7, 2)
(-13, 52, 0, -9, -10, 4)
(-12, 52, 0, -7, -10, 6)
(-9, 53, 0, -5, -8, 8)
(-9, 54, 1, -3, -5, 10)
(-12, 55, 0, -1, 0, 10)
BatchID:  4




(-8, 49, 3, 4, 25, 27)
(-8, 50, 3, 4, 25, 27)
(-7, 54, 3, 4, 24, 27)
(-7, 58, 2, 2, 24, 26)
(-6, 62, 2, 0, 23, 26)
(-6, 65, 1, -3, 23, 25)
(-6, 66, 0, -6, 24, 25)
(-7, 66, 0, -9, 25, 24)
(-7, 64, -1, -11, 27, 23)
(-7, 63, -1, -9, 29, 20)
(-7, 65, -1, -8, 32, 18)
(-7, 66, 0, -7, 34, 16)
(-5, 68, 0, -5, 36, 13)
(-3, 74, -1, -4, 39, 11)
(-1, 81, -4, -5, 42, 10)
(-2, 82, -7, -12, 45, 9)
(-6, 72, -8, -21, 47, 10)
(-10, 57, -5, -20, 46, 11)
(-15, 45, -1, -12, 42, 10)
(-18, 39, 0, -4, 39, 8)
(-18, 36, 0, 2, 35, 4)
(-19, 34, 4, 8, 30, 0)
(-18, 35, 5, 12, 25, -5)
(-16, 39, 8, 14, 19, -11)
(-11, 43, 10, 10, 13, -17)
(-6, 47, 10, 3, 10, -20)
(-1, 50, 12, -5, 7, -21)
(3, 52, 12, -12, 5, -19)
(7, 52, 11, -17, 4, -17)
(9, 53, 11, -19, 6, -13)
(11, 53, 9, -20, 10, -8)
(11, 52, 8, -18, 14, -4)
(12, 53, 8, -14, 22, -2)
(11, 55, 7, -10, 31, -1)
(10, 55, 7, -8, 41, -2)
(9, 54, 8, -5, 50, -3)
(7, 54, 9, -1, 57, -6)
(3, 53, 10, 0, 60, -8)
(0, 52, 12, 0, 57, -9)
(-3, 50, 14, 1, 50, -10)
BatchID:  5




(-9, 61, 4, 8, 11, 23)
(-10, 61, 4, 6, 14, 20)
(-11, 61, 5, 3, 15, 18)
(-10, 61, 3, 1, 17, 15)
(-10, 61, 3, -1, 17, 13)
(-9, 60, 1, -4, 19, 11)
(-9, 60, 1, -6, 21, 9)
(-8, 59, 1, -8, 22, 8)
(-8, 58, 0, -9, 23, 7)
(-9, 58, 0, -10, 25, 6)
(-8, 58, -1, -10, 26, 5)
(-8, 59, -2, -11, 26, 5)
(-9, 59, -3, -13, 26, 4)
(-10, 57, -4, -15, 25, 4)
(-10, 56, -4, -14, 23, 4)
(-10, 55, -5, -14, 20, 4)
(-11, 55, -5, -13, 18, 4)
(-10, 54, -6, -13, 16, 4)
(-11, 54, -6, -12, 15, 3)
(-11, 54, -6, -11, 12, 2)
(-12, 53, -6, -9, 10, 1)
(-13, 51, -6, -8, 7, 0)
(-13, 50, -5, -6, 3, 0)
(-14, 50, -5, -5, 0, -1)
(-14, 50, -4, -2, -4, -3)
(-13, 50, -2, -1, -8, -4)
(-12, 50, -1, 0, -11, -6)
(-11, 50, -1, 1, -13, -8)
(-10, 52, 0, 1, -14, -9)
(-11, 52, 0, 0, -15, -11)
(-10, 51, 1, 1, -16, -12)
(-10, 52, 2, 2, -18, -13)
(-9, 53, 2, 2, -19, -15)
(-7, 54, 5, 1, -19, -16)
(-6, 54, 5, 1, -18, -18)
(-6, 56, 5, 1, -17, -19)
(-6, 57, 4, 0, -15, -20)
(-5, 57, 5, -2, -13, -19)
(-6, 57, 7, -2, -12, -19)
(-7, 56, 7, -3, -14, -20)
(-7, 56, 8, -2, -16, -21)
(-6, 56, 7, -2, -17, -22)
(-5, 55, 8, -3, -18, -23)
(-5, 55, 8, -4, -18, -24)
(-4, 55, 8, -5, -17, -24)
(-4, 56, 8, -6, -17, -25)
(-4, 56, 9, -8, -17, -26)
(-4, 56, 9, -9, -18, -26)
(-3, 55, 9, -10, -19, -27)
(-1, 56, 8, -11, -19, -27)
(0, 57, 7, -13, -18, -27)
(0, 57, 7, -14, -17, -26)
(1, 56, 8, -12, -16, -24)
(1, 57, 8, -10, -16, -22)
(1, 56, 9, -9, -15, -20)
(0, 54, 10, -7, -13, -17)
(1, 53, 10, -5, -11, -16)
(1, 52, 10, -5, -7, -15)
(0, 52, 10, -5, -3, -15)
(0, 50, 10, -5, 0, -15)
(0, 50, 12, -4, 2, -14)
(-1, 49, 11, -4, 1, -13)
(0, 49, 13, -4, 1, -11)
(0, 48, 13, -4, 0, -9)
BatchID:  6




(-6, 54, -3, -8, 16, 2)
(-7, 53, -1, -6, 13, 6)
(-7, 53, 0, -4, 9, 9)
(-7, 54, -1, -3, 7, 11)
(-7, 55, 0, -3, 8, 12)
(-7, 56, 0, -4, 9, 12)
(-7, 55, 0, -5, 12, 11)
(-9, 55, 0, -6, 14, 9)
(-9, 55, 0, -7, 15, 7)
(-9, 57, 0, -7, 15, 5)
(-7, 61, -1, -7, 16, 4)
(-5, 64, -3, -9, 18, 3)
(-5, 62, -5, -12, 23, 4)
(-6, 58, -5, -10, 25, 5)
(-8, 53, -5, -6, 25, 6)
(-10, 49, -4, -1, 24, 6)
(-11, 47, -2, 3, 22, 4)
(-12, 45, 0, 6, 20, 3)
(-12, 45, 1, 8, 16, 1)
(-13, 47, 3, 8, 11, 0)
(-13, 49, 5, 5, 5, 0)
(-13, 50, 6, 2, -2, 0)
(-13, 50, 8, 0, -11, 1)
(-12, 51, 9, 0, -20, 2)
(-10, 54, 10, 0, -26, 3)
(-7, 56, 9, -2, -30, 4)
(-4, 58, 10, -4, -27, 5)
(-2, 58, 9, -4, -22, 4)
(-1, 58, 9, -4, -15, 3)
(-2, 58, 9, -5, -9, 2)
(-4, 56, 10, -5, -3, 1)
(-6, 54, 11, -4, 0, -1)
(-9, 54, 10, -4, 0, -6)
(-10, 54, 10, -6, -1, -9)
(-10, 54, 11, -8, -5, -11)
(-9, 52, 10, -10, -10, -13)
(-8, 52, 10, -12, -14, -14)
(-7, 51, 10, -12, -17, -15)
(-5, 52, 9, -12, -19, -16)
(-2, 52, 9, -12, -20, -17)
(-2, 52, 9, -12, -19, -17)
(-1, 52, 9, -11, -17, -17)
(-1, 52, 10, -11, -15, -17)
(0, 52, 10, -10, -13, -17)
(-1, 53, 9, -9, -11, -17)
(-1, 52, 9, -9, -9, -17)
(-1, 52, 9, -10, -7, -18)
(-2, 52, 10, -9, -7, -19)
(-2, 52, 9, -8, -8, -19)
(-2, 52, 10, -8, -8, -19)
(-2, 51, 11, -7, -9, -19)
(-1, 51, 10, -6, -10, -19)
(-1, 51, 10, -6, -10, -18)
(-1, 50, 10, -7, -12, -16)
(-1, 48, 11, -6, -13, -15)
(-1, 47, 11, -5, -15, -14)
(-1, 48, 10, -4, -16, -12)
(0, 47, 11, -3, -17, -10)
(0, 46, 11, -2, -17, -9)
(0, 46, 12, -2, -16, -7)
(0, 46, 13, 0, -16, -4)
(0, 46, 12, 0, -16, -2)
(0, 46, 13, 0, -15, 0)
(0, 47, 13, 0, -14, 1)
(0, 47, 13, 2, -13, 3)
(0, 48, 13, 2, -13, 5)
(0, 48, 13, 3, -12, 6)
BatchID:  7




(-22, 53, 18, 2, -6, 5)
(-20, 54, 17, 3, -6, 0)
(-20, 55, 16, 3, -7, -3)
(-19, 55, 16, 4, -7, -8)
(-18, 57, 17, 6, -7, -12)
(-17, 58, 17, 6, -7, -16)
(-18, 58, 18, 6, -8, -19)
(-16, 57, 18, 5, -11, -23)
(-15, 55, 19, 3, -13, -26)
(-14, 53, 19, 1, -15, -28)
(-12, 52, 18, 0, -17, -31)
(-10, 52, 17, -2, -17, -32)
(-9, 53, 16, -6, -17, -33)
(-8, 51, 15, -8, -18, -33)
(-7, 49, 14, -7, -20, -32)
(-7, 48, 13, -6, -21, -31)
(-6, 48, 12, -4, -23, -29)
(-6, 48, 12, -1, -25, -26)
(-6, 51, 11, 2, -27, -23)
(-6, 55, 11, 6, -29, -20)
(-6, 59, 10, 7, -31, -18)
(-7, 61, 10, 7, -34, -16)
(-7, 63, 9, 8, -37, -14)
(-8, 64, 8, 6, -41, -13)
(-10, 62, 8, 5, -44, -12)
(-11, 59, 8, 5, -48, -11)
(-11, 56, 5, 5, -48, -15)
(-10, 56, 3, 3, -44, -19)
(-8, 57, 1, 0, -39, -25)
(-7, 57, 0, -4, -34, -31)
(-5, 56, -1, -9, -28, -36)
(-5, 53, -3, -11, -23, -39)
(-5, 51, -3, -12, -21, -42)
(-4, 48, -5, -13, -19, -44)
(-4, 45, -5, -12, -19, -44)
(-2, 44, -5, -9, -19, -43)
(-1, 44, -6, -6, -19, -40)
(0, 46, -5, -3, -19, -36)
(0, 48, -6, -2, -20, -30)
(1, 49, -6, -2, -21, -23)
(1, 49, -6, 0, -23, -16)
(1, 49, -6, 2, -25, -9)
(1, 49, -6, 6, -25, -1)
(0, 48, -5, 9, -25, 4)
(-2, 48, -4, 13, -25, 9)
(-7, 51, -5, 13, -29, 12)
(-8, 52, -5, 12, -35, 15)
(-8, 51, -6, 12, -39, 17)
(-6, 52, -5, 15, -40, 18)
(-4, 52, -6, 18, -36, 18)
(-2, 54, -5, 20, -29, 17)
(-2, 54, -5, 21, -19, 16)
(-2, 54, -3, 25, -11, 15)
(-2, 58, -3, 29, -3, 14)
(-2, 61, -3, 30, 4, 14)
(-3, 60, -1, 29, 10, 14)
(-6, 59, 0, 30, 14, 14)
(-9, 60, 1, 31, 14, 14)
(-10, 61, 2, 30, 11, 15)
(-11, 64, 2, 28, 7, 14)
(-11, 66, 2, 23, 1, 13)
(-8, 64, 2, 13, -5, 12)
(-6, 62, 0, 10, -6, 12)
(-5, 60, 0, 9, -4, 12)
(-5, 58, 0, 9, -1, 13)
(-6, 57, 0, 10, 1, 14)
(-6, 57, 0, 12, 4, 14)
(-8, 57, 2, 12, 6, 15)
BatchID:  8




(-10, 53, 3, 2, 28, 7)
(-14, 52, 2, 3, 29, 3)
(-16, 52, 3, 3, 26, 0)
(-16, 52, 2, 5, 20, -2)
(-14, 54, 4, 6, 14, -4)
(-12, 55, 4, 6, 9, -4)
(-9, 55, 6, 6, 8, -4)
(-7, 55, 6, 6, 9, -3)
(-7, 56, 6, 5, 12, -3)
(-7, 58, 6, 3, 15, -3)
(-7, 58, 4, 0, 18, -5)
(-8, 58, 3, -1, 19, -6)
(-8, 58, 2, -2, 18, -6)
(-9, 59, 1, -2, 14, -6)
(-8, 57, 1, -2, 10, -5)
(-6, 57, 0, 0, 7, -4)
(-6, 54, 0, 0, 5, -3)
(-7, 46, 4, 5, 5, 0)
(-7, 46, 3, 8, 3, 0)
(-6, 48, 4, 8, 1, 2)
(-7, 49, 5, 7, -3, 4)
(-6, 48, 8, 8, -7, 7)
(-5, 49, 8, 11, -9, 11)
(-4, 51, 8, 12, -10, 13)
(-3, 53, 9, 10, -7, 15)
(-4, 53, 9, 9, -4, 16)
(-4, 54, 9, 9, -1, 17)
(-6, 54, 10, 8, 1, 17)
(-6, 56, 9, 6, 4, 15)
(-7, 57, 8, 4, 8, 13)
(-7, 57, 7, 1, 11, 11)
(-9, 55, 6, -2, 13, 8)
(-9, 54, 5, -3, 13, 6)
(-9, 53, 5, -3, 13, 4)
(-8, 54, 5, -3, 11, 3)
(-7, 55, 5, -3, 10, 3)
(-7, 55, 6, -3, 8, 3)
(-6, 56, 7, -4, 5, 4)
(-5, 57, 7, -4, 3, 6)
(-3, 58, 8, -4, 3, 7)
(-2, 60, 7, -4, 5, 9)
(-2, 62, 7, -6, 9, 9)
(-4, 64, 6, -8, 12, 9)
(-4, 66, 4, -9, 13, 9)
(-5, 66, 3, -10, 14, 9)
(-6, 62, 2, -12, 14, 8)
(-7, 57, 1, -11, 15, 7)
(-9, 52, 2, -7, 14, 6)
(-10, 49, 2, -5, 12, 4)
(-13, 46, 5, -2, 7, 3)
(-13, 45, 8, 1, 0, 3)
(-14, 49, 10, 4, -10, 3)
(-14, 53, 11, 1, -22, 5)
(-13, 53, 13, -2, -35, 8)
(-6, 53, 16, -7, -49, 13)
(-4, 53, 16, -8, -48, 14)
(-3, 53, 17, -8, -45, 13)
(-1, 54, 18, -7, -40, 11)
(0, 54, 17, -6, -30, 9)
(2, 57, 17, -5, -19, 7)
BatchID:  9




(-6, 57, -2, -9, 26, -29)
(-8, 57, -2, -7, 25, -31)
(-9, 55, -1, -6, 20, -33)
(-10, 54, 0, -4, 12, -34)
(-10, 54, 0, -2, 3, -35)
(-8, 55, 0, 0, -5, -35)
(-5, 55, 1, 0, -12, -34)
(-2, 56, 1, -1, -16, -33)
(-1, 55, 2, -1, -17, -31)
(0, 54, 3, -1, -17, -29)
(1, 52, 4, -1, -15, -24)
(1, 50, 5, 0, -12, -22)
(2, 49, 5, 0, -9, -20)
(2, 49, 5, 0, -4, -18)
(2, 48, 6, 0, 0, -16)
(1, 48, 7, 1, 2, -13)
(0, 47, 6, 1, 5, -11)
(0, 47, 7, 1, 6, -8)
(0, 48, 7, 1, 6, -5)
(0, 50, 7, 0, 5, -2)
(1, 51, 6, 0, 5, 0)
(1, 52, 6, 0, 6, 4)
(0, 50, 5, 0, 10, 11)
(0, 50, 4, 1, 11, 14)
(-1, 49, 4, 2, 13, 17)
(-3, 48, 5, 3, 13, 19)
(-4, 48, 5, 4, 13, 21)
(-5, 49, 6, 5, 11, 22)
(-5, 49, 7, 6, 9, 24)
(-6, 50, 7, 6, 7, 25)
(-6, 50, 8, 6, 5, 27)
(-6, 51, 8, 5, 5, 28)
(-5, 52, 8, 3, 4, 29)
(-5, 55, 8, 3, 5, 29)
(-5, 57, 8, 2, 6, 30)
(-3, 61, 7, 1, 8, 30)
(-4, 63, 6, 0, 11, 30)
(-4, 64, 5, -1, 15, 30)
(-6, 62, 3, -2, 19, 29)
(-8, 59, 2, -2, 23, 28)
(-10, 57, 1, -1, 27, 27)
(-11, 54, 1, 0, 29, 24)
(-13, 52, 1, 3, 29, 21)
(-15, 52, 2, 5, 27, 18)
(-16, 52, 3, 6, 22, 15)
(-16, 53, 3, 6, 16, 13)
(-16, 53, 6, 5, 10, 12)
(-14, 53, 6, 3, 4, 11)
(-13, 53, 7, 1, 0, 10)
(-12, 53, 6, 0, -2, 9)
(-10, 54, 5, -1, -2, 9)
(-8, 55, 6, -1, 0, 8)
(-7, 59, 4, -2, 8, 6)
(-7, 60, 3, -3, 12, 5)
(-7, 61, 1, -3, 17, 4)
(-9, 59, 0, -3, 20, 3)
(-10, 57, 0, -3, 22, 0)
BatchID:  10




(-1, 52, 2, 0, 0, 0)
(-2, 51, 3, 0, 0, 1)
(-2, 51, 3, 1, 0, 3)
(-4, 51, 3, 1, 0, 5)
(-6, 51, 4, 2, -1, 6)
(-6, 51, 5, 3, -3, 7)
(-7, 51, 5, 3, -4, 7)
(-7, 52, 5, 3, -5, 6)
(-7, 52, 6, 1, -4, 5)
(-7, 52, 6, 0, -5, 4)
(-7, 53, 6, 0, -5, 3)
(-7, 53, 6, 0, -5, 1)
(-7, 53, 6, -1, -4, 0)
(-5, 53, 5, -1, -3, 0)
(-5, 55, 5, -1, -1, -2)
(-4, 57, 4, -2, 0, -2)
(-4, 58, 3, -2, 0, -2)
(-4, 57, 2, -3, 0, -2)
(-3, 56, 2, -3, 1, -2)
(-4, 55, 1, -2, 1, -2)
(-5, 54, 1, -2, 1, -1)
(-6, 52, 1, 0, -2, 0)
(-6, 51, 2, 1, -6, 0)
(-6, 50, 3, 2, -9, 0)
(-6, 50, 4, 3, -11, 1)
(-5, 50, 5, 3, -12, 1)
(-5, 50, 6, 4, -12, 2)
(-4, 51, 7, 3, -12, 2)
(-5, 51, 8, 2, -11, 2)
(-4, 52, 8, 1, -9, 2)
(-3, 53, 9, 0, -6, 2)
(-2, 55, 8, 0, -3, 1)
(-1, 58, 7, -1, 0, 1)
(-2, 61, 6, -3, 3, 2)
(-2, 61, 5, -4, 5, 2)
(-3, 59, 3, -5, 6, 2)
(-5, 57, 2, -4, 7, 1)
(-6, 54, 2, -4, 6, 0)
(-7, 52, 1, -2, 5, 0)
(-8, 50, 1, 0, 2, -1)
(-9, 49, 2, 2, -2, -1)
(-9, 49, 4, 3, -8, -1)
(-8, 49, 5, 4, -14, -1)
(-6, 49, 7, 3, -18, 0)
(-4, 50, 8, 3, -20, 0)
(-3, 50, 8, 1, -19, 0)
(-3, 50, 10, 0, -18, 1)
(-2, 50, 10, 0, -15, 2)
(0, 54, 9, -3, -6, 3)
(0, 55, 8, -5, 0, 3)
(0, 55, 8, -5, 5, 4)
(-1, 56, 6, -6, 10, 4)
(-3, 56, 4, -6, 14, 4)
(-3, 57, 3, -6, 16, 4)
(-4, 58, 2, -5, 17, 3)
(-5, 60, 1, -4, 17, 3)
(-5, 59, 0, -4, 16, 2)
(-7, 57, 1, -3, 14, 2)
(-9, 53, 0, -2, 11, 0)
(-11, 50, 1, 0, 6, 0)
(-12, 48, 2, 0, 0, -1)
(-11, 46, 2, 1, -5, -3)
(-10, 45, 3, 1, -11, -4)
(-9, 44, 4, 2, -16, -4)
(-6, 45, 5, 3, -20, -4)
(-5, 47, 7, 3, -21, -3)
(-3, 48, 8, 3, -21, -1)
(-2, 50, 10, 3, -20, 0)
(-1, 53, 9, 2, -17, 2)
BatchID:  11




(-2, 54, 7, -1, -16, -10)
(-2, 54, 8, -2, -12, -9)
(-1, 54, 7, -2, -9, -9)
(-1, 54, 7, -2, -6, -9)
(-1, 56, 6, -3, -3, -9)
(-1, 58, 5, -3, 0, -9)
(0, 60, 4, -5, 2, -9)
(-1, 59, 2, -7, 4, -10)
(-2, 57, 2, -8, 6, -10)
(-3, 55, 3, -6, 5, -10)
(-4, 54, 2, -4, 4, -10)
(-4, 53, 1, -3, 3, -10)
(-5, 53, 2, -2, 1, -10)
(-5, 52, 2, -1, -1, -9)
(-5, 52, 3, -1, -3, -9)
(-5, 50, 4, 0, -5, -9)
(-5, 50, 4, 0, -7, -9)
(-4, 50, 5, -1, -9, -9)
(-3, 50, 5, -2, -9, -8)
(-2, 50, 5, -2, -9, -7)
(-1, 51, 5, -2, -7, -6)
(0, 51, 5, -3, -4, -5)
(0, 51, 5, -3, 0, -4)
(0, 52, 4, -3, 3, -3)
(0, 53, 3, -3, 6, -2)
(-1, 53, 3, -4, 9, -2)
(-1, 53, 3, -3, 11, -1)
(-2, 54, 2, -3, 14, -1)
(-2, 53, 1, -4, 16, -1)
(-2, 53, 1, -3, 18, -1)
(-3, 53, 0, -2, 19, -1)
(-4, 53, 0, -1, 19, -1)
(-4, 53, 0, 0, 19, -1)
(-5, 53, 0, 0, 18, -1)
(-5, 52, 0, 0, 16, -1)
(-6, 51, 1, 2, 14, -1)
(-5, 51, 2, 2, 11, 0)
(-3, 49, 4, 5, 11, 0)
(-2, 50, 7, 8, 14, 0)
(0, 51, 9, 10, 19, 0)
(3, 53, 8, 9, 27, 1)
(3, 52, 8, 6, 37, 3)
(2, 50, 9, 5, 47, 4)
(-2, 52, 9, 4, 52, 5)
(-4, 53, 6, 1, 52, 6)
(-5, 53, 5, -1, 52, 7)
(-7, 52, 4, -3, 49, 9)
(-9, 51, 3, -3, 44, 10)
(-10, 50, 3, -2, 38, 12)
(-11, 50, 2, 0, 30, 13)
(-11, 51, 3, 0, 24, 14)
(-11, 53, 3, 0, 18, 14)
(-11, 54, 3, -1, 13, 15)
(-11, 54, 3, -2, 8, 15)
(-9, 55, 2, -3, 5, 15)
(-10, 56, 2, -4, 3, 14)
(-9, 56, 2, -5, 2, 14)
(-7, 57, 2, -5, 2, 14)
(-6, 57, 2, -4, 5, 13)
(-5, 57, 1, -3, 10, 13)
(-5, 58, 1, -3, 15, 12)
(-7, 59, 0, -3, 20, 12)
(-9, 58, 0, -3, 23, 11)
(-10, 57, 0, -3, 25, 9)
(-12, 55, -1, -2, 25, 8)
(-13, 54, 0, 0, 24, 6)
(-14, 54, 0, 1, 22, 4)
(-14, 54, 0, 1, 18, 2)
(-14, 55, 1, 1, 13, 0)
(-14, 55, 2, 1, 7, 0)
(-12, 57, 3, 1, 3, -1)
BatchID:  12




(-2, 58, 2, -10, 15, -14)
(-1, 54, 2, -10, 11, -12)
(0, 47, 2, -8, 3, -4)
(2, 45, 4, -4, 1, 0)
(3, 46, 7, 2, 0, 5)
(4, 51, 8, 6, -1, 10)
(4, 56, 7, 6, 1, 12)
(2, 57, 9, 3, 3, 14)
(1, 54, 11, 1, 5, 13)
(1, 52, 9, 0, 9, 8)
(0, 52, 8, -3, 9, 6)
(0, 49, 8, -5, 7, 6)
(0, 48, 7, -5, 4, 6)
(1, 45, 6, -5, 2, 5)
(2, 44, 6, -5, 1, 5)
(2, 43, 6, -2, 0, 7)
(1, 43, 6, 0, 0, 9)
(1, 45, 7, 2, 0, 9)
(1, 46, 6, 2, 0, 8)
(2, 49, 7, 2, 2, 7)
(2, 51, 5, 1, 4, 5)
(3, 52, 5, 0, 6, 5)
(4, 55, 0, 0, 13, 2)
(2, 52, 2, -1, 15, 1)
(-1, 49, 5, 4, 12, 1)
(-1, 51, 6, 11, 6, 2)
(1, 57, 7, 14, 3, 0)
(3, 60, 9, 12, 4, -1)
(4, 59, 10, 10, 7, -2)
(3, 59, 11, 8, 11, -4)
(3, 59, 11, 5, 13, -6)
(3, 56, 12, 3, 16, -10)
(3, 55, 11, 1, 19, -14)
(-8, 58, 13, 0, -25, -17)
(-9, 60, 12, -5, -30, -19)
(-8, 60, 11, -10, -33, -22)
(-10, 64, 10, -10, -32, -23)
(-11, 67, 8, -10, -32, -22)
(-8, 67, 8, -9, -26, -25)
(-5, 65, 9, -7, -15, -31)
(-3, 64, 11, -5, -1, -37)
(-1, 66, 9, -5, 13, -44)
(-13, 41, 0, -21, -5, -36)
(-10, 38, 1, -11, -16, -29)
(-8, 38, 4, 0, -23, -20)
(-10, 41, 8, 18, -26, -5)
(-13, 45, 10, 21, -27, 0)
(-15, 47, 11, 18, -28, 1)
(-18, 49, 14, 14, -29, -1)
(-21, 51, 15, 7, -35, -3)
BatchID:  13




(7, 40, 24, 4, 23, 11)
(9, 42, 22, 6, 24, 12)
(10, 46, 21, 6, 27, 13)
(7, 45, 22, 6, 31, 16)
(4, 41, 24, 11, 32, 19)
(2, 41, 25, 18, 33, 21)
(1, 42, 23, 22, 34, 21)
(2, 41, 24, 25, 40, 20)
(2, 40, 25, 27, 47, 16)
(1, 42, 23, 26, 56, 12)
(0, 44, 20, 24, 63, 6)
(0, 49, 18, 18, 66, 1)
(-2, 50, 15, 9, 63, -1)
(-2, 48, 16, 3, 58, -2)
(-1, 47, 16, 3, 49, -1)
(0, 50, 12, 3, 39, 1)
(1, 52, 9, 0, 32, 5)
(2, 51, 8, 0, 25, 11)
(1, 51, 8, 5, 20, 18)
(0, 54, 9, 13, 15, 24)
(0, 54, 9, 19, 11, 29)
(-2, 52, 10, 24, 8, 32)
(-3, 49, 11, 28, 6, 33)
(-4, 49, 11, 32, 6, 32)
(-4, 52, 11, 32, 7, 30)
(-4, 53, 10, 28, 9, 26)
(-4, 56, 11, 23, 11, 22)
(-4, 59, 10, 21, 11, 18)
(-4, 63, 10, 19, 9, 16)
(-3, 66, 7, 15, 5, 14)
(-1, 65, 7, 12, 2, 14)
(-2, 63, 6, 10, 1, 14)
(-1, 51, 4, -1, -2, -17)
(1, 52, 4, -1, -1, -18)
(2, 54, 3, -3, 0, -20)
(2, 54, 2, -5, 0, -20)
(2, 53, 3, -6, 0, -19)
(2, 54, 3, -6, -2, -18)
(3, 55, 2, -6, -3, -17)
(5, 56, 1, -6, -3, -15)
(6, 57, 0, -6, -1, -13)
(5, 57, 0, -6, 1, -11)
(5, 56, 0, -6, 4, -9)
(3, 56, -1, -5, 6, -7)
(2, 55, -2, -3, 6, -7)
(0, 55, -2, -2, 6, -7)
(0, 56, -1, -1, 2, -8)
(0, 56, 0, 0, 0, -8)
(0, 56, 0, 0, -3, -7)
(2, 56, 1, 0, -3, -7)
(3, 55, 2, 0, -2, -7)
(3, 55, 1, -2, -1, -6)
(3, 54, 2, -4, 0, -5)
(2, 52, 3, -5, 0, -4)
(2, 52, 3, -4, -1, -3)
(3, 53, 2, -3, 0, -2)
(4, 52, 2, -4, 1, -1)
BatchID:  14

(-8, 52, 10, -1, 11, -3)
(-8, 50, 9, 0, 12, -2)
(-8, 50, 7, 0, 12, -1)
(-9, 50, 7, 1, 12, 0)
(-9, 51, 7, 2, 11, 0)
(-10, 51, 7, 3, 9, 1)
(-11, 53, 6, 5, 4, 2)
(-11, 53, 5, 5, 3, 3)
(-11, 54, 5, 5, 1, 2)
(-11, 54, 5, 5, 0, 2)
(-11, 55, 4, 4, 0, 2)
(-11, 54, 4, 4, -1, 2)
(-11, 54, 4, 3, -2, 1)
(-11, 53, 4, 3, -3, 0)
(-11, 53, 4, 3, -4, 0)
(-10, 54, 3, 3, -4, 0)
(-10, 53, 3, 2, -4, 0)
(-10, 53, 3, 2, -4, 0)
(-10, 53, 3, 3, -5, 0)
BatchID:  1




(-5, 49, 17, -2, 7, 6)
(-4, 50, 18, -1, 7, 6)
(-3, 50, 16, -2, 8, 6)
(-3, 50, 16, -4, 9, 6)
(-4, 49, 17, -4, 10, 6)
(-5, 49, 17, -1, 8, 6)
(-5, 50, 17, 0, 7, 7)
(-5, 50, 17, 0, 5, 7)
(-5, 51, 17, 1, 5, 7)
(-5, 51, 18, 0, 4, 7)
(-5, 50, 18, 0, 4, 6)
(-5, 50, 18, 0, 4, 6)
(-6, 52, 17, 0, 4, 5)
(-6, 51, 17, -1, 4, 4)
(-5, 51, 17, -1, 4, 3)
(-5, 51, 16, -1, 5, 2)
(-6, 51, 15, -2, 5, 1)
(-5, 51, 16, -3, 5, 1)
(-5, 50, 15, -2, 5, 0)
(-5, 50, 15, -1, 5, 0)
(-4, 50, 14, -1, 5, -1)
(-5, 50, 14, -1, 5, -2)
(-5, 50, 15, 0, 5, -2)
(-4, 49, 15, 0, 4, -3)
(-4, 50, 14, 0, 3, -3)
(-4, 50, 15, 1, 2, -3)
(-3, 50, 15, 1, 0, -2)
(-3, 49, 15, 2, 0, -2)
(-3, 48, 17, 3, -2, -1)
(-3, 47, 17, 4, -4, -1)
(-3, 46, 18, 4, -5, 0)
(-3, 45, 18, 4, -6, 0)
(-2, 44, 20, 5, -7, 0)
(-1, 45, 20, 7, -7, 2)
(-1, 46, 21, 7, -6, 3)
(-1, 47, 19, 6, -5, 4)
(-2, 47, 19, 6, -5, 5)
(-2, 48, 19, 6, -4, 6)
(-3, 49, 19, 6, -3, 6)
(-4, 50, 18, 6, -3, 6)
(-5, 50, 18, 6, -3, 6)
(-6, 52, 17, 6, -3, 5)
(-6, 52, 16, 6, -3, 3)
(-6, 54, 14, 6, -3, 1)
(-7, 54, 14, 4, -3, 0)
(-6, 54, 14, 3, -3, -3)
(-6, 53, 14, 3, -3, -5)
(-5, 52, 14, 3, -2, -8)
(-5, 52, 13, 2, -1, -10)
(-4, 52, 12, 1, 0, -12)
(-3, 52, 12, 1, 1, -12)
(-3, 52, 12, 1, 1, -13)
(-3, 51, 12, 3, 0, -12)
(-3, 50, 12, 5, 0, -11)
(-3, 51, 11, 6, -1, -10)
(-2, 50, 10, 6, -1, -10)
(-2, 51, 10, 5, 0, -9)
(-3, 51, 11, 6, 0, -9)
(-3, 50, 11, 6, 0, -8)
(-3, 51, 10, 7, 0, -8)
(-3, 51, 11, 7, -1, -7)
(-3, 52, 11, 7, -1, -7)
(-3, 52, 10, 6, -2, -6)
(-4, 52, 10, 6, -2, -6)
(-3, 53, 9, 6, -2, -6)
BatchID:  2




(-4, 47, 1, 7, 17, -33)
(-2, 50, 0, 2, 14, -30)
(0, 54, 0, -1, 11, -24)
(0, 58, 0, -3, 7, -15)
(-1, 60, 0, -3, 1, -4)
(-2, 64, -2, -2, -4, 7)
(-2, 67, -4, -1, -6, 18)
(-4, 67, -7, -3, -7, 27)
(-7, 63, -9, -6, -4, 32)
(-10, 58, -10, -5, 0, 32)
(-14, 54, -10, -3, 4, 28)
(-17, 48, -9, 0, 8, 20)
(-19, 45, -9, 5, 10, 8)
(-20, 43, -9, 10, 10, -5)
(-19, 45, -6, 15, 8, -18)
(-2, 47, -5, 0, -17, -3)
(-2, 48, -6, 2, -16, 1)
(-6, 55, -2, 12, -17, 14)
(-7, 66, 0, 10, -20, 17)
(-6, 67, 0, 6, -18, 15)
(-5, 67, 0, -2, -8, 8)
BatchID:  3




(-39, 66, 31, -34, -75, -50)
(-42, 61, 42, -62, -95, -47)
(-39, 45, 48, -72, -126, -46)
(-22, 33, 46, -69, -127, -44)
(-5, 31, 36, -55, -127, -37)
(4, 41, 37, -68, -109, -31)
(7, 35, 56, -95, -75, -33)
(5, 10, 65, -91, -53, -37)
(4, -4, 54, -74, -29, -38)
(3, -1, 42, -51, -8, -35)
(0, 0, 40, -33, 0, -27)
(-3, -1, 42, -19, 2, -19)
(-3, 0, 42, -7, 1, -12)
(-2, 4, 41, -1, 1, -6)
(-1, 3, 42, 0, 0, -3)
(1, 1, 42, 3, 1, -1)
(0, 2, 41, 6, 3, 0)
(0, 1, 40, 8, 5, 3)
(-1, 0, 40, 11, 6, 7)
(-3, -4, 39, 20, 5, 11)
(-2, -6, 34, 32, 3, 16)
(0, -6, 32, 47, 5, 20)
(3, -5, 29, 64, 14, 24)
(1, -1, 27, 79, 24, 28)
(-2, 5, 22, 91, 26, 32)
(-4, 11, 18, 99, 24, 35)
(-7, 16, 14, 107, 16, 39)
(-5, 24, 11, 114, 8, 43)
(-1, 34, 14, 110, 4, 47)
(6, 36, 17, 102, 2, 49)
(15, 38, 20, 101, 12, 50)
(19, 41, 20, 108, 34, 52)
(14, 49, 21, 120, 52, 58)
(9, 63, 21, 127, 56, 67)
(9, 75, 22, 127, 54, 74)
(13, 87, 20, 125, 55, 78)
(20, 94, 19, 111, 64, 80)
(21, 96, 19, 102, 83, 81)
(17, 98, 19, 99, 101, 82)
(10, 101, 15, 97, 117, 81)
(0, 104, 12, 90, 125, 79)
(-9, 104, 9, 75, 127, 75)
(-15, 99, 6, 60, 126, 67)
(-23, 93, 6, 49, 124, 57)
(-30, 86, 5, 36, 115, 45)
(-34, 82, 3, 25, 103, 30)
(-35, 78, 2, 14, 88, 15)
(-36, 75, 1, 4, 69, 2)
(-39, 69, 4, -15, 16, -15)
(-37, 64, 8, -21, -17, -18)
(-27, 59, 10, -21, -48, -20)
(-14, 56, 11, -22, -61, -20)
(-7, 52, 11, -26, -57, -19)
(-12, 44, 11, -27, -53, -18)
(0, 42, 15, -18, -63, -17)
(5, 41, 14, -11, -53, -17)
(6, 39, 14, -6, -34, -14)
(8, 40, 17, -1, -23, -13)
(7, 42, 16, 4, -11, -10)
BatchID:  4




(-19, -12, 60, 0, 4, -2)
(-19, -12, 60, 0, 3, -2)
(-18, -13, 60, 0, 4, -1)
(-19, -14, 61, 0, 3, -1)
(-19, -14, 61, 1, 3, 0)
(-18, -14, 62, 1, 1, 0)
(-18, -15, 62, 0, 1, 1)
(-17, -15, 62, 0, 1, 2)
(-15, -15, 62, 0, 4, 3)
(-15, -15, 62, -1, 8, 4)
(-20, -17, 62, 0, 12, 7)
(-21, -17, 61, 0, 12, 7)
(-22, -17, 62, 0, 12, 7)
(-23, -15, 63, -1, 12, 5)
(-23, -12, 64, -6, 11, 4)
(-26, -12, 66, -9, 10, 3)
(-28, -11, 66, -11, 6, 3)
(-30, -11, 67, -11, 0, 4)
(-29, -10, 67, -11, -6, 4)
(-25, -10, 65, -11, -10, 3)
(-20, -10, 64, -10, -9, 3)
(-16, -10, 63, -9, -4, 3)
(-14, -10, 61, -8, 4, 3)
(-14, -10, 59, -6, 12, 3)
(-18, -10, 58, -5, 15, 3)
(-20, -10, 58, -3, 13, 4)
(-22, -8, 59, -2, 8, 4)
(-22, -6, 59, -2, 2, 4)
(-21, -4, 58, -5, -1, 4)
(-22, -8, 57, -4, -4, 7)
(-25, -7, 59, 0, -5, 9)
(-25, -5, 60, 3, -6, 10)
(-25, -3, 63, 5, -6, 11)
(-24, -1, 64, 5, -4, 11)
(-24, 0, 65, 2, -1, 10)
(-24, -1, 64, 0, 1, 9)
(-25, -2, 62, -1, 3, 9)
(-26, -5, 61, -1, 2, 8)
(-25, -7, 60, 0, 1, 7)
(-22, -7, 58, 0, 0, 6)
(-20, -9, 56, 0, 2, 6)
(-19, -10, 55, 0, 4, 6)
(-20, -10, 55, 0, 4, 7)
(-22, -11, 55, 0, 1, 8)
(-22, -11, 55, 0, -3, 9)
(-23, -9, 56, 0, -7, 11)
(-22, -9, 55, 0, -10, 12)
(-21, -8, 56, 0, -11, 14)
(-24, -4, 59, 1, -4, 20)
(-24, -3, 59, -2, -1, 20)
(-22, -4, 60, -5, -2, 20)
(-20, -5, 59, -7, -2, 21)
BatchID:  5




(-22, -1, 63, -16, -2, 41)
(-21, -2, 62, -13, 0, 42)
(-20, -3, 62, -11, 0, 42)
(-19, -1, 63, -10, 2, 42)
(-17, -2, 61, -15, 6, 39)
(-17, -4, 59, -17, 7, 37)
(-16, -6, 59, -18, 6, 35)
(-16, -8, 59, -16, 4, 33)
(-15, -9, 58, -15, 1, 33)
(-13, -9, 59, -13, -1, 33)
(-12, -9, 60, -12, -2, 35)
(-9, -9, 60, -11, -2, 36)
(-8, -8, 61, -12, 0, 37)
(-9, -7, 61, -12, 1, 38)
(-10, -6, 61, -13, 3, 39)
(-12, -6, 60, -15, 2, 39)
(-12, -9, 57, -15, 2, 39)
(-11, -11, 57, -13, 2, 39)
(-11, -12, 56, -10, 2, 38)
(-12, -11, 57, -8, 1, 38)
(-11, -10, 59, -6, 0, 37)
(-13, -12, 61, -7, 0, 37)
(-16, -13, 61, -6, -1, 35)
(-17, -13, 62, -5, 0, 34)
(-17, -12, 61, -5, 1, 33)
(-18, -13, 61, -5, 2, 31)
(-18, -14, 62, -5, 2, 30)
(-17, -14, 63, -7, 2, 25)
(-17, -16, 62, -7, 3, 23)
(-17, -16, 62, -7, 3, 22)
(-18, -17, 62, -6, 3, 20)
(-17, -16, 62, -5, 2, 15)
(-23, -10, 58, -10, 2, 8)
(-23, -10, 57, -9, 2, 7)
(-22, -11, 57, -8, 2, 7)
BatchID:  6




(-1, 58, 15, 2, -35, -14)
(-3, 56, 13, 4, -33, -14)
(-1, 56, 11, 5, -31, -13)
(0, 55, 8, 5, -26, -13)
(0, 53, 8, 4, -23, -13)
(-1, 51, 8, 5, -22, -13)
(-2, 50, 8, 8, -29, -13)
(0, 50, 5, 7, -32, -13)
(1, 50, 6, 7, -33, -12)
(3, 51, 4, 6, -33, -11)
(5, 51, 3, 4, -29, -9)
(5, 51, 3, 4, -25, -6)
(1, 52, 2, 6, -19, 0)
(0, 52, 1, 8, -18, 2)
(-9, 61, 7, -6, -16, -9)
(-10, 60, 7, -3, -19, -6)
(-11, 58, 8, -1, -24, -1)
(-9, 56, 8, 0, -27, 2)
(-8, 53, 7, 1, -26, 5)
(-7, 51, 6, 3, -21, 7)
(-6, 52, 4, 4, -13, 7)
(-8, 52, 4, 5, -6, 6)
(-8, 50, 4, 6, -3, 5)
(-9, 50, 4, 8, -2, 3)
(-9, 50, 3, 9, -2, 2)
(-7, 49, 4, 10, -2, 2)
(-7, 50, 5, 12, -2, 2)
(-6, 50, 4, 11, -1, 4)
(-12, 64, 0, -12, 14, -2)
BatchID:  7




(-1, 60, 5, -4, -23, -2)
(4, 62, 3, -16, -17, -5)
(6, 61, -1, -34, -1, -8)
(4, 60, -3, -36, 3, -6)
(3, 57, -4, -34, 6, -4)
(0, 54, -5, -29, 7, -1)
(-3, 50, -6, -24, 6, 3)
(-10, 45, 1, -4, 0, 10)
(-11, 51, 4, 7, -7, 12)
(-10, 57, 5, 10, -14, 11)
(-8, 61, 6, 8, -19, 7)
(-5, 64, 6, 0, -23, 0)
(-2, 65, 5, -12, -23, -4)
(0, 62, 6, -22, -21, -7)
(2, 60, 7, -27, -19, -7)
(2, 57, 7, -28, -17, -5)
(2, 54, 7, -26, -15, -1)
(1, 51, 6, -22, -12, 2)
(-1, 48, 7, -17, -11, 6)
(-5, 45, 11, -11, -13, 9)
(-7, 43, 16, -5, -16, 11)
(-7, 45, 19, 1, -19, 11)
(-7, 48, 20, 1, -21, 9)
(-5, 49, 20, -4, -22, 6)
(-4, 50, 19, -12, -20, 2)
(-4, 49, 20, -17, -19, 0)
(-3, 49, 19, -19, -19, 0)
(-2, 49, 18, -19, -20, 1)
(0, 48, 16, -17, -18, 2)
(0, 46, 16, -14, -14, 2)
(0, 44, 17, -9, -11, 4)
(-2, 43, 20, -2, -9, 4)
(-2, 43, 21, 4, -9, 5)
(-1, 45, 22, 10, -9, 5)
(-1, 47, 21, 10, -7, 4)
(0, 47, 22, 7, -4, 1)
(0, 48, 21, 4, -1, -1)
(-1, 48, 20, 0, -1, -5)
(-1, 46, 20, -4, -4, -7)
(0, 47, 21, -5, -7, -9)
(2, 48, 18, -7, -9, -9)
(3, 47, 18, -9, -11, -8)
(4, 45, 17, -9, -13, -6)
(3, 44, 19, -5, -16, -3)
(2, 44, 21, 0, -20, 0)
(3, 45, 20, 3, -22, 4)
(2, 45, 21, 6, -22, 6)
(2, 45, 22, 8, -19, 7)
(1, 45, 23, 10, -17, 7)
(-1, 46, 24, 12, -15, 6)
(-1, 47, 26, 12, -16, 3)
(-1, 47, 25, 9, -17, 0)
(0, 46, 24, 6, -18, -1)
(2, 47, 22, 2, -19, -3)
(3, 47, 20, -2, -18, -4)
(5, 45, 19, -6, -17, -4)
(6, 43, 19, -6, -15, -4)
(5, 43, 17, -4, -15, -1)
(4, 41, 15, -3, -16, 1)
(3, 40, 15, 0, -16, 4)
(3, 40, 15, 3, -16, 6)
(3, 40, 16, 7, -14, 6)
(3, 40, 16, 10, -11, 6)
(2, 42, 16, 13, -7, 6)
(0, 45, 14, 8, 0, 4)
(0, 44, 15, 9, 2, 2)
BatchID:  8




(-6, 48, 19, 3, 8, -4)
(-6, 48, 19, 2, 7, -7)
(-5, 48, 20, 1, 6, -10)
(-5, 48, 19, 0, 4, -13)
(-3, 48, 19, 0, 3, -15)
(-2, 49, 18, -1, 2, -17)
(0, 48, 18, -2, 2, -19)
(2, 48, 17, -2, 2, -20)
(4, 48, 17, -2, 2, -20)
(5, 48, 16, -3, 1, -19)
(5, 48, 15, -2, 1, -17)
(6, 48, 15, 0, 1, -14)
(6, 50, 14, 1, 1, -10)
(5, 49, 16, 11, 10, -1)
(0, 49, 15, 11, 13, 2)
(-2, 48, 15, 13, 14, 2)
(-3, 50, 15, 14, 13, 1)
(-3, 49, 11, 5, 14, -7)
(-1, 45, 9, 2, 8, -10)
(0, 44, 8, 3, 6, -10)
(1, 44, 7, 5, 3, -9)
(3, 45, 4, 10, -2, 5)
(2, 47, 3, 13, -2, 7)
(1, 49, 3, 16, -3, 10)
(0, 52, 3, 18, -4, 12)
(0, 65, 8, 28, 11, 11)
(-1, 70, 8, 17, 19, 6)
(-1, 68, 7, 12, 19, 4)
(-3, 67, 7, 9, 19, 2)
(-4, 65, 5, 6, 16, 1)
(-4, 62, 5, 5, 13, 0)
(-5, 58, 4, 4, 10, -2)
(-4, 57, 4, 5, 7, -3)
(-5, 57, 4, 4, 3, -5)
(-4, 56, 5, 2, -1, -6)
(-3, 55, 6, 2, -5, -5)
(-2, 56, 5, 0, -9, -4)
(0, 57, 6, 0, -11, -2)
(0, 57, 7, -2, -11, 0)
(1, 56, 6, -2, -9, 2)
(1, 57, 6, -3, -5, 4)
(0, 56, 6, -4, 0, 5)
(0, 55, 7, -4, 5, 5)
(0, 55, 6, -4, 11, 5)
(-1, 56, 5, -6, 18, 4)
(-4, 56, 3, -8, 22, 2)
(-5, 55, 2, -10, 25, 0)
BatchID:  9




(-2, 58, -4, -2, 19, -5)
(-2, 57, -5, -4, 20, -4)
(-4, 54, -5, -3, 21, -2)
(-5, 52, -6, -1, 21, -2)
(-6, 50, -6, 2, 20, -1)
(-8, 50, -6, 7, 18, -1)
(-9, 51, -5, 11, 15, -2)
(-10, 52, -2, 15, 9, -3)
(-11, 54, -1, 18, 3, -3)
(-9, 55, 0, 19, -2, -4)
(-9, 57, 0, 19, -7, -5)
(-7, 58, 2, 18, -11, -6)
(-7, 60, 3, 17, -16, -7)
(-6, 61, 4, 16, -19, -7)
(-5, 63, 3, 13, -22, -8)
(-2, 63, 4, 10, -23, -8)
(-2, 62, 5, 7, -23, -9)
(-1, 60, 4, 4, -21, -9)
(0, 58, 5, 3, -16, -10)
(0, 56, 4, 2, -11, -10)
(0, 55, 4, 1, -7, -10)
(-3, 55, 7, -3, -1, -8)
(-2, 55, 7, -5, -3, -8)
(-1, 56, 9, -5, -3, -7)
(0, 57, 7, -6, -3, -6)
(1, 58, 6, -9, 0, -4)
(1, 58, 6, -11, 2, -3)
(0, 59, 3, -13, 6, -1)
(0, 59, 2, -14, 7, 0)
(-1, 58, 1, -14, 6, 1)
(-4, 54, 1, -12, 1, 4)
(-6, 50, 0, -10, -2, 5)
(-6, 47, 1, -7, -6, 6)
(-4, 50, 9, 1, -27, 9)
(-4, 51, 11, 0, -28, 10)
(-2, 57, 12, -5, -26, 13)
(-2, 58, 11, -7, -24, 12)
(-1, 59, 11, -8, -19, 11)
BatchID:  10




(0, 52, 6, 8, 1, 5)
(-1, 52, 7, 8, 0, 8)
(-2, 51, 7, 9, 0, 10)
(-5, 50, 8, 11, -2, 12)
(-4, 50, 8, 13, -4, 13)
(-5, 51, 9, 16, -6, 13)
(-6, 55, 11, 18, -12, 13)
(-6, 56, 12, 19, -15, 14)
(-5, 57, 14, 19, -19, 15)
(-3, 58, 14, 18, -20, 15)
(-1, 59, 13, 15, -18, 14)
(0, 61, 11, 11, -13, 13)
(0, 60, 10, 6, -8, 11)
(-2, 57, 9, 0, 2, 8)
(-4, 55, 8, -2, 5, 7)
(-3, 53, 7, -2, 8, 5)
(-3, 52, 6, -3, 11, 4)
(-2, 51, 4, -4, 15, 3)
(-2, 50, 4, -5, 19, 2)
(-2, 49, 3, -5, 22, 2)
(-1, 49, 3, -3, 25, 2)
(-7, 56, 2, 4, 19, 19)
(-9, 56, 3, 13, 14, 20)
(-10, 56, 4, 13, 14, 17)
(-11, 56, 7, 15, 12, 14)
(-13, 56, 9, 16, 9, 11)
(-12, 56, 10, 16, 5, 8)
(-8, 57, 11, 11, 2, 1)
(-7, 56, 11, 8, 2, -1)
(-5, 57, 11, 3, 3, -4)
(-1, 53, 8, -14, 8, -10)
(-1, 52, 6, -14, 7, -9)
(0, 52, 7, -13, 7, -6)
(0, 53, 7, -10, 7, -4)
(0, 54, 6, -7, 11, -2)
(0, 55, 5, -6, 13, -2)
(-1, 55, 5, -5, 14, -2)
(-2, 56, 5, -4, 14, -3)
(-3, 56, 6, -3, 12, -3)
(-2, 56, 6, -4, 12, -4)
(0, 55, 6, -5, 12, -7)
(0, 54, 6, -6, 13, -8)
(-1, 53, 6, -6, 13, -8)
(0, 51, 6, -6, 12, -8)
(0, 50, 7, -6, 11, -8)
(1, 49, 7, -5, 10, -8)
(1, 49, 6, -5, 9, -8)
(1, 48, 8, -4, 8, -6)
(2, 48, 8, -4, 7, -4)
(3, 48, 9, -2, 7, -2)
(3, 49, 10, 0, 7, 0)
(4, 51, 9, 0, 8, 1)
(3, 52, 9, -1, 10, 2)
(2, 52, 10, -1, 10, 3)
(1, 52, 10, -1, 10, 3)
(0, 52, 10, -1, 10, 4)
(1, 53, 10, -1, 10, 4)
(1, 53, 10, -2, 10, 4)
(1, 53, 10, -1, 11, 4)
(1, 52, 11, -2, 11, 4)
BatchID:  11




(1, 55, 5, 2, 3, 0)
(0, 55, 5, 1, 3, -1)
(0, 53, 5, 1, 2, -1)
(0, 52, 6, 3, 0, -1)
(0, 52, 7, 4, 0, 0)
(2, 53, 7, 5, 0, 0)
(3, 54, 7, 5, 1, 0)
(2, 55, 6, 3, 3, -1)
(1, 54, 6, 1, 4, -1)
(0, 52, 7, 1, 3, -1)
(0, 52, 6, 0, 1, -1)
(1, 51, 5, 0, 0, -1)
(2, 52, 6, 1, 0, 0)
(3, 53, 6, 2, 0, 0)
(4, 54, 5, 2, 0, 1)
(4, 53, 5, 1, 1, 1)
(2, 51, 5, 0, 2, 1)
(0, 51, 5, 1, 2, 2)
(1, 53, 4, 2, 1, 2)
(1, 54, 3, 1, 1, 2)
(0, 54, 5, 1, 0, 3)
(0, 55, 5, 2, 0, 3)
(1, 56, 4, 2, -1, 3)
(1, 55, 4, 0, 0, 3)
(0, 53, 4, 0, 1, 2)
BatchID:  12




(3, 51, 10, 6, -22, -15)
(4, 51, 11, 6, -24, -14)
(4, 50, 11, 6, -26, -13)
(5, 50, 11, 5, -28, -11)
(5, 49, 11, 5, -29, -9)
(5, 47, 12, 5, -31, -7)
(6, 46, 12, 6, -32, -5)
(6, 46, 12, 6, -31, -4)
(6, 47, 12, 7, -30, -1)
(5, 47, 11, 8, -29, 0)
(3, 47, 11, 8, -29, 1)
(1, 46, 11, 8, -30, 2)
(0, 46, 11, 9, -32, 2)
(0, 47, 9, 8, -34, 3)
(0, 46, 10, 8, -36, 3)
(0, 47, 11, 10, -39, 4)
(0, 48, 11, 11, -42, 5)
(0, 51, 11, 13, -44, 5)
(0, 54, 10, 14, -45, 7)
(0, 57, 12, 14, -46, 8)
(0, 58, 11, 14, -49, 9)
(-1, 57, 12, 14, -50, 10)
(0, 56, 12, 15, -51, 9)
(0, 55, 12, 14, -50, 9)
(-1, 54, 12, 13, -50, 8)
(-2, 53, 12, 11, -49, 7)
(-2, 53, 11, 10, -48, 5)
(-2, 54, 10, 7, -47, 2)
(-2, 54, 9, 3, -45, 0)
(-2, 54, 8, 0, -43, -3)
(-2, 53, 7, -1, -42, -5)
(-1, 52, 5, -3, -39, -8)
(0, 52, 4, -5, -35, -11)
(0, 51, 2, -5, -32, -14)
(0, 51, 0, -5, -28, -16)
(1, 51, -1, -5, -20, -21)
(1, 48, -2, -4, -18, -23)
(1, 47, -3, -3, -16, -25)
(3, 48, -5, 5, -11, -28)
(6, 56, -5, 7, -9, -27)
(9, 64, -6, 7, -9, -20)
(9, 67, -7, 4, -8, -10)
(7, 66, -7, 6, -7, -2)
(6, 67, -8, 8, -6, 0)
(5, 69, -7, 11, -7, 7)
(2, 67, -7, 11, -9, 10)
(0, 61, -6, 13, -11, 12)
(-2, 57, -5, 14, -14, 14)
(-5, 52, -4, 16, -19, 15)
BatchID:  13




(-6, 55, 8, 8, 8, -5)
(-5, 53, 7, 7, 13, -10)
(-4, 53, 7, 7, 17, -13)
(-2, 54, 6, 5, 19, -17)
(-2, 56, 6, 3, 20, -19)
(0, 56, 6, 1, 20, -19)
(0, 56, 6, 1, 19, -18)
(0, 54, 5, 0, 17, -17)
(0, 53, 6, 1, 16, -15)
(0, 53, 6, 3, 14, -14)
(0, 53, 6, 5, 13, -13)
(0, 54, 6, 5, 12, -12)
(1, 54, 7, 5, 12, -11)
(1, 54, 7, 5, 11, -11)
(1, 54, 8, 3, 11, -11)
(2, 54, 7, 2, 12, -11)
(2, 55, 7, 0, 13, -11)
(2, 55, 6, -1, 14, -11)
(2, 55, 6, -2, 15, -11)
(2, 54, 5, -3, 16, -10)
(3, 55, 5, -4, 16, -10)
(2, 55, 4, -5, 17, -10)
(2, 56, 3, -6, 17, -9)
(2, 57, 3, -7, 16, -8)
(3, 58, 2, -8, 17, -7)
(4, 59, 2, -9, 17, -5)
(3, 59, 1, -11, 17, -3)
(2, 60, 0, -12, 17, -1)
(2, 60, 0, -12, 17, 0)
(1, 59, 0, -12, 18, 2)
(1, 57, -1, -12, 19, 3)
(0, 54, -1, -11, 20, 4)
(-1, 51, -2, -10, 22, 5)
(-3, 48, -2, -8, 22, 5)
(-5, 46, -1, -5, 22, 4)
(-6, 45, -1, -2, 20, 4)
(-6, 45, 0, 0, 17, 3)
(-6, 46, 0, 1, 13, 3)
(-5, 47, 0, 1, 10, 4)
(-4, 48, 1, 0, 7, 4)
(-4, 49, 1, -1, 5, 5)
(-1, 50, 0, -4, 5, 8)
(0, 51, 0, -5, 8, 8)
(0, 53, 0, -5, 11, 10)
(1, 55, -1, -4, 15, 11)
(0, 56, -2, -4, 18, 13)
(-4, 54, -3, 0, 23, 17)
(-5, 54, -3, 1, 23, 17)
(-6, 54, -4, 2, 23, 16)
(-8, 54, -2, 4, 22, 16)
(-10, 55, -1, 7, 17, 15)
(-11, 55, 1, 9, 11, 14)
(-11, 56, 2, 11, 5, 14)
(-10, 56, 4, 13, -3, 12)
(-8, 56, 5, 13, -5, 10)
(-7, 57, 6, 12, -7, 9)
(-7, 57, 7, 11, -8, 8)
(-6, 57, 8, 9, -9, 8)
(-4, 56, 8, 5, -7, 7)
(-4, 54, 8, 4, -5, 6)
(-4, 54, 8, 2, -1, 5)
(-5, 52, 8, 0, 2, 4)
(-5, 51, 8, 0, 5, 2)
(-7, 51, 8, 0, 7, 1)
(-6, 52, 7, -1, 7, 1)
(-6, 53, 6, -3, 7, 0)
BatchID:  14

(2, 49, 17, 0, 16, 3)
(3, 47, 15, 1, 16, 4)
(3, 47, 16, 2, 17, 6)
(2, 46, 16, 3, 18, 7)
(0, 44, 14, 4, 18, 8)
(-1, 44, 13, 5, 18, 8)
(-2, 44, 13, 6, 17, 7)
(-5, 46, 9, 10, 10, 3)
(-5, 48, 8, 10, 8, 2)
(-4, 51, 8, 12, 6, 3)
(-5, 55, 7, 14, 4, 3)
initiating handshake with 80:30:DC:D9:0C:E8
(-4, 61, 6, 16, 2, 3)
(-4, 67, 6, 17, 0, 4)
(-8, 58, 6, 2, 17, -17)
(-7, 57, 5, 1, 15, -19)
(-7, 56, 6, -1, 11, -19)
(-7, 55, 6, 0, 6, -18)
(-6, 55, 6, 0, 1, -15)
(-5, 55, 5, 0, -4, -12)
(-4, 54, 6, 0, -8, -10)
(-1, 54, 6, 0, -10, -7)
(0, 55, 5, -1, -8, -6)
(1, 55, 4, -3, -5, -4)
(0, 53, 4, -5, -1, -2)
(0, 52, 4, -5, 2, -1)
(-1, 51, 3, -6, 5, 0)
(-2, 49, 1, -7, 8, 0)
(-3, 45, 0, -8, 12, 0)
(-4, 43, -1, -7, 14, 0)
(-5, 41, -1, -6, 16, 0)
(-5, 42, -2, -4, 16, 0)
(-4, 44, -3, -3, 16, 0)
(-4, 45, -2, -3, 15, 0)
(-4, 46, -2, -3, 14, 2)
(-4, 47, -3, -2, 12, 5)
(-4, 49, -4, -2, 10, 7)
(-3, 50, -4, -2, 9, 9)
(-3, 52, -6, -2, 10, 11)
(-2, 53, -6, -2, 11, 12)
(-3, 54, -7, -2, 13, 13)
(-4, 57, -7, 0, 14, 14)
(-5, 59, -8, 1, 15, 15)
(-6, 62, -9, 3, 15, 15)
(-7, 64, -10, 3, 15, 14)
(-8, 63, -10, 3, 14, 13)
(-10, 62, -10, 5, 13, 12)
(-12, 60, -11, 8, 12, 9)
(-13, 58, -9, 11, 10, 6)
(-14, 56, -8, 13, 6, 2)
(-15, 55, -7, 16, 1, -1)
(-14, 54, -5, 19, -4, -4)
(-12, 56, -2, 19, -16, -8)
(-10, 56, 0, 20, -21, -8)
(-9, 56, 1, 20, -27, -9)
(-8, 58, 3, 18, -31, -9)
(-6, 58, 3, 16, -35, -9)
(-4, 58, 4, 13, -36, -9)
(-2, 58, 4, 10, -35, -8)
BatchID:  1




(-3, 51, 5, 12, 0, -7)
(-1, 52, 4, 7, -2, -5)
(0, 53, 2, 3, -1, -2)
(2, 52, 2, 0, 0, 0)
(2, 52, 1, -1, 3, 2)
(2, 53, 0, -1, 6, 6)
(2, 55, -1, 0, 8, 9)
(2, 56, -2, 0, 11, 13)
(2, 57, -4, 1, 16, 17)
(0, 57, -3, 3, 21, 20)
(-5, 58, -3, 5, 21, 22)
(-14, 61, -2, 3, 8, 25)
(-15, 62, -2, 1, 0, 24)
(-14, 62, -4, -2, -6, 22)
(-14, 60, -3, -6, -11, 20)
(-13, 58, -4, -7, -12, 18)
(-12, 57, -4, -8, -11, 15)
(-11, 58, -5, -8, -9, 12)
(-11, 57, -5, -9, -6, 10)
(-12, 55, -6, -8, -4, 8)
(-13, 54, -5, -6, -3, 6)
(-13, 55, -4, -4, -4, 4)
(-12, 54, -5, -3, -3, 1)
(-12, 54, -5, -4, -2, 0)
(-12, 53, -3, -5, -1, -2)
(-12, 52, -2, -6, -2, -4)
(-12, 52, -3, -8, -3, -5)
(-12, 52, -3, -10, -6, -6)
(-11, 53, -3, -13, -8, -7)
(-8, 54, -4, -15, -9, -8)
(-7, 55, -7, -18, -9, -8)
(-6, 55, -8, -21, -8, -9)
(-5, 54, -9, -22, -7, -9)
(-5, 53, -10, -22, -6, -9)
(-6, 52, -10, -22, -7, -8)
(-6, 52, -10, -20, -8, -8)
(-6, 54, -11, -18, -11, -7)
(-6, 56, -10, -17, -15, -5)
(-6, 59, -9, -15, -23, -2)
(-4, 62, -9, -15, -25, -1)
(-4, 64, -10, -14, -25, 0)
(-5, 63, -8, -14, -26, 0)
(-6, 59, -6, -11, -26, 0)
(-7, 56, -5, -6, -24, -2)
(-8, 53, -3, 0, -22, -6)
(-6, 51, 0, 3, -21, -13)
(-4, 50, 3, 9, -20, -20)
(0, 51, 6, 14, -21, -25)
(3, 56, 8, 16, -22, -27)
(4, 58, 10, 12, -26, -27)
(5, 58, 14, 7, -33, -23)
(7, 56, 16, 2, -41, -18)
(8, 55, 12, -5, -47, -7)
(8, 53, 10, -10, -46, -5)
(8, 51, 10, -10, -44, -5)
(8, 49, 8, -8, -40, -4)
(8, 49, 9, -4, -34, -3)
(7, 49, 10, 0, -30, -1)
(5, 54, 10, 2, -27, 0)
(2, 56, 10, 3, -29, 0)
(0, 56, 10, 0, -35, 0)
(-1, 54, 12, 0, -43, 1)
(-2, 54, 12, 0, -55, 3)
(0, 53, 14, 1, -66, 4)
(0, 52, 16, 3, -74, 5)
(2, 50, 17, 6, -81, 5)
(4, 49, 19, 7, -80, 6)
(6, 49, 19, 7, -77, 6)
(8, 48, 20, 5, -71, 4)
(8, 49, 19, 3, -62, 2)
(9, 51, 18, 0, -54, 0)
(9, 51, 14, -6, -45, -1)
BatchID:  2




(23, 56, -18, -17, 17, -24)
(22, 53, -17, -12, 23, -23)
(21, 47, -14, -7, 24, -21)
(20, 42, -11, 0, 24, -18)
(19, 42, -9, 8, 24, -13)
(18, 44, -7, 14, 23, -9)
(16, 46, -6, 14, 21, -6)
(14, 47, -5, 13, 21, -3)
(11, 50, -4, 13, 19, -1)
(9, 54, -6, 9, 18, 0)
(8, 54, -5, 4, 17, -1)
(7, 53, -5, 1, 16, -3)
(8, 54, -5, 1, 16, -4)
(8, 56, -7, 0, 17, -2)
(7, 56, -7, -2, 18, 0)
(6, 54, -6, -1, 20, 2)
(6, 54, -6, 0, 22, 4)
(5, 54, -6, 2, 25, 4)
(5, 54, -5, 3, 30, 5)
(4, 55, -4, 5, 35, 6)
(4, 57, -3, 4, 40, 6)
(2, 57, -5, 2, 44, 5)
(0, 58, -5, 0, 47, 3)
(-1, 57, -6, -2, 47, 2)
(1, 59, -4, -7, 47, 1)
(0, 58, -4, -9, 48, 1)
(0, 56, -5, -10, 47, 0)
(0, 55, -7, -10, 47, 0)
(0, 54, -6, -11, 47, 0)
(1, 52, -6, -11, 48, 0)
(2, 55, -3, -7, 46, 2)
(2, 59, -4, -8, 45, 4)
(4, 63, -4, -8, 45, 6)
(4, 69, -6, -9, 45, 8)
(4, 68, -7, -14, 44, 10)
(3, 61, -8, -15, 47, 11)
(0, 55, -6, -13, 48, 12)
(-2, 51, -6, -10, 46, 12)
(-5, 47, -5, -6, 44, 11)
(-8, 44, -2, -2, 39, 10)
(-8, 43, 2, 2, 33, 9)
(-8, 44, 7, 8, 25, 8)
(-7, 47, 9, 13, 17, 7)
(-5, 52, 9, 11, 11, 8)
(-4, 54, 11, 7, 7, 8)
(-3, 54, 12, 3, 3, 7)
(-1, 55, 13, 0, 1, 5)
(1, 56, 11, -4, 3, 1)
(4, 57, 10, -9, 7, -2)
(8, 57, 9, -12, 15, -5)
(9, 56, 9, -14, 24, -6)
(10, 54, 8, -13, 32, -8)
(9, 53, 7, -11, 38, -8)
(6, 52, 7, -8, 41, -8)
(4, 50, 9, -4, 40, -7)
(3, 48, 11, -1, 36, -6)
(4, 47, 13, 0, 31, -6)
(5, 47, 13, 2, 27, -6)
(6, 47, 14, 0, 24, -5)
(5, 47, 14, 0, 20, -4)
(4, 47, 15, -1, 16, -3)
(3, 46, 16, -2, 10, -2)
BatchID:  3




(4, 57, 4, -2, 19, 7)
(5, 57, 3, -2, 20, 8)
(4, 57, 4, -2, 21, 9)
(5, 56, 4, -2, 21, 9)
(5, 55, 4, -3, 22, 8)
(5, 55, 4, -3, 22, 9)
(5, 54, 5, -3, 21, 10)
(4, 53, 5, -4, 19, 11)
(5, 53, 6, -4, 17, 13)
(5, 52, 7, -4, 16, 13)
(6, 50, 8, -4, 16, 14)
(5, 51, 8, -3, 16, 15)
(5, 51, 8, -3, 17, 16)
(5, 50, 9, -3, 19, 16)
(3, 49, 9, -3, 19, 17)
(2, 48, 10, -2, 19, 18)
(0, 48, 11, -1, 20, 17)
(0, 48, 10, -1, 20, 17)
(-1, 48, 9, -1, 21, 16)
(-2, 48, 9, -1, 22, 14)
(-4, 49, 8, 0, 21, 12)
(-6, 49, 9, 0, 18, 11)
(-5, 50, 10, 1, 14, 10)
(-4, 49, 11, 2, 10, 9)
(-3, 48, 12, 3, 7, 9)
(-2, 48, 13, 4, 5, 8)
(-2, 47, 13, 4, 5, 8)
(0, 47, 14, 4, 7, 6)
(0, 47, 13, 4, 9, 4)
(-1, 48, 13, 3, 11, 3)
(-2, 48, 13, 3, 13, 2)
(-3, 47, 13, 3, 12, 0)
(-3, 48, 13, 3, 11, 0)
(-3, 49, 13, 3, 10, -1)
(-2, 49, 13, 4, 9, -3)
(-2, 49, 14, 5, 8, -4)
(-2, 50, 13, 5, 8, -5)
(-2, 50, 13, 5, 7, -7)
(-2, 51, 13, 6, 7, -8)
(-1, 53, 14, 6, 5, -10)
(-1, 54, 13, 5, 3, -11)
(0, 54, 15, 5, 0, -11)
(0, 54, 15, 7, 0, -12)
(1, 55, 15, 7, -1, -13)
(4, 56, 15, 6, 0, -13)
(4, 56, 15, 5, 1, -14)
(4, 56, 14, 3, 4, -14)
(4, 54, 14, 2, 7, -14)
(4, 53, 13, 1, 10, -16)
(4, 51, 11, -1, 14, -16)
(5, 51, 10, -2, 16, -17)
(4, 51, 9, -2, 18, -16)
(3, 53, 8, -2, 19, -16)
(3, 53, 7, -2, 19, -15)
(3, 54, 5, -2, 19, -14)
(3, 55, 6, -1, 19, -14)
BatchID:  4




(1, 44, 13, -3, -12, -19)
(0, 43, 12, -1, -13, -18)
(0, 41, 13, 0, -16, -16)
(-1, 39, 13, 4, -20, -14)
(-2, 39, 14, 6, -25, -12)
(-1, 38, 18, 13, -33, -6)
(0, 40, 19, 15, -35, -4)
(0, 43, 19, 15, -35, -3)
(0, 46, 21, 14, -34, -2)
(0, 48, 21, 12, -32, -1)
(0, 50, 22, 9, -29, -1)
(0, 53, 22, 8, -27, 0)
(-1, 55, 21, 7, -25, -1)
(-2, 57, 20, 7, -23, -3)
(-2, 59, 19, 7, -22, -6)
(-2, 59, 17, 7, -19, -9)
(-2, 60, 15, 6, -15, -13)
(-2, 60, 13, 4, -12, -17)
(-2, 58, 11, 1, -10, -21)
(-1, 57, 10, 1, -9, -24)
(0, 59, 9, 2, -7, -27)
(3, 64, 7, 2, -5, -30)
(4, 68, 4, -1, -3, -31)
(2, 66, 3, -7, -3, -28)
(1, 59, 4, -7, -4, -24)
(0, 54, 4, -2, -8, -20)
(0, 53, 1, 1, -10, -17)
(0, 52, 0, 3, -10, -15)
(0, 50, -1, 5, -7, -13)
(0, 49, -1, 7, -3, -13)
(0, 49, -4, 9, 0, -12)
(-1, 49, -3, 9, 3, -12)
(-3, 49, -3, 11, 3, -10)
(-6, 50, -2, 13, 0, -8)
(-6, 52, -1, 15, -6, -6)
(-4, 55, 0, 13, -19, -1)
(-2, 58, -2, 7, 0, 1)
(-4, 57, -2, 4, 5, 0)
BatchID:  5




(-6, 52, -5, -6, -26, -11)
(-6, 51, -4, -4, -23, -12)
(-5, 51, -4, -3, -20, -13)
(-3, 51, -3, -3, -17, -14)
(-2, 52, -4, -4, -15, -13)
(-2, 52, -4, -5, -13, -12)
(-2, 51, -3, -6, -12, -10)
(-2, 50, -3, -5, -12, -7)
(-3, 49, -3, -5, -12, -5)
(-2, 49, -3, -4, -12, -2)
(-2, 50, -3, -3, -11, 0)
(-2, 51, -3, -3, -10, 1)
(-2, 51, -4, -3, -8, 3)
(-4, 52, -4, -3, -6, 5)
(-5, 53, -4, -3, -6, 5)
(-6, 53, -5, -4, -6, 5)
(-7, 54, -5, -4, -7, 5)
(-8, 54, -4, -3, -10, 5)
(-9, 55, -4, -3, -12, 5)
(-9, 56, -4, -3, -15, 4)
(-9, 57, -4, -4, -18, 4)
(-8, 57, -4, -5, -20, 3)
(-7, 56, -4, -5, -20, 2)
(-7, 58, -4, -5, -20, 0)
(-6, 58, -4, -6, -20, -1)
(-6, 58, -3, -7, -20, -2)
(-6, 58, -3, -7, -20, -3)
(-5, 59, -4, -7, -18, -4)
(-5, 57, -4, -8, -17, -5)
(-4, 55, -4, -7, -15, -6)
(-5, 54, -4, -5, -14, -7)
(-6, 53, -3, -4, -14, -8)
(-7, 50, -1, -2, -16, -8)
(-6, 50, 0, 0, -18, -8)
(-6, 51, 2, 0, -20, -8)
(-5, 50, 3, 1, -22, -8)
(-3, 49, 5, 2, -22, -7)
(-1, 50, 5, 1, -21, -7)
(-1, 51, 6, -1, -19, -6)
(0, 49, 6, -2, -17, -5)
(0, 49, 6, -2, -15, -5)
(0, 51, 5, -3, -12, -4)
(0, 52, 5, -5, -10, -3)
(0, 52, 6, -5, -9, -2)
(-1, 52, 5, -5, -10, -2)
(-2, 52, 4, -4, -10, -2)
(-2, 52, 5, -2, -11, -2)
(-3, 52, 3, -1, -11, -2)
(-4, 52, 5, -1, -11, -2)
(-4, 51, 6, 0, -14, -2)
(-4, 52, 6, 0, -17, -3)
(-3, 53, 7, 0, -18, -3)
(-3, 53, 8, 0, -19, -3)
(-2, 54, 8, 0, -20, -2)
(-2, 55, 8, 0, -19, -2)
(-2, 55, 9, 0, -20, -1)
(-3, 56, 9, 0, -21, -1)
(-4, 56, 8, 0, -23, -1)
(-4, 56, 9, 0, -25, 0)
(-5, 57, 9, 0, -28, 0)
(-5, 55, 10, 0, -32, 0)
(-5, 55, 11, 1, -35, 0)
(-5, 54, 11, 1, -39, -1)
(-4, 53, 12, 1, -42, -1)
BatchID:  6




(4, 48, 2, -12, 49, -4)
(2, 47, 3, -6, 46, -4)
(2, 47, 5, -2, 39, -5)
(3, 49, 6, 1, 31, -4)
(4, 51, 7, 2, 23, -3)
(5, 51, 8, 1, 17, -1)
(6, 51, 10, 1, 13, -1)
(6, 50, 11, 0, 10, 0)
(8, 49, 11, -1, 9, 0)
(9, 48, 11, -2, 10, 1)
(9, 49, 11, -2, 12, 3)
(9, 49, 10, -3, 14, 4)
(6, 48, 10, -2, 18, 6)
(4, 49, 9, 0, 19, 7)
(2, 49, 8, 0, 19, 8)
(2, 49, 9, 0, 20, 8)
(1, 48, 9, 1, 20, 8)
(1, 49, 10, 3, 19, 8)
(0, 50, 10, 4, 17, 9)
(0, 50, 11, 4, 16, 9)
(0, 50, 11, 5, 14, 10)
(0, 50, 11, 5, 12, 9)
(0, 51, 10, 4, 12, 8)
(0, 51, 11, 3, 13, 7)
(0, 52, 10, 2, 13, 6)
(0, 51, 10, 0, 14, 4)
(-1, 51, 9, 0, 15, 3)
(0, 49, 9, 1, 17, 2)
(0, 48, 8, 2, 17, 1)
(0, 47, 8, 3, 17, 2)
(-1, 46, 8, 4, 15, 3)
(-2, 45, 9, 5, 12, 5)
(-3, 46, 9, 7, 10, 6)
(-4, 46, 9, 7, 7, 6)
(-4, 46, 9, 8, 5, 6)
(-5, 46, 9, 9, 4, 6)
(-4, 46, 10, 10, 3, 5)
(-5, 48, 11, 12, 3, 4)
(-4, 49, 11, 14, 3, 3)
(-4, 51, 10, 13, 4, 2)
(-2, 53, 10, 12, 6, 0)
(-3, 54, 9, 10, 8, -3)
(-2, 57, 6, 7, 9, -6)
(-1, 60, 5, 5, 11, -8)
(0, 64, 5, 5, 12, -9)
(4, 67, 4, 6, 14, -11)
(7, 69, 0, 4, 32, -10)
(3, 53, -1, 6, 42, -7)
(-4, 42, -1, 11, 41, -6)
(-8, 39, 0, 16, 35, -4)
(-13, 40, 2, 21, 23, -2)
(-14, 40, 4, 23, 4, -1)
(-13, 42, 6, 23, -12, 0)
(-8, 43, 6, 21, -26, 0)
(-1, 43, 6, 18, -29, -1)
(2, 46, 4, 13, -26, -2)
(5, 51, 5, 9, -20, -4)
(6, 56, 5, 6, -14, -5)
(9, 63, 5, 3, -8, -6)
(12, 69, 1, 0, -1, -7)
(13, 73, -2, -6, 6, -8)
(12, 74, -7, -14, 13, -9)
(9, 73, -9, -19, 18, -9)
(7, 69, -10, -21, 19, -9)
(5, 65, -10, -17, 19, -10)
(5, 61, -11, -13, 17, -10)
BatchID:  7




(-4, 55, 5, 7, -8, 4)
(-2, 56, 5, 4, -8, 3)
(0, 55, 5, 0, -6, 2)
(0, 53, 5, -1, -3, 2)
(0, 52, 5, -3, 2, 4)
(-1, 51, 5, -2, 4, 5)
(-2, 51, 5, 0, 5, 7)
(-2, 50, 6, 1, 6, 8)
(-2, 51, 6, 2, 9, 8)
(-2, 53, 5, 3, 12, 8)
(-3, 54, 6, 2, 15, 8)
(-4, 54, 7, 2, 17, 6)
(-4, 54, 7, 1, 18, 4)
(-3, 53, 6, 0, 20, 2)
(-2, 53, 5, -2, 22, 1)
(-2, 53, 5, -3, 22, 1)
(-2, 53, 5, -3, 22, 2)
(-2, 52, 4, -5, 21, 3)
(-2, 50, 5, -5, 19, 5)
(-2, 48, 4, -3, 18, 8)
(-1, 47, 5, -1, 18, 11)
(-1, 48, 5, 2, 20, 14)
(-2, 49, 5, 2, 23, 16)
(-4, 49, 6, 2, 24, 17)
(-5, 50, 6, 3, 24, 19)
(-7, 52, 6, 4, 22, 20)
(-8, 54, 6, 4, 20, 20)
(-9, 56, 6, 3, 18, 20)
(-9, 57, 5, 1, 15, 18)
(-8, 57, 5, 0, 13, 17)
(-9, 57, 4, -1, 12, 15)
(-9, 56, 4, -1, 10, 14)
(-9, 56, 5, 0, 8, 13)
(-9, 56, 4, 0, 6, 12)
(-9, 57, 5, 1, 3, 12)
(-9, 58, 5, 1, 1, 12)
(-9, 56, 5, 2, 0, 12)
(-10, 54, 6, 3, -2, 11)
(-11, 52, 6, 3, -4, 10)
(-12, 50, 5, 3, -7, 8)
(-13, 48, 8, 4, -10, 7)
(-12, 48, 7, 6, -13, 5)
(-11, 49, 7, 6, -16, 3)
(-10, 50, 8, 4, -19, 2)
(-9, 51, 9, 3, -21, 1)
(-7, 51, 9, 2, -23, 0)
(-5, 51, 9, 1, -22, 0)
(-2, 54, 9, 0, -19, -1)
(-1, 56, 7, -3, -15, -2)
(4, 60, 4, -5, 2, -21)
(6, 60, 5, -4, 0, -21)
(8, 61, 6, -3, -2, -21)
(10, 63, 6, -3, -4, -19)
(11, 63, 7, -5, -3, -17)
BatchID:  8




(-9, 53, 5, -8, -19, 7)
(-11, 50, 4, -8, -21, 6)
(-12, 47, 7, -6, -23, 4)
(-12, 45, 8, -1, -26, 3)
(-10, 48, 8, 1, -28, 1)
(-10, 51, 8, 1, -30, 1)
(-11, 51, 11, 1, -34, 1)
(-12, 52, 13, 3, -40, 2)
(-13, 53, 15, 6, -48, 3)
(-10, 54, 15, 7, -54, 3)
(-9, 54, 14, 6, -56, 3)
(-6, 55, 14, 5, -54, 2)
(-4, 56, 14, 3, -48, 0)
(-2, 56, 13, 0, -40, -2)
(-1, 55, 12, -4, -30, -5)
(-2, 55, 11, -6, -21, -9)
(-5, 54, 10, -8, -17, -11)
(-7, 53, 10, -8, -17, -12)
(-8, 52, 8, -7, -20, -13)
(-8, 53, 8, -7, -23, -14)
(-8, 52, 7, -5, -28, -14)
(-7, 52, 8, -4, -32, -14)
(-7, 52, 7, -3, -37, -14)
(-5, 51, 8, -2, -40, -14)
(-4, 52, 8, -1, -42, -13)
(-2, 53, 7, -1, -42, -13)
(-1, 52, 8, -2, -41, -13)
(0, 50, 5, -4, -28, -12)
(0, 51, 4, -5, -26, -11)
(0, 50, 4, 0, -24, -8)
(0, 50, 4, 0, -25, -7)
(0, 50, 4, 1, -24, -6)
(0, 50, 6, 4, -23, -4)
(1, 51, 6, 5, -23, -2)
(1, 51, 7, 5, -22, -1)
(1, 51, 8, 5, -22, -1)
(1, 52, 8, 5, -21, 0)
(0, 52, 8, 5, -20, 0)
(1, 52, 8, 4, -19, 0)
(0, 52, 9, 3, -18, 0)
(1, 52, 9, 3, -16, 0)
(1, 51, 9, 2, -16, 0)
(1, 51, 9, 2, -15, 0)
(1, 51, 9, 2, -15, 1)
(1, 50, 9, 3, -15, 2)
(1, 49, 9, 3, -15, 3)
(1, 50, 10, 4, -14, 4)
(1, 50, 9, 5, -11, 12)
(0, 51, 9, 6, -9, 13)
(0, 51, 9, 6, -8, 13)
(-1, 51, 9, 7, -7, 14)
(-1, 52, 9, 7, -6, 13)
(-1, 53, 9, 7, -6, 14)
(-1, 54, 9, 8, -5, 13)
(-1, 54, 9, 8, -3, 12)
(-1, 54, 8, 7, -1, 11)
(-2, 55, 8, 6, 1, 10)
(-2, 54, 6, 4, 2, 8)
(-1, 53, 7, 3, 2, 6)
(0, 53, 6, 5, 3, 5)
(0, 55, 5, 5, 3, 4)
(3, 56, 5, 5, 4, 4)
(6, 56, 5, 5, 5, 3)
(6, 55, 5, 5, 7, 4)
(6, 56, 5, 6, 9, 6)
BatchID:  9




(2, 54, 17, 14, 21, -4)
(4, 57, 17, 15, 21, -4)
(5, 61, 17, 16, 22, -4)
(5, 66, 16, 15, 22, -4)
(6, 68, 16, 13, 22, -2)
(5, 67, 14, 9, 23, -1)
(5, 63, 14, 7, 25, -1)
(4, 60, 11, 5, 28, -2)
(4, 58, 10, 2, 32, -3)
(4, 55, 8, 0, 38, -4)
(3, 54, 6, -2, 42, -5)
(2, 52, 4, -3, 46, -5)
(1, 51, 3, -4, 47, -6)
(0, 51, 1, -4, 46, -5)
(-3, 50, 1, -4, 43, -4)
(-4, 51, 0, -3, 38, -2)
(-4, 53, 0, -3, 32, -1)
(-4, 56, -1, -4, 27, 0)
(-4, 58, -2, -5, 23, 0)
(-2, 60, -2, -6, 20, 1)
(-1, 62, -3, -7, 20, 1)
(0, 63, -4, -8, 21, 1)
(0, 62, -5, -8, 25, 1)
(0, 61, -6, -8, 28, 1)
(-1, 58, -7, -8, 32, 1)
(-2, 55, -7, -7, 35, 0)
(-3, 52, -8, -6, 37, 0)
(-4, 50, -9, -5, 39, -1)
(-5, 47, -9, -3, 39, -1)
(-6, 46, -8, 0, 37, -2)
(-6, 46, -8, 1, 35, -1)
(-5, 46, -8, 2, 32, -1)
(-5, 47, -7, 2, 28, 0)
(-5, 48, -6, 2, 24, 1)
(-4, 48, -6, 2, 20, 3)
(-3, 49, -5, 2, 18, 5)
(-1, 50, -6, 2, 16, 8)
(0, 51, -7, 2, 17, 10)
(-1, 54, -7, 2, 19, 14)
(-1, 55, -7, 4, 21, 16)
(-2, 56, -7, 5, 22, 18)
(-4, 57, -7, 5, 22, 19)
(-6, 58, -6, 6, 21, 20)
(-8, 58, -5, 7, 19, 21)
(-11, 57, -1, 9, 13, 20)
(-13, 56, 1, 10, 10, 18)
(-14, 57, 2, 11, 6, 16)
(-14, 57, 4, 11, 3, 14)
(-14, 57, 6, 10, 0, 12)
(-14, 57, 7, 9, -1, 10)
(-13, 56, 8, 6, -5, 5)
(-12, 55, 9, 3, -7, 4)
(-11, 55, 9, 3, -8, 2)
(-10, 54, 8, 1, -9, 2)
(-8, 54, 9, 0, -9, 2)
(-7, 55, 9, 0, -10, 2)
(-7, 57, 8, -2, -3, 2)
(-6, 58, 8, -2, -2, 1)
BatchID:  10




(-16, 57, -6, 7, 14, 15)
(-17, 56, -6, 4, 9, 15)
(-18, 56, -5, 3, 4, 13)
(-17, 57, -5, 3, 0, 11)
(-14, 57, -6, 2, -4, 9)
(-12, 56, -6, 1, -3, 7)
(-12, 55, -5, 2, -2, 6)
(-12, 54, -5, 3, -1, 4)
(-8, 58, 0, -2, -16, 0)
(-7, 62, 0, -5, -17, 0)
(-7, 66, -1, -8, -18, 0)
(-7, 64, -3, -14, -20, 2)
(-6, 61, -3, -13, -20, 2)
(-5, 63, 0, -6, -16, 1)
(-5, 65, 0, -4, -16, 2)
(-6, 65, 1, -6, -17, 4)
(-7, 66, 2, -7, -18, 5)
(-8, 65, 2, -9, -20, 6)
(-10, 63, 4, -11, -22, 6)
(-10, 61, 4, -10, -25, 6)
(-9, 61, 5, -10, -27, 4)
(-7, 54, 4, -15, -24, 2)
(-6, 49, 6, -14, -20, 0)
(-6, 46, 6, -13, -15, -1)
(-7, 44, 6, -13, -9, -3)
(-7, 43, 6, -14, -4, -5)
(-8, 43, 6, -15, -1, -7)
(-8, 44, 5, -16, 0, -9)
(-7, 45, 5, -19, 0, -11)
(-5, 45, 3, -22, 0, -12)
(-4, 47, 3, -24, 1, -14)
(-3, 50, 2, -26, 2, -14)
(0, 54, 1, -25, 3, -14)
(3, 55, 0, -23, 9, -9)
(2, 55, 0, -22, 11, -7)
(0, 54, 0, -20, 12, -5)
(-1, 52, -1, -17, 12, -4)
(-3, 52, -1, -14, 10, -5)
(-5, 50, -1, -11, 7, -7)
(-5, 48, 0, -7, 1, -9)
(-5, 46, 2, -3, -4, -12)
(-2, 46, 3, 1, -11, -12)
(-1, 45, 3, 2, -16, -12)
(0, 45, 4, 0, -19, -11)
(1, 43, 5, 0, -21, -8)
(1, 43, 5, 1, -21, -6)
(1, 45, 4, 0, -20, -3)
(0, 44, 5, -1, -20, -2)
(-1, 44, 5, 0, -21, -1)
(-2, 45, 6, 1, -22, 0)
(-3, 46, 7, 2, -24, 1)
(-2, 47, 6, 4, -25, 3)
(-3, 49, 7, 6, -26, 4)
(-3, 52, 7, 7, -27, 5)
(-6, 52, 10, 9, -30, 7)
(-8, 50, 12, 10, -33, 7)
(-9, 49, 15, 12, -38, 6)
(-5, 50, 19, 11, -34, 0)
(-4, 51, 20, 12, -34, 0)
(-3, 53, 19, 12, -33, 0)
(-2, 53, 17, 9, -30, 0)
(-2, 53, 15, 5, -26, 0)
(-4, 53, 14, 3, -23, 0)
BatchID:  11




(-2, 54, 3, 9, -19, 1)
(-1, 54, 2, 9, -17, 0)
(-1, 53, 2, 8, -15, 0)
(0, 52, 2, 7, -13, -2)
(1, 52, 1, 8, -9, -4)
(3, 53, 1, 8, -7, -5)
(4, 54, 0, 9, -5, -5)
(5, 56, 0, 9, -4, -5)
(8, 58, -1, 7, -3, -6)
(10, 59, -1, 6, -3, -6)
(12, 61, -1, 5, -3, -5)
(12, 63, -2, 4, -3, -1)
(11, 62, -3, 3, -5, 2)
(11, 57, -3, 2, -6, 6)
(10, 53, -3, 5, -6, 8)
(11, 51, -5, 7, -5, 9)
(10, 50, -6, 8, -1, 9)
(9, 48, -6, 10, 2, 8)
(8, 46, -5, 11, 4, 7)
(7, 46, -5, 13, 4, 6)
(7, 48, -4, 14, 3, 5)
(7, 49, -4, 14, 2, 4)
(8, 50, -4, 14, 1, 4)
(8, 52, -3, 14, 0, 4)
(8, 53, -3, 13, 0, 4)
(8, 55, -3, 11, 1, 3)
(7, 56, -4, 10, 0, 2)
(8, 57, -3, 9, 1, 2)
(10, 59, -4, 7, 2, 0)
(11, 61, -4, 6, 4, 0)
(11, 62, -5, 4, 7, 0)
(11, 62, -7, 1, 8, 0)
(11, 61, -6, 0, 9, 1)
(11, 60, -7, -1, 9, 1)
(9, 59, -8, -2, 7, 1)
(10, 58, -9, -4, 6, 1)
(9, 55, -10, -3, 7, 1)
(7, 49, -10, -2, 9, 0)
(7, 47, -8, 2, 7, -1)
(7, 48, -7, 6, 5, -1)
(9, 50, -7, 7, 3, 0)
(10, 51, -7, 7, 4, 1)
(10, 52, -7, 5, 5, 2)
(9, 52, -7, 1, 6, 3)
(8, 52, -7, 0, 6, 3)
(8, 53, -7, 0, 6, 4)
(8, 54, -7, -1, 5, 5)
(9, 55, -9, -2, 7, 6)
(8, 55, -11, -4, 10, 6)
(7, 55, -11, -4, 14, 6)
(7, 55, -12, -4, 18, 6)
(5, 55, -11, -3, 20, 5)
(4, 55, -12, -2, 21, 5)
(4, 55, -11, -1, 22, 5)
BatchID:  12




(10, 41, 0, 11, 16, -5)
(13, 44, 0, 11, 19, -3)
(15, 48, -1, 7, 25, -2)
(15, 51, -2, 1, 32, 0)
(13, 53, -4, -4, 39, 1)
(9, 52, -5, -8, 43, 4)
(5, 56, -10, -8, 47, 7)
(3, 56, -12, -8, 50, 7)
(2, 56, -12, -5, 52, 7)
(0, 57, -13, -1, 53, 6)
(0, 58, -13, 0, 52, 5)
(-2, 57, -12, 2, 51, 4)
(-3, 55, -9, 5, 48, 4)
(-4, 55, -9, 8, 41, 5)
(-6, 53, -6, 9, 35, 5)
(-6, 51, -4, 10, 27, 6)
(-6, 50, -2, 11, 20, 5)
(-5, 51, -2, 10, 15, 5)
(-4, 52, -1, 8, 10, 4)
(0, 54, 0, 3, 7, 4)
(1, 55, 0, 0, 8, 5)
(1, 54, -1, -3, 10, 6)
(1, 53, -1, -4, 12, 8)
(0, 52, -1, -5, 14, 8)
(0, 55, -2, -3, 15, 7)
(-1, 56, -4, -5, 14, 8)
(-3, 54, -3, -5, 13, 9)
(-4, 55, -1, -2, 10, 9)
(-4, 57, -2, -1, 6, 9)
(-4, 58, -3, -3, 4, 9)
(-4, 58, -2, -4, 3, 9)
(-5, 57, -2, -3, 2, 7)
(-5, 56, -3, -4, 3, 5)
(-6, 53, -2, -5, 3, 3)
(-6, 50, -2, -4, 3, 1)
(-7, 48, -2, 0, 2, -1)
(-6, 48, -1, 2, 1, -3)
(-5, 50, 0, 4, 0, -5)
(-4, 53, 0, 5, -2, -6)
(-3, 55, 1, 5, -3, -6)
(-3, 54, 3, 5, -4, -7)
(-2, 55, 3, 5, -4, -8)
(0, 57, 3, 4, -2, -10)
(0, 60, 3, 2, 0, -12)
(1, 62, 5, 0, 0, -14)
(1, 61, 6, -3, -1, -15)
(1, 59, 8, -4, -3, -15)
(3, 56, 8, -6, -5, -14)
(4, 54, 9, -6, -6, -12)
(4, 52, 10, -6, -6, -9)
(3, 58, 8, -10, 2, -3)
(2, 57, 9, -10, 5, -3)
(0, 56, 10, -8, 6, -3)
(0, 55, 13, -3, 6, -3)
(0, 57, 13, 2, 6, -2)
(1, 60, 12, 3, 7, -2)
(2, 61, 10, 0, 12, -3)
(0, 58, 10, -4, 16, -4)
(-3, 55, 11, -4, 17, -5)
BatchID:  13




(0, 62, 0, -5, 5, -1)
(1, 63, 0, -5, 6, -1)
(2, 63, -1, -6, 7, -1)
(0, 61, -1, -7, 8, 0)
(0, 57, -1, -8, 7, 0)
(-2, 55, 0, -6, 4, 0)
(-2, 54, 0, -5, -2, 1)
(-2, 53, 0, -4, -8, 2)
(0, 50, 4, -2, -17, 5)
(0, 50, 4, -2, -18, 6)
(1, 50, 5, -3, -18, 7)
(1, 51, 6, -3, -17, 8)
(1, 53, 7, -4, -15, 8)
(3, 54, 6, -5, -13, 7)
(4, 57, 6, -7, -8, 6)
(6, 58, 6, -9, -1, 6)
(6, 61, 3, -11, 1, 6)
(6, 62, 2, -15, 7, 6)
(5, 60, 3, -17, 11, 6)
(3, 61, 2, -16, 11, 6)
(3, 63, 1, -15, 8, 6)
(1, 61, 2, -16, 3, 8)
(0, 57, 5, -14, -3, 12)
(0, 53, 6, -10, -10, 16)
(-1, 50, 9, -6, -17, 18)
(0, 49, 11, -2, -21, 19)
(1, 51, 11, 0, -23, 19)
(3, 53, 12, -3, -23, 18)
(6, 52, 11, -6, -20, 16)
(8, 53, 12, -9, -16, 13)
(10, 54, 11, -12, -9, 9)
(12, 55, 9, -18, -2, 6)
(14, 54, 9, -22, 5, 3)
(13, 52, 7, -25, 11, 0)
(12, 50, 6, -27, 14, -1)
(12, 43, 6, -25, 15, -4)
(11, 41, 5, -21, 13, -4)
(12, 40, 6, -18, 9, -3)
(14, 39, 8, -13, 6, -3)
(16, 38, 8, -7, 5, -2)
(18, 38, 9, -3, 4, -1)
(21, 43, 12, 2, 8, 3)
(21, 44, 12, 2, 9, 3)
(20, 44, 12, 1, 10, 3)
(18, 44, 12, 0, 10, 3)
(17, 45, 12, 2, 9, 3)
(16, 43, 12, 2, 7, 4)
(15, 41, 13, 5, 5, 4)
(16, 42, 17, 14, 0, 6)
(16, 43, 17, 15, 0, 8)
BatchID:  14


