
(-63, -3, -10, -2, 1, 3)
(-63, -3, -11, -1, 1, 3)
(-64, -3, -10, -1, 1, 3)
(-64, -3, -10, -1, 0, 2)
(-63, -4, -11, -1, 0, 3)
(-62, -4, -12, -1, 0, 3)
(-63, -4, -11, 0, 1, 3)
(-65, -4, -11, 0, 2, 3)
(-66, -4, -11, 0, 1, 3)
(-66, -4, -12, 0, 0, 2)
(-64, -4, -12, 0, 0, 1)
(-65, -4, -10, 1, 0, 1)
(-66, -3, -10, 1, 0, 1)
(-66, -3, -10, 1, 0, 1)
(-65, -3, -10, 0, 0, 0)
(-65, -4, -11, 0, 0, 0)
(-65, -5, -11, 0, 0, 0)
(-67, -8, -14, 1, 0, -1)
(-69, -13, -17, 2, -2, -2)
(-67, -22, -21, 3, -4, -2)
(-59, -39, -29, 0, 4, 1)
(-54, -63, -43, -2, 26, 8)
(-65, -86, -59, 4, 51, 11)
(-98, -111, -72, 12, 49, 7)
(-127, -127, -87, 28, 24, -10)
(-127, -127, -96, 55, -32, -17)
(-127, -127, -95, 85, -65, -42)
(-100, -121, -93, 98, -88, -76)
(-77, -101, -90, 100, -86, -101)
(-51, -79, -80, 110, -63, -112)
(-30, -55, -65, 113, -33, -101)
(-18, -32, -48, 122, 0, -72)
(-17, -2, -30, 127, 20, -36)
(-21, 19, -19, 127, 30, -2)
(-25, 34, -8, 127, 33, 15)
(-63, 103, 44, 17, 17, 34)
(-69, 127, 61, 47, -100, 39)
(-60, 127, 35, 56, -123, 75)
(-56, 127, -10, 22, -77, 102)
(-46, 127, -19, -57, 0, 89)
(-78, 127, -11, -55, 84, 44)
(-126, 127, -17, -9, 126, 3)
(-127, 127, -18, 6, 96, -39)
(-104, 125, -11, 19, 60, -64)
(-93, 124, 1, 43, 13, -65)
(-66, 125, 2, 55, -30, -51)
(-36, 120, -4, 45, -35, -38)
(-26, 102, -1, 0, -19, -36)
(-26, 69, 4, -39, -10, -33)
(-27, 26, 4, -63, -6, -25)
(-34, -9, 3, -79, -6, -9)
(-44, -37, 4, -79, -33, 9)
(-37, -42, -7, -78, -53, 31)
(-31, -39, -20, -92, -36, 53)
(-26, -40, -30, -97, -9, 73)
(-25, -51, -37, -111, 28, 88)
(-47, -69, -44, -106, 62, 106)
(-78, -79, -50, -80, 71, 119)
(-115, -75, -55, -56, 71, 126)
(-127, -73, -56, -75, 48, 79)
(-127, -92, -53, -89, 18, 44)
(-127, -110, -56, -67, -14, 14)
(-115, -119, -56, -30, -26, -3)
(-95, -105, -47, 17, -23, -16)
(-85, -76, -37, 39, -25, -28)
(-74, -52, -31, 44, -25, -36)
BatchID:  2




(-65, -7, -15, 6, 0, 3)
(-64, -8, -14, 5, 0, 2)
(-64, -9, -16, 6, 0, 1)
(-62, -9, -17, 6, 0, 1)
(-61, -8, -16, 8, 1, 1)
(-60, -8, -17, 8, 1, 0)
(-62, -6, -16, 8, 3, 0)
(-63, -7, -15, 8, 0, 1)
(-63, -5, -14, 8, 0, 0)
(-62, -4, -15, 5, 0, 1)
(-62, -4, -14, 5, 2, 1)
(-63, -3, -14, 5, 4, 2)
(-64, -2, -16, 6, 5, 2)
(-65, -3, -16, 7, 3, 3)
(-65, -3, -16, 10, 1, 3)
(-65, -3, -15, 13, 0, 3)
(-65, -1, -13, 14, -3, 3)
(-64, -1, -14, 12, -5, 3)
(-61, -5, -15, 9, -5, 4)
(-56, -10, -18, 5, -1, 5)
(-54, -23, -24, -1, 8, 8)
(-60, -45, -30, -4, 23, 11)
(-82, -71, -31, -1, 32, 11)
(-111, -97, -29, 5, 20, 3)
(-127, -126, -26, 9, -12, -17)
(-121, -127, -30, 3, -39, -51)
(-97, -127, -41, -2, -56, -65)
(-73, -127, -49, 21, -38, -80)
(-60, -123, -49, 39, -8, -87)
(-43, -98, -42, 37, 16, -85)
(-31, -75, -38, 37, 36, -73)
(-34, -48, -39, 50, 44, -54)
(-42, -17, -35, 49, 37, -33)
(-46, 4, -25, 44, 18, -17)
(-42, 19, -15, 52, 0, -17)
(-61, 90, 35, -34, -15, -16)
(-80, 103, 11, 7, -111, 17)
(-63, 126, 4, 16, -127, 72)
(-35, 127, 12, 34, -116, 115)
(-26, 127, 3, 32, -35, 107)
(-50, 127, -2, -17, 41, 84)
(-91, 118, 0, -35, 91, 55)
(-127, 102, 0, -18, 94, 31)
(-127, 94, 7, 0, 30, 3)
(-127, 87, 3, 29, -34, -32)
(-90, 91, -10, 46, -59, -54)
(-59, 96, -12, 51, -50, -58)
(-31, 97, -14, 48, -17, -54)
(-28, 92, -13, 35, 25, -48)
(-40, 76, -6, 20, 48, -40)
(-52, 54, 2, 11, 49, -31)
(-57, 43, 5, 6, 31, -22)
(-49, 28, 1, -4, 5, -13)
(-44, 7, -1, -20, -6, -7)
(-44, -12, -1, -34, -11, 3)
(-42, -26, -3, -44, -20, 14)
(-36, -34, -9, -58, -22, 30)
(-35, -42, -17, -72, -6, 46)
(-39, -61, -22, -96, 10, 59)
(-55, -83, -28, -88, 22, 70)
(-69, -80, -31, -70, 36, 75)
(-78, -64, -31, -75, 42, 72)
(-89, -60, -34, -87, 40, 64)
(-96, -68, -42, -92, 36, 54)
(-100, -74, -48, -81, 35, 41)
(-105, -77, -51, -64, 29, 25)
(-101, -77, -46, -45, 13, 9)
(-92, -74, -41, -27, -3, -6)
(-79, -65, -39, -9, -15, -20)
(-70, -53, -35, 1, -18, -26)
(-67, -41, -31, 9, -18, -28)
(-62, -31, -25, 9, -16, -26)
(-58, -25, -22, 10, -10, -22)
(-57, -20, -20, 13, 0, -18)
(-60, -13, -19, 16, 11, -14)
BatchID:  3




(-69, -25, -23, 18, 17, -5)
(-69, -15, -23, 21, 16, -8)
(-70, -6, -20, 18, 11, -11)
(-68, -4, -19, 16, 5, -15)
(-67, -1, -16, 20, 1, -15)
(-63, 6, -14, 20, 1, -14)
(-55, 9, -12, 16, 5, -12)
(-55, 5, -9, 13, 5, -9)
(-54, 3, -9, 11, 4, -6)
(-54, -5, -9, 8, 5, -2)
(-59, -23, -5, 8, 4, 0)
(-62, -34, -5, 10, 3, -1)
(-61, -40, -9, 8, 7, -3)
(-63, -45, -14, 4, 15, -6)
(-70, -50, -19, 4, 18, -9)
(-77, -58, -25, 4, 14, -16)
(-82, -75, -27, 7, 2, -28)
(-84, -85, -25, 13, -14, -37)
(-76, -90, -26, 20, -31, -43)
(-66, -95, -26, 23, -38, -45)
(-57, -95, -27, 29, -34, -43)
(-48, -88, -26, 33, -17, -36)
(-47, -81, -23, 39, 4, -29)
(-54, -74, -13, 41, 21, -23)
(-55, -56, -4, 38, 26, -23)
(-59, -36, 9, 21, 21, -27)
(-71, -32, 9, 12, -10, -31)
(-62, -11, 7, -1, -44, -20)
(-39, 3, 7, -10, -51, 7)
(-22, 26, 10, -17, -32, 38)
(-21, 49, 11, -20, 5, 60)
(-41, 70, 14, -27, 36, 68)
(-90, 98, 18, -34, 25, 63)
(-127, 127, 8, -31, -47, 61)
(-127, 127, -14, -14, -110, 66)
(-99, 127, -38, -24, -91, 60)
(-81, 98, -41, -31, -18, 29)
(-73, 73, -30, -12, 36, -8)
(-70, 62, -25, 21, 75, -39)
(-74, 67, -15, 52, 77, -52)
(-75, 72, -4, 75, 47, -53)
(-62, 80, 0, 93, 9, -46)
(-16, 87, -3, 58, 5, -30)
(-10, 65, -1, 26, 31, -26)
(-18, 37, 6, 14, 47, -17)
(-24, 20, 5, 18, 46, -5)
(-29, 13, 2, 19, 34, 8)
(-31, 5, -4, 6, 27, 21)
(-33, -3, -9, -7, 29, 35)
(-42, -11, -14, -21, 37, 45)
(-56, -22, -17, -38, 40, 52)
(-68, -31, -13, -50, 35, 56)
(-69, -35, -13, -57, 21, 56)
(-69, -34, -19, -63, 19, 58)
(-77, -35, -26, -75, 25, 63)
(-90, -41, -35, -91, 46, 72)
(-100, -40, -43, -99, 59, 63)
(-120, -46, -52, -102, 56, 49)
(-127, -59, -56, -92, 30, 35)
(-127, -68, -54, -72, -1, 21)
(-127, -65, -47, -52, -28, 6)
(-108, -60, -43, -40, -52, -12)
(-87, -54, -43, -32, -57, -24)
(-70, -52, -43, -24, -45, -30)
(-61, -47, -39, -10, -26, -30)
(-59, -38, -32, -1, -12, -28)
BatchID:  4




(-63, -2, -12, -2, 0, 3)
(-64, -2, -14, -2, -1, 3)
(-63, -2, -15, -3, -1, 3)
(-63, -3, -15, -2, 0, 3)
(-62, -4, -15, -2, 0, 3)
(-63, -3, -15, -1, 0, 2)
(-62, -2, -15, -1, 0, 2)
(-60, -3, -16, -2, 0, 2)
(-59, -4, -18, -3, 2, 3)
(-62, -4, -16, 0, 6, 3)
(-64, -3, -16, 0, 5, 4)
(-64, -1, -16, 0, 5, 3)
(-65, -2, -15, -1, 5, 2)
(-66, -3, -15, 0, 5, 2)
(-67, -2, -15, 1, 4, 1)
(-67, -3, -15, 1, 3, 1)
(-68, -4, -15, 2, 1, 0)
(-68, -9, -17, 2, 0, 0)
(-65, -15, -19, 1, 1, 0)
(-59, -28, -24, -1, 14, 5)
(-64, -51, -32, -1, 34, 10)
(-83, -74, -39, 4, 50, 8)
(-111, -91, -43, 14, 45, 0)
(-127, -105, -46, 33, 18, -21)
(-127, -101, -45, 41, -10, -45)
(-123, -83, -54, 40, -46, -68)
(-100, -81, -59, 38, -60, -90)
(-80, -82, -57, 48, -59, -110)
(-66, -74, -50, 60, -57, -121)
(-51, -59, -41, 59, -55, -119)
(-35, -50, -35, 48, -46, -105)
(-23, -47, -28, 45, -29, -81)
(-15, -35, -22, 50, -6, -52)
(-12, -21, -16, 53, 11, -24)
(-13, -8, -9, 54, 27, 2)
(-22, 2, -3, 60, 33, 21)
(-39, 34, 17, 32, 20, 32)
(-43, 49, 15, 22, -25, 38)
(-40, 65, 12, 2, -36, 47)
(-35, 86, 8, -6, -34, 74)
(-29, 106, 2, 11, -8, 116)
(-49, 127, -12, 32, 50, 126)
(-109, 127, -20, 12, 72, 112)
(-127, 127, -16, -13, 45, 76)
(-127, 111, -11, -17, 5, 29)
(-82, 95, -37, 9, -13, -50)
(-54, 85, -29, 13, 10, -66)
(-47, 78, -12, 39, 26, -63)
(-41, 82, -8, 68, 21, -50)
(-30, 89, -12, 72, 26, -39)
(-30, 82, -11, 47, 39, -35)
(-35, 59, -2, 20, 40, -31)
(-36, 34, 4, 8, 29, -25)
(-35, 14, 5, 1, 7, -18)
(-29, -3, 3, -5, -16, -3)
(-19, -12, -1, -10, -22, 16)
(-20, -17, -6, -17, -3, 42)
(-30, -20, -9, -29, 20, 65)
(-44, -29, -9, -45, 40, 78)
(-59, -39, -11, -54, 53, 84)
(-74, -39, -16, -64, 57, 83)
(-86, -33, -25, -74, 58, 84)
(-102, -28, -36, -82, 56, 85)
(-123, -34, -45, -90, 47, 84)
(-127, -54, -46, -95, 33, 75)
(-127, -71, -45, -76, 21, 57)
(-127, -72, -42, -57, 14, 36)
(-127, -67, -36, -42, 5, 15)
(-121, -62, -33, -35, -7, -2)
(-104, -59, -31, -33, -18, -20)
(-85, -55, -31, -32, -27, -33)
BatchID:  5




(-65, -6, -10, -2, 4, 2)
(-66, -6, -10, -1, 3, 2)
(-66, -6, -10, 0, 0, 2)
(-64, -6, -11, 0, -1, 2)
(-64, -7, -11, 0, -1, 2)
(-63, -7, -12, 0, -1, 3)
(-63, -8, -12, 0, 0, 4)
(-64, -7, -11, 1, 0, 4)
(-65, -6, -11, 2, 0, 4)
(-65, -5, -9, 3, -1, 4)
(-64, -4, -8, 3, -3, 4)
(-62, -4, -7, 3, -4, 5)
(-61, -2, -5, 2, -3, 6)
(-60, -1, -5, 1, -2, 7)
(-61, 0, -6, -1, -1, 9)
(-61, -1, -7, -3, 0, 10)
(-63, -2, -8, -4, 1, 11)
(-64, -3, -11, -4, 2, 12)
(-66, -6, -13, -3, 3, 11)
(-69, -9, -15, 0, 3, 9)
(-75, -17, -18, 0, 0, 5)
(-76, -29, -20, 0, -7, 3)
(-70, -45, -27, -1, -2, 2)
(-69, -65, -36, 0, 17, 5)
(-85, -85, -41, 9, 40, 5)
(-115, -104, -45, 24, 40, -3)
(-127, -111, -52, 43, 22, -24)
(-127, -100, -59, 52, -4, -50)
(-127, -94, -64, 57, -26, -73)
(-117, -89, -60, 67, -41, -97)
(-98, -76, -52, 76, -52, -120)
(-79, -67, -44, 75, -59, -127)
(-60, -56, -33, 74, -58, -127)
(-40, -39, -25, 71, -50, -120)
(-19, -22, -20, 58, -32, -93)
(-6, -15, -15, 43, -1, -58)
(-10, -13, -9, 38, 26, -24)
(-20, -9, -3, 42, 40, 0)
(-32, 16, 9, 34, 37, 15)
(-48, 36, 13, 21, 7, 18)
(-57, 53, 13, 2, -24, 21)
(-58, 71, 10, -15, -60, 37)
(-43, 80, 4, -16, -79, 78)
(-24, 95, 4, -2, -45, 114)
(-25, 115, 1, 1, 32, 119)
(-74, 127, -3, -6, 89, 100)
(-127, 86, -7, -39, 27, 48)
(-127, 63, -2, -18, -23, 18)
(-85, 69, -15, -1, -26, -10)
(-52, 70, -20, 0, 2, -34)
(-33, 61, -16, 10, 41, -47)
(-34, 61, -7, 42, 74, -44)
(-48, 72, 1, 76, 63, -31)
(-49, 71, 3, 71, 49, -30)
(-49, 62, 8, 54, 33, -27)
(-48, 47, 11, 36, 15, -18)
(-44, 25, 13, 19, 4, -4)
(-41, 1, 17, 10, -1, 10)
(-41, -9, 14, 5, -3, 23)
(-45, -11, 7, -11, 4, 35)
(-53, -16, 2, -32, 13, 46)
(-62, -23, -4, -49, 22, 59)
(-70, -40, -13, -64, 34, 69)
(-84, -60, -19, -76, 46, 72)
(-94, -61, -26, -77, 46, 64)
(-103, -49, -36, -82, 37, 54)
(-113, -43, -42, -89, 23, 49)
(-115, -57, -43, -89, 3, 42)
BatchID:  6




(-65, -10, -12, -6, 1, 1)
(-65, -9, -11, -5, 1, 0)
(-64, -9, -11, -5, 0, 0)
(-64, -9, -11, -5, 0, 0)
(-64, -10, -11, -5, 0, 1)
(-64, -10, -12, -4, 0, 1)
(-64, -10, -11, -4, 1, 1)
(-65, -10, -10, -3, 1, 0)
(-66, -10, -11, -3, 0, 0)
(-65, -10, -10, -3, 0, 0)
(-65, -10, -11, -2, 0, 0)
(-65, -10, -11, -2, 0, 0)
(-65, -9, -10, -2, 0, 0)
(-65, -10, -11, -2, 0, 0)
(-64, -9, -11, -1, 0, 0)
(-64, -9, -11, -1, 0, 0)
(-64, -9, -11, -1, 0, 0)
(-65, -9, -11, 0, 0, 1)
(-65, -9, -12, 0, 0, 0)
(-66, -10, -12, 0, 0, 0)
(-66, -9, -12, 1, -1, 0)
(-65, -9, -12, 1, -1, 0)
(-66, -9, -12, 2, -1, 0)
(-68, -9, -13, 2, -3, -1)
(-67, -13, -15, 1, -3, -1)
(-62, -24, -21, 0, 3, 0)
(-59, -40, -28, -5, 20, 6)
(-67, -68, -36, -3, 44, 13)
(-99, -93, -39, 6, 50, 11)
(-127, -119, -46, 17, 33, 0)
(-127, -127, -48, 42, 2, -24)
(-127, -127, -49, 62, -32, -49)
(-127, -115, -55, 72, -55, -80)
(-109, -99, -50, 63, -65, -111)
(-83, -80, -43, 63, -69, -127)
(-58, -60, -36, 57, -66, -127)
(-34, -44, -30, 54, -51, -127)
(-14, -29, -22, 55, -21, -97)
(-9, -14, -15, 59, 7, -59)
(-9, 3, -6, 57, 23, -21)
(-17, 21, 1, 32, 25, 9)
(-22, 31, 3, 26, 15, 33)
(-22, 47, 9, 11, 14, 40)
(-29, 65, 13, -1, 12, 39)
(-44, 83, 12, -5, 0, 49)
(-57, 102, 8, -2, -17, 82)
(-53, 114, 1, 8, -19, 111)
(-58, 126, -7, 14, 17, 118)
(-80, 127, -17, -3, 55, 83)
(-107, 113, -20, -32, 62, 35)
(-116, 82, -11, -36, 56, 0)
(-95, 73, -7, -8, 22, -24)
(-70, 76, -17, 8, 9, -38)
(-51, 70, -14, 16, 11, -41)
(-36, 66, -9, 32, 15, -34)
(-28, 69, -10, 43, 24, -24)
(-27, 63, -14, 32, 39, -18)
(-33, 48, -6, 15, 52, -14)
(-38, 26, -1, 2, 49, -10)
(-47, 2, 2, -2, 37, 2)
(-58, -11, 3, -2, -17, 27)
(-48, -9, -3, -27, -24, 38)
(-42, -25, -10, -53, -17, 51)
(-42, -44, -18, -77, 6, 68)
(-63, -57, -29, -76, 36, 80)
(-88, -57, -38, -65, 50, 89)
(-103, -54, -36, -55, 53, 90)
(-120, -53, -27, -46, 37, 82)
BatchID:  7




(-64, -1, -5, 0, -4, 15)
(-66, -2, -8, 0, 2, 15)
(-68, -2, -9, 1, 4, 13)
(-71, -1, -10, 1, 1, 11)
(-70, 0, -10, 0, -3, 9)
(-68, 0, -12, 0, -7, 6)
(-67, -2, -13, -1, -9, 4)
(-64, -3, -14, 0, -7, 3)
(-67, -5, -13, 5, -1, 2)
(-70, -4, -11, 8, 0, 1)
(-70, -3, -11, 9, -3, 0)
(-69, -2, -10, 8, -3, -2)
(-68, -2, -10, 7, -4, -4)
(-66, -3, -10, 7, -3, -4)
(-64, -7, -10, 7, 0, -5)
(-63, -22, -10, 6, 3, -5)
(-61, -42, -10, 5, 7, -5)
(-65, -62, -17, 6, 14, -5)
(-81, -87, -24, 10, 22, -5)
(-107, -107, -23, 19, 17, -10)
(-118, -112, -30, 32, 10, -18)
(-114, -97, -45, 35, 15, -33)
(-119, -99, -48, 35, 19, -54)
(-119, -89, -37, 46, 6, -78)
(-99, -68, -34, 48, -16, -97)
(-79, -54, -31, 47, -24, -104)
(-56, -41, -24, 42, -19, -96)
(-38, -32, -18, 40, 0, -74)
(-31, -14, -10, 38, 20, -53)
(-52, 5, 0, 26, 21, -45)
(-85, 28, 9, 7, -31, -52)
(-90, 42, 6, -15, -104, -60)
(-72, 58, 0, -31, -127, -44)
(-32, 77, -3, -16, -127, 19)
(8, 95, -7, 18, -94, 87)
(-85, 127, 14, 12, 105, 89)
(-127, 125, 32, -14, 55, 56)
(-127, 83, 45, 10, -49, 14)
(-127, 93, 27, 16, -108, -24)
(-92, 95, 22, 18, -126, -44)
(-50, 88, 26, 11, -96, -59)
(-26, 85, 28, 16, -42, -68)
(-16, 83, 24, 17, 10, -71)
(-30, 74, 21, 15, 54, -64)
(-45, 63, 22, 15, 67, -52)
(-48, 55, 16, 17, 62, -38)
(-47, 44, 9, 7, 56, -29)
(-45, 25, 6, -3, 49, -20)
(-41, 3, 5, -12, 37, -13)
(-29, -18, -3, -17, 34, 21)
(-25, -18, -13, -33, 48, 44)
(-32, -38, -19, -49, 64, 60)
(-46, -54, -21, -61, 73, 66)
(-61, -58, -23, -68, 66, 75)
(-58, -56, -27, -79, 58, 80)
(-57, -60, -30, -84, 59, 78)
(-63, -60, -34, -87, 56, 76)
(-74, -66, -40, -87, 50, 76)
(-89, -71, -41, -78, 43, 80)
(-100, -71, -40, -68, 36, 80)
(-103, -66, -37, -56, 32, 68)
(-109, -62, -34, -48, 36, 44)
(-118, -63, -26, -44, 24, 13)
BatchID:  8




(-60, -8, -13, 6, -2, 1)
(-61, -8, -13, 7, 0, 2)
(-62, -7, -12, 8, 0, 2)
(-62, -7, -13, 9, -1, 3)
(-62, -6, -13, 9, -1, 3)
(-62, -7, -10, 10, -2, 4)
(-63, -6, -8, 11, -2, 5)
(-63, -6, -8, 10, -1, 5)
(-63, -7, -8, 8, -1, 4)
(-65, -9, -9, 6, -1, 4)
(-67, -13, -10, 6, -3, 3)
(-72, -25, -9, 7, -7, 2)
(-75, -39, -10, 11, -14, 0)
(-72, -52, -17, 9, -10, 0)
(-83, -76, -25, 10, 27, -5)
(-103, -86, -31, 11, 38, -14)
(-123, -106, -38, 14, 31, -29)
(-127, -114, -42, 30, 8, -55)
(-123, -106, -45, 39, -18, -77)
(-102, -98, -41, 44, -39, -104)
(-80, -88, -35, 48, -53, -124)
(-55, -71, -32, 41, -53, -127)
(-33, -63, -29, 31, -39, -111)
(-19, -61, -24, 30, -15, -86)
(-14, -54, -16, 40, 11, -49)
(-16, -40, -6, 51, 34, -11)
(-61, 19, 12, 32, 0, 26)
(-54, 35, 11, 12, -52, 34)
(-38, 47, 14, 0, -68, 40)
(-28, 68, 17, -2, -59, 49)
(-54, 95, 13, 0, -55, 59)
(-84, 111, 3, -5, -87, 71)
(-79, 92, 1, -11, -115, 90)
(-46, 100, 11, 37, -96, 90)
(-38, 108, 4, 26, -49, 73)
(-40, 97, -9, -2, 23, 42)
(-58, 64, -12, -24, 92, 10)
(-86, 39, 8, -12, 127, -14)
(-83, 65, 11, 63, 78, -50)
(-72, 90, 6, 53, 56, -64)
(-54, 86, 5, 34, 43, -72)
(-41, 69, 7, 25, 42, -71)
(-29, 56, 8, 24, 39, -61)
(-25, 43, 6, 27, 42, -45)
(-28, 30, 6, 28, 47, -25)
(-35, 12, 10, 25, 46, -6)
(-41, -2, 14, 26, 42, 12)
(-49, -8, 13, 25, 36, 29)
(-51, -6, 11, 11, 39, 43)
(-57, -6, 9, -6, 43, 50)
(-72, -8, 3, -26, 47, 58)
(-84, -16, -3, -45, 46, 65)
(-94, -25, -6, -58, 41, 68)
(-98, -38, -12, -65, 34, 66)
(-99, -38, -19, -68, 31, 66)
(-100, -34, -29, -74, 33, 67)
(-103, -35, -37, -82, 41, 68)
(-115, -47, -44, -83, 42, 66)
(-127, -68, -53, -62, 20, 56)
(-127, -81, -55, -29, -6, 41)
BatchID:  9




(-68, 0, -8, 21, -5, 5)
(-66, 0, -8, 16, -4, 2)
(-63, -1, -9, 12, -3, 0)
(-53, -5, -11, 9, 3, 0)
(-52, -5, -12, 9, 7, 3)
(-53, -6, -14, 10, 10, 6)
(-60, -5, -13, 12, 10, 9)
(-63, -3, -14, 11, 7, 12)
(-67, -2, -15, 10, 5, 12)
(-69, -2, -15, 9, 4, 11)
(-70, -4, -15, 8, 3, 9)
(-71, -6, -15, 10, 2, 8)
(-71, -5, -14, 12, 1, 7)
(-70, -5, -12, 13, 1, 5)
(-68, -6, -11, 14, 0, 4)
(-66, -6, -11, 13, -1, 4)
(-59, -6, -12, 10, 4, 6)
(-46, -9, -15, 5, 29, 14)
(-42, -14, -20, 5, 72, 24)
(-70, -24, -25, 4, 102, 29)
(-109, -35, -23, 0, 83, 23)
(-124, -51, -27, -6, 31, 9)
(-119, -73, -31, -13, -8, -5)
(-110, -97, -31, -12, -29, -20)
(-101, -117, -34, -2, -24, -34)
(-102, -126, -39, 19, -7, -45)
(-105, -110, -48, 49, 15, -48)
(-88, -91, -48, 56, 40, -57)
(-92, -84, -46, 70, 49, -78)
(-93, -64, -41, 68, 27, -102)
(-82, -47, -34, 49, -10, -118)
(-61, -34, -31, 31, -47, -118)
(-36, -24, -31, 19, -68, -105)
(-19, -21, -30, 18, -70, -86)
(-20, -19, -21, 30, -70, -60)
(-25, -10, -9, 49, -80, -26)
(-18, 9, -2, 61, -95, 10)
(-7, 42, 6, 25, -102, 51)
(12, 57, 4, 33, -86, 98)
(29, 81, -2, 35, -17, 127)
(4, 120, -5, 31, 59, 127)
(-50, 127, -11, 0, 69, 127)
(-85, 127, -17, -40, 43, 127)
(-103, 127, -20, -67, 41, 116)
(-120, 92, -18, -77, 27, 78)
(-122, 51, -13, -58, -23, 40)
(-70, 51, -14, -4, -25, -36)
(-53, 59, -15, 5, -15, -62)
(-46, 57, -14, 20, -5, -71)
(-40, 61, -10, 40, 5, -67)
(-38, 69, -10, 50, 12, -59)
(-34, 68, -7, 50, 26, -53)
(-43, 62, 0, 50, 34, -51)
(-49, 58, 7, 51, 27, -46)
(-50, 54, 8, 45, 17, -40)
(-49, 47, 5, 31, 6, -29)
(-43, 35, 3, 17, 7, -15)
(-42, 19, 1, 2, 17, 0)
(-50, 3, 0, -10, 30, 14)
(-67, -11, 1, -18, 33, 23)
(-86, -22, 1, -26, 15, 34)
(-84, -25, -4, -40, 0, 42)
(-78, -29, -9, -55, 3, 46)
(-77, -35, -13, -65, 15, 56)
(-79, -44, -16, -76, 28, 63)
BatchID:  10




(-68, -14, -16, 23, 1, -18)
(-68, -6, -12, 28, -6, -19)
(-61, -2, -10, 29, -12, -20)
(-57, 3, -8, 24, -16, -20)
(-56, 3, -8, 18, -16, -16)
(-51, -1, -8, 12, -11, -10)
(-52, -15, -6, 11, -1, -6)
(-59, -34, -7, 10, 2, -5)
(-65, -55, -9, 7, 3, -5)
(-69, -67, -13, 11, 3, -4)
(-68, -64, -13, 16, 12, -7)
(-70, -49, -11, 22, 12, -14)
(-66, -38, -14, 18, 9, -19)
(-64, -41, -13, 11, 3, -21)
(-63, -46, -13, 12, -4, -22)
(-57, -37, -17, 11, -3, -22)
(-66, -29, -20, 11, 4, -22)
(-79, -46, -16, 6, -3, -26)
(-83, -53, -11, 15, -21, -34)
(-50, -47, -20, 4, -23, -31)
(-43, -58, -17, 2, -2, -19)
(-39, -72, -15, 1, 13, -3)
(-41, -80, -13, 8, 31, 11)
(-66, -67, -12, 30, 25, 17)
(-89, -43, -2, 7, -15, 14)
(-79, -43, 3, 3, -72, 6)
(-52, -20, 3, 8, -88, 10)
(-25, -2, 5, 12, -69, 27)
(-12, 17, 12, 28, -22, 55)
(-18, 49, 18, 41, 24, 83)
(-35, 82, 18, 40, 50, 102)
(-53, 110, 13, 19, 54, 101)
(-74, 124, 2, -15, 40, 86)
(-88, 114, -5, -51, 24, 73)
(-89, 80, -8, -59, 5, 61)
(-84, 56, -16, -40, -12, 47)
(-74, 44, -26, -18, -9, 24)
(-61, 35, -29, -2, 12, -3)
(-59, 29, -19, 20, 35, -29)
(-62, 41, -10, 52, 39, -44)
(-60, 59, -8, 66, 31, -50)
(-54, 73, -8, 71, 29, -52)
(-49, 83, -6, 68, 27, -53)
(-45, 82, -2, 57, 28, -54)
(-46, 75, 0, 49, 24, -50)
(-41, 61, 1, 39, 14, -45)
(-41, 45, 2, 35, 11, -39)
(-42, 34, 2, 33, 4, -31)
(-42, 24, 2, 32, 2, -19)
(-43, 12, 2, 25, 8, -7)
(-52, 0, 9, 21, 19, 4)
(-63, -4, 13, 20, 9, 11)
(-65, -4, 7, 6, -4, 16)
(-60, -7, 3, -14, -5, 22)
(-61, -23, -2, -39, 15, 42)
(-74, -28, -7, -53, 26, 48)
(-82, -35, -12, -65, 21, 51)
(-87, -44, -15, -75, 12, 50)
(-89, -50, -18, -81, -1, 48)
(-90, -52, -24, -83, -11, 52)
(-89, -57, -28, -79, -8, 57)
(-94, -62, -28, -69, 4, 57)
(-98, -58, -25, -60, 11, 45)
(-101, -51, -28, -62, 9, 26)
(-102, -49, -33, -64, 0, 8)
(-95, -49, -35, -65, -13, -4)
(-83, -51, -35, -60, -25, -14)
(-72, -50, -35, -47, -34, -22)
(-62, -44, -37, -30, -28, -24)
(-53, -38, -34, -15, -12, -23)
BatchID:  11




(-62, -9, -7, 0, -1, 3)
(-63, -10, -7, 0, 0, 3)
(-64, -9, -7, 0, 0, 3)
(-64, -10, -6, 0, 0, 2)
(-64, -8, -6, 0, -1, 2)
(-63, -8, -7, 0, -1, 2)
(-62, -8, -6, 0, -2, 3)
(-61, -8, -6, 0, 0, 4)
(-62, -8, -6, 1, 0, 5)
(-62, -7, -6, 1, 0, 6)
(-63, -6, -6, 1, -1, 6)
(-62, -4, -5, 1, -1, 7)
(-62, -5, -5, 1, -2, 7)
(-63, -4, -5, 2, -4, 8)
(-63, -6, -4, 4, -6, 9)
(-64, -6, -3, 7, -8, 10)
(-64, -6, -2, 9, -11, 11)
(-65, -6, -2, 11, -13, 13)
(-67, -7, -2, 13, -15, 14)
(-71, -7, -3, 13, -17, 15)
(-72, -9, -5, 12, -19, 14)
(-74, -14, -8, 12, -18, 13)
(-74, -21, -10, 10, -14, 12)
(-76, -32, -15, 6, -8, 10)
(-81, -52, -22, 5, -1, 6)
(-90, -71, -27, 8, 0, 0)
(-103, -86, -33, 9, -5, -12)
(-116, -105, -43, 16, -19, -26)
(-118, -115, -48, 33, -25, -46)
(-120, -113, -46, 51, -22, -62)
(-117, -98, -47, 64, -27, -80)
(-105, -84, -50, 65, -31, -98)
(-92, -72, -50, 65, -33, -115)
(-78, -68, -43, 61, -30, -127)
(-62, -55, -36, 62, -28, -127)
(-33, -39, -32, 42, -6, -89)
(-25, -42, -23, 48, 19, -56)
(-22, -31, -13, 63, 41, -24)
(-26, -11, -7, 76, 53, 2)
(-32, 33, 20, 58, 57, 20)
(-66, 33, 28, 39, 6, 37)
(-66, 46, 31, 19, -55, 48)
(-59, 61, 33, 3, -94, 54)
(-44, 75, 29, 6, -122, 68)
(-29, 91, 29, 27, -116, 98)
(-13, 112, 35, 55, -82, 127)
(-13, 127, 37, 65, -35, 127)
(-29, 127, 32, 36, 28, 106)
(-55, 125, 25, -6, 77, 71)
(-87, 101, 16, -23, 93, 35)
(-90, 77, 0, -25, 82, 5)
(-78, 70, -7, -21, 82, -24)
(-70, 63, -8, 1, 69, -44)
(-59, 61, -7, 34, 53, -52)
(-45, 74, -7, 63, 49, -49)
(-31, 88, -11, 74, 57, -44)
(-26, 95, -16, 63, 78, -44)
(-32, 87, -17, 29, 105, -42)
(-42, 54, -6, 7, 113, -33)
(-51, 28, 2, 10, 100, -20)
(-58, 12, 6, 15, 58, -7)
(-50, 5, 1, 8, 23, 1)
(-42, -3, -4, -12, 11, 10)
(-44, -21, -9, -32, 8, 21)
(-52, -38, -11, -42, 13, 38)
(-60, -45, -14, -38, 18, 52)
(-64, -41, -11, -39, 22, 61)
(-70, -41, -13, -38, 26, 68)
(-81, -35, -15, -40, 34, 71)
(-94, -26, -21, -48, 41, 72)
BatchID:  12




(-65, -6, -7, 0, 0, 0)
(-65, -7, -7, 0, 0, 0)
(-65, -7, -7, 0, 0, 0)
(-64, -5, -6, 0, 0, 0)
(-64, -6, -7, 0, 0, 0)
(-64, -6, -7, 0, 0, 0)
(-64, -7, -7, 1, 0, 0)
(-65, -6, -7, 2, 0, 1)
(-65, -7, -7, 2, 0, 0)
(-65, -6, -7, 3, 0, 0)
(-65, -6, -7, 3, -1, 0)
(-64, -6, -7, 4, -1, 0)
(-65, -7, -6, 4, -1, 0)
(-65, -6, -6, 5, -2, 0)
(-65, -6, -6, 4, -3, 0)
(-64, -6, -5, 4, -3, 0)
(-64, -6, -5, 4, -1, 0)
(-65, -6, -6, 4, -1, 0)
(-65, -6, -6, 4, 0, 1)
(-66, -7, -7, 3, 0, 0)
(-67, -8, -8, 3, 0, 0)
(-70, -14, -10, 2, -3, -2)
(-70, -23, -11, -1, -6, -3)
(-67, -57, -20, 0, 14, 2)
(-78, -82, -27, 7, 29, 5)
(-96, -100, -34, 17, 37, 0)
(-114, -113, -45, 26, 38, -8)
(-127, -118, -49, 39, 24, -28)
(-127, -126, -54, 54, -5, -41)
(-125, -105, -54, 65, -31, -73)
(-98, -75, -51, 66, -50, -102)
(-72, -59, -49, 61, -55, -122)
(-48, -47, -44, 62, -45, -123)
(-30, -34, -39, 67, -23, -106)
(-19, -21, -31, 70, 0, -77)
(-21, -11, -19, 75, 15, -45)
(-33, -1, -10, 84, 12, -16)
(-43, 41, 23, 66, -5, 8)
(-43, 33, 14, 51, -67, 21)
(-20, 48, 13, 28, -71, 28)
(-13, 66, 16, 19, -44, 41)
(-14, 90, 17, 13, -14, 70)
(-21, 103, 10, 10, 20, 98)
(-54, 107, 6, -1, 52, 107)
(-91, 97, 14, -10, 50, 103)
(-117, 83, 27, -4, 12, 80)
(-100, 80, 16, 5, -29, 50)
(-78, 86, -3, -6, -22, 20)
(-65, 75, -11, -25, -2, -5)
(-57, 55, -8, -27, 20, -23)
(-54, 45, -4, -3, 26, -29)
(-47, 48, -7, 19, 29, -30)
(-45, 55, -5, 30, 35, -29)
(-44, 57, -3, 33, 37, -26)
(-43, 58, -2, 29, 40, -23)
(-42, 52, 0, 17, 41, -18)
(-46, 41, 0, 6, 39, -13)
(-45, 26, 0, -5, 30, -5)
(-46, 13, 1, -9, 21, 4)
(-45, -1, -4, -11, 14, 28)
(-52, -2, -8, -16, 22, 44)
(-62, -6, -9, -26, 30, 56)
(-76, -9, -11, -35, 38, 66)
(-86, -12, -16, -45, 40, 74)
(-91, -20, -21, -53, 40, 76)
(-104, -37, -28, -53, 31, 74)
(-110, -44, -29, -47, 25, 75)
BatchID:  13




(-76, -15, -6, 8, -1, -4)
(-76, -14, -7, 6, 0, -7)
(-75, -15, -7, 7, 2, -11)
(-73, -13, -7, 8, 1, -13)
(-70, -12, -6, 10, 1, -15)
(-66, -8, -7, 11, 0, -16)
(-62, -6, -7, 11, 0, -17)
(-59, -5, -8, 11, 1, -17)
(-57, -5, -8, 10, 2, -16)
(-59, -6, -5, 11, 5, -16)
(-61, -5, -1, 14, 1, -16)
(-63, -1, 0, 15, 0, -14)
(-62, 1, 2, 13, -3, -12)
(-61, 3, 0, 10, -2, -11)
(-61, -6, 2, 3, 1, -8)
(-61, -12, 2, 3, 0, -7)
(-59, -21, -1, 1, 2, -5)
(-60, -38, -5, -5, 8, -2)
(-67, -68, -10, -9, 16, 0)
(-81, -91, -14, 0, 23, 1)
(-92, -98, -17, 8, 26, -7)
(-100, -104, -18, 12, 26, -26)
(-108, -101, -24, 20, 18, -49)
(-108, -84, -31, 18, 4, -68)
(-98, -78, -37, 13, -11, -79)
(-85, -74, -36, 17, -18, -84)
(-70, -65, -33, 24, -18, -81)
(-54, -55, -28, 33, -6, -67)
(-39, -45, -23, 43, 16, -43)
(-30, -24, -11, 68, 70, 10)
(-42, 15, 5, 61, 78, 23)
(-62, 25, 8, 40, 39, 30)
(-57, 33, 14, 16, -3, 32)
(-53, 37, 17, 3, -36, 34)
(-17, 65, 12, -13, -17, 55)
(-40, 83, 3, -8, 14, 64)
(-76, 96, -6, -22, 19, 78)
(-97, 87, -8, -33, 1, 79)
(-107, 75, -3, -22, -19, 66)
(-88, 71, -13, -12, -27, 36)
(-77, 66, -19, -13, -2, 0)
(-76, 51, -14, -9, 8, -26)
(-71, 41, -8, 12, 2, -40)
(-62, 41, -4, 35, -9, -44)
(-50, 48, -4, 49, -16, -42)
(-36, 55, -4, 49, -8, -39)
(-29, 57, -3, 44, 9, -39)
(-36, 54, -1, 33, 25, -36)
(-44, 41, -1, 20, 26, -30)
(-47, 24, 0, 15, 20, -21)
(-47, 8, 3, 12, 8, -13)
(-48, -1, 2, 13, 0, -3)
(-49, -1, -2, 8, -4, 5)
(-50, -4, -5, -2, -3, 12)
(-54, -14, -5, -11, 1, 21)
(-61, -24, -2, -17, 4, 28)
(-62, -30, 0, -21, 3, 35)
(-62, -28, -2, -23, 3, 41)
(-63, -27, -7, -35, 7, 49)
(-69, -35, -6, -40, 8, 56)
(-76, -34, -8, -43, 4, 64)
(-73, -35, -11, -50, 6, 69)
(-75, -40, -10, -54, 17, 69)
(-85, -46, -13, -53, 25, 67)
(-91, -49, -15, -47, 29, 64)
(-98, -49, -17, -38, 30, 60)
(-96, -51, -17, -29, 28, 50)
(-95, -53, -14, -18, 24, 36)
BatchID:  14


(-62, 3, -3, 1, 0, 2)
(-63, 4, -3, 1, 0, 3)
(-64, 4, -3, 1, 0, 2)
(-64, 3, -3, 0, 0, 2)
(-64, 3, -3, 0, 0, 2)
(-64, 4, -2, 0, 0, 2)
(-63, 4, -1, 0, -1, 2)
(-63, 4, -2, 0, -1, 2)
(-62, 4, -3, -1, -1, 3)
(-63, 3, -3, -2, 0, 3)
(-64, 2, -3, -1, 0, 2)
(-65, 4, -4, 0, 0, 2)
(-65, 4, -5, 0, 1, 1)
(-65, 5, -5, -1, 0, 0)
(-63, 4, -6, -1, 0, 0)
(-63, 4, -7, -1, 1, 0)
(-63, 3, -7, -1, 1, 0)
(-63, 2, -8, -1, 3, 0)
(-65, -1, -10, 0, 5, 0)
(-68, -11, -9, 0, 7, -1)
(-73, -31, -9, -8, 6, -2)
(-84, -73, -13, -17, 6, 0)
(-100, -113, -14, -9, 15, -1)
(-117, -119, -13, 8, 39, -17)
(-127, -109, -24, 32, 38, -33)
(-127, -104, -35, 35, 19, -59)
(-127, -102, -43, 40, -8, -87)
(-127, -89, -47, 42, -44, -108)
(-115, -79, -46, 47, -69, -120)
(-88, -61, -42, 58, -77, -120)
(-57, -38, -35, 63, -63, -105)
(-30, -23, -30, 65, -25, -77)
(-10, -7, -25, 67, 29, -46)
(0, 9, -23, 67, 86, -16)
(-41, 43, -15, 18, 127, 2)
(-71, 49, -3, 0, 105, 9)
(-82, 58, 9, -2, 27, 16)
(-76, 81, 3, -7, -46, 24)
(-74, 110, 2, -10, -96, 31)
(-59, 127, -2, 1, -123, 48)
(-32, 127, -20, -5, -87, 58)
(-23, 127, -32, -32, -1, 44)
(-49, 103, -24, -39, 65, 15)
(-81, 80, -19, -17, 92, -8)
(-97, 76, -12, 6, 74, -25)
(-92, 74, -7, 29, 23, -36)
(-73, 78, -9, 46, -21, -40)
(-53, 84, -10, 49, -48, -37)
(-31, 83, -10, 40, -51, -29)
(-16, 78, -10, 25, -31, -22)
(-13, 62, -9, 6, -6, -15)
(-18, 45, -6, -2, 18, -6)
(-29, 28, -2, -4, 29, 6)
(-42, 18, 0, -6, 23, 19)
(-50, 14, 0, -13, 9, 32)
(-56, 9, -5, -24, -4, 46)
(-57, 2, -11, -42, -2, 61)
(-62, -11, -12, -57, 7, 75)
(-69, -30, -8, -66, 17, 80)
(-85, -41, -3, -64, 18, 83)
(-91, -33, -8, -68, 16, 87)
(-91, -34, -15, -85, 27, 92)
(-101, -42, -22, -94, 50, 93)
(-115, -51, -31, -97, 60, 85)
(-127, -63, -44, -93, 55, 73)
(-127, -74, -49, -94, 34, 52)
(-127, -87, -49, -84, 5, 28)
(-127, -86, -42, -53, -32, 0)
(-113, -72, -43, -32, -57, -22)
(-88, -61, -39, -21, -68, -35)
(-65, -53, -35, -7, -62, -38)
BatchID:  2




(-64, -3, -8, 2, 0, 3)
(-65, -3, -8, 3, 1, 3)
(-66, -3, -8, 4, 0, 2)
(-67, -2, -7, 4, 0, 2)
(-66, -3, -8, 5, 0, 1)
(-66, -2, -7, 4, 0, 1)
(-65, -3, -8, 5, 0, 0)
(-65, -1, -7, 5, 0, 0)
(-65, -1, -7, 6, -1, 0)
(-64, 0, -8, 5, -1, 0)
(-62, 0, -8, 4, -1, 0)
(-62, 0, -9, 3, 0, 0)
(-62, 0, -8, 3, 1, 0)
(-63, 0, -9, 4, 2, 0)
(-63, 0, -10, 3, 2, 1)
(-62, -4, -13, 0, 2, 0)
(-63, -15, -18, -4, 0, 0)
(-63, -34, -25, -11, -2, 0)
(-65, -53, -33, -12, 5, 1)
(-77, -71, -37, -2, 19, 8)
(-93, -88, -35, 14, 36, 10)
(-110, -103, -28, 34, 43, -5)
(-122, -104, -32, 54, 40, -31)
(-127, -96, -38, 60, 19, -60)
(-127, -92, -30, 59, -17, -85)
(-121, -80, -27, 61, -56, -107)
(-95, -66, -26, 51, -77, -116)
(-59, -56, -25, 36, -68, -109)
(-32, -53, -25, 19, -34, -90)
(-18, -50, -25, 17, 16, -63)
(-36, -33, -30, 32, 53, -37)
(-48, -14, -24, 28, 70, -16)
(-51, 0, -14, 28, 73, -3)
(-67, 11, -3, 21, 50, 8)
(-66, 23, -1, 27, 5, 18)
(-62, 42, 8, 23, -25, 23)
(-57, 57, 13, 10, -61, 27)
(-50, 74, 13, -1, -88, 34)
(-42, 87, 11, -11, -103, 47)
(-28, 97, 8, -13, -99, 71)
(-12, 106, 0, -6, -57, 89)
(-81, 102, -15, -28, 47, 70)
(-106, 68, -6, -23, 59, 46)
(-119, 52, 1, 1, 23, 8)
(-96, 60, -8, 23, -11, -28)
(-79, 71, -12, 25, -23, -50)
(-54, 69, -3, 32, -22, -57)
(-39, 73, 0, 45, -15, -55)
(-28, 78, -1, 47, -2, -51)
(-19, 77, -6, 34, 20, -49)
(-25, 66, -6, 17, 41, -42)
(-31, 49, 0, 7, 42, -32)
(-34, 29, 0, 4, 32, -20)
(-38, 14, 0, 3, 21, -3)
(-40, 5, -2, 0, 14, 13)
(-43, -2, -5, -4, 14, 29)
(-49, -8, -5, -10, 21, 39)
(-62, -15, -1, -14, 26, 45)
(-75, -24, 4, -18, 22, 44)
(-80, -37, 2, -26, 13, 42)
(-85, -39, -1, -34, 9, 42)
(-85, -31, -7, -46, 1, 49)
(-84, -26, -15, -60, 7, 61)
(-84, -41, -18, -67, 19, 67)
(-90, -46, -22, -60, 30, 64)
BatchID:  3




(-66, -3, -7, 5, -2, 4)
(-66, -3, -7, 6, -3, 3)
(-66, -3, -7, 7, -3, 2)
(-66, -3, -7, 7, -2, 1)
(-67, -4, -7, 7, -2, 0)
(-66, -3, -7, 9, 0, 0)
(-65, -1, -6, 9, -1, 0)
(-65, 0, -5, 9, -1, 0)
(-63, 0, -6, 9, -1, 0)
(-62, 2, -6, 8, 0, 0)
(-62, 2, -6, 8, 0, 0)
(-62, 1, -5, 8, 1, 0)
(-63, 0, -4, 9, 1, 0)
(-64, 0, -2, 10, -1, 0)
(-63, 0, -1, 11, -5, 0)
(-62, 0, -2, 8, -9, 0)
(-64, -6, -3, 3, -12, 0)
(-71, -20, -2, 0, -13, -1)
(-80, -36, 1, 0, -16, -4)
(-87, -44, 0, 0, -19, -10)
(-92, -56, -4, -5, -17, -19)
(-97, -74, -12, -15, -9, -28)
(-99, -94, -22, -20, 7, -37)
(-108, -115, -25, -14, 27, -51)
(-126, -127, -22, 5, 26, -68)
(-127, -127, -18, 33, 4, -88)
(-126, -101, -21, 44, -23, -103)
(-105, -72, -24, 39, -46, -110)
(-81, -57, -25, 29, -54, -111)
(-57, -52, -21, 20, -44, -104)
(-36, -45, -15, 21, -16, -85)
(-16, -29, -13, 22, 23, -57)
(-6, -10, -10, 21, 73, -30)
(-33, 3, -1, 4, 106, -12)
(-63, 7, 11, -1, 75, 3)
(-68, 24, 14, 0, 21, 22)
(-64, 48, 15, -8, -26, 34)
(-57, 76, 22, -30, -56, 35)
(-56, 100, 24, -36, -71, 30)
(-75, 126, 18, -31, -84, 37)
(-84, 127, 7, -42, -100, 48)
(-71, 93, 13, -55, -83, 48)
(-65, 73, 19, -34, -64, 38)
(-49, 71, 2, -18, -34, 28)
(-43, 70, -11, -17, 21, 21)
(-56, 60, -10, -13, 70, 9)
(-73, 51, -1, 7, 90, -2)
(-83, 52, 7, 37, 75, -20)
(-78, 63, 5, 57, 51, -35)
(-68, 73, 4, 60, 31, -43)
(-52, 75, 3, 55, 17, -44)
(-35, 68, 3, 45, 17, -40)
(-27, 54, 5, 36, 27, -33)
(-26, 37, 6, 33, 32, -19)
(-24, 22, 5, 27, 32, -2)
(-23, 10, 1, 18, 34, 13)
(-30, -6, -1, 8, 39, 32)
(-41, -19, 1, 3, 41, 51)
(-55, -31, 6, 9, 34, 68)
(-71, -37, 9, 10, 24, 83)
(-77, -36, 8, 0, 20, 86)
(-88, -33, 6, -15, 25, 78)
(-95, -31, -1, -35, 27, 70)
(-101, -25, -9, -54, 30, 66)
BatchID:  4




(-64, -3, -7, 0, 0, 1)
(-64, -2, -6, 0, 0, 1)
(-64, -2, -6, 0, 0, 1)
(-64, -2, -6, 0, 0, 1)
(-64, -2, -5, 0, 0, 1)
(-64, -2, -5, 0, 0, 0)
(-65, -3, -4, 0, -1, 0)
(-66, -1, -3, 0, -2, 0)
(-65, 0, -3, 0, -3, 0)
(-64, 0, -3, -2, -3, 0)
(-63, -1, -5, -3, -2, 0)
(-64, -2, -5, -3, -1, 0)
(-65, -3, -6, -3, 0, 0)
(-65, -2, -7, -2, 0, 0)
(-66, -1, -7, -2, 0, 0)
(-68, -3, -8, -3, 0, 0)
(-65, -8, -12, -5, 3, 1)
(-66, -21, -16, -9, 12, 3)
(-71, -38, -20, -7, 22, 5)
(-81, -48, -22, 1, 30, 4)
(-98, -57, -24, 10, 23, -2)
(-110, -73, -30, 14, 1, -16)
(-112, -88, -35, 16, -12, -31)
(-107, -97, -43, 23, -13, -46)
(-105, -101, -47, 36, -5, -56)
(-111, -96, -47, 50, 8, -64)
(-105, -76, -42, 58, -6, -86)
(-88, -66, -37, 52, -11, -95)
(-63, -63, -32, 44, -2, -97)
(-41, -58, -29, 38, 19, -89)
(-26, -47, -27, 41, 51, -73)
(-26, -28, -26, 46, 78, -48)
(-30, -16, -19, 42, 88, -22)
(-32, 0, -6, 37, 83, 1)
(-40, 9, -1, 36, 53, 19)
(-42, 23, 2, 32, 20, 32)
(-45, 41, 10, 21, -11, 41)
(-47, 64, 15, 6, -54, 41)
(-46, 83, 17, -12, -83, 39)
(-41, 103, 15, -17, -94, 52)
(-29, 124, 3, -6, -85, 84)
(-13, 127, -19, -11, -28, 101)
(-46, 124, -24, -45, 42, 90)
(-91, 86, -11, -53, 72, 68)
(-123, 60, -2, -28, 66, 39)
(-110, 52, -3, 0, 7, 3)
(-88, 72, -19, 8, 0, -29)
(-68, 68, -18, 4, -10, -43)
(-55, 61, -10, 21, -4, -43)
(-47, 71, -5, 41, -3, -37)
(-37, 77, -6, 45, 7, -34)
(-35, 76, -8, 36, 23, -38)
(-40, 57, -1, 23, 27, -39)
(-47, 43, 1, 20, 19, -31)
(-51, 32, 0, 12, 1, -18)
(-48, 15, -1, 0, -9, -4)
(-47, 0, -1, -10, -11, 6)
(-51, -12, -2, -19, -11, 14)
(-57, -26, -6, -28, -10, 22)
(-68, -33, -6, -30, -8, 29)
(-74, -40, -8, -30, -18, 35)
(-74, -53, -8, -28, -8, 45)
(-76, -48, -6, -29, 0, 47)
(-79, -37, -11, -41, 3, 47)
(-82, -36, -14, -56, 2, 49)
BatchID:  5




(-64, -4, -7, 0, -5, 5)
(-65, -6, -7, 1, -3, 5)
(-66, -7, -8, 2, -1, 5)
(-68, -6, -6, 4, -2, 4)
(-67, -5, -6, 6, -4, 4)
(-67, -3, -6, 4, -5, 3)
(-66, -6, -8, 3, -3, 0)
(-66, -7, -9, 4, -1, 0)
(-68, -6, -7, 7, -1, 0)
(-66, -2, -7, 8, -3, -1)
(-64, 0, -6, 7, -3, 0)
(-62, 3, -5, 5, -1, 0)
(-60, 5, -5, 2, 0, 0)
(-58, 7, -5, 0, 4, 2)
(-60, 8, -5, -1, 6, 4)
(-59, 8, -5, -2, 8, 6)
(-62, 6, -4, -3, 10, 6)
(-69, 0, -3, -2, 7, 4)
(-76, -8, -5, -1, -4, 1)
(-74, -43, -16, -11, -8, -2)
(-75, -72, -21, -11, 7, 1)
(-84, -92, -23, 0, 31, 4)
(-108, -99, -25, 14, 45, -4)
(-127, -98, -34, 21, 30, -25)
(-127, -96, -46, 30, 9, -49)
(-127, -89, -48, 36, -15, -73)
(-127, -84, -43, 46, -47, -98)
(-115, -78, -38, 57, -70, -122)
(-86, -59, -35, 58, -85, -127)
(-63, -47, -29, 47, -84, -127)
(-44, -42, -21, 35, -71, -127)
(-27, -37, -12, 32, -54, -118)
(-16, -30, -5, 33, -33, -86)
(-15, -21, 3, 35, -15, -51)
(-19, -9, 13, 36, -11, -17)
(-19, 9, 19, 30, -15, 11)
(-15, 25, 23, 15, -15, 35)
(-9, 45, 26, 1, -10, 57)
(0, 56, 27, -8, 8, 86)
(7, 70, 25, -3, 53, 119)
(5, 102, 17, 23, 119, 127)
(-44, 127, -2, 53, 127, 127)
(-121, 127, -23, 9, 117, 127)
(-127, 127, -29, -70, 51, 94)
(-127, 94, -18, -89, 6, 48)
(-127, 55, -10, -64, -74, 8)
(-79, 60, -23, -22, -77, -25)
(-50, 66, -26, -15, -42, -49)
(-34, 58, -11, -5, -2, -63)
(-35, 52, 3, 34, 22, -64)
(-41, 69, 3, 66, 26, -60)
(-44, 86, -1, 60, 30, -54)
(-45, 83, 2, 41, 30, -49)
(-45, 68, 9, 27, 19, -45)
(-42, 52, 9, 17, 7, -39)
(-39, 34, 8, 5, -2, -31)
(-36, 17, 7, -1, -7, -17)
(-34, 0, 3, -5, -6, -1)
(-41, -14, 2, -7, 2, 17)
(-53, -21, 1, -10, 13, 35)
(-64, -23, 0, -19, 16, 47)
(-68, -28, -1, -32, 22, 54)
(-74, -39, -7, -36, 28, 57)
(-82, -53, -13, -39, 32, 61)
(-93, -67, -15, -45, 36, 64)
(-100, -64, -13, -41, 34, 63)
(-101, -50, -19, -47, 27, 59)
(-106, -52, -20, -54, 19, 54)
(-105, -61, -20, -53, 5, 46)
BatchID:  6




(-68, -8, -4, 6, -1, 0)
(-67, -6, -4, 6, -3, 0)
(-65, -6, -3, 5, -4, 0)
(-64, -6, -3, 4, -4, 0)
(-63, -7, -3, 2, -4, 0)
(-61, -8, -4, 1, -2, 1)
(-62, -8, -5, 0, 0, 1)
(-62, -9, -4, 0, 0, 2)
(-63, -9, -4, 0, 0, 2)
(-65, -8, -4, 1, 0, 2)
(-65, -8, -5, 1, -2, 2)
(-65, -8, -5, 2, -3, 2)
(-66, -7, -4, 3, -4, 1)
(-67, -7, -5, 3, -7, 0)
(-68, -7, -5, 3, -10, 0)
(-67, -8, -6, 2, -12, -2)
(-66, -11, -8, 1, -13, -3)
(-65, -18, -11, 0, -11, -3)
(-66, -28, -12, 1, -6, -2)
(-71, -38, -9, 6, 1, -1)
(-82, -60, -7, 13, 12, -7)
(-91, -80, -6, 12, 9, -15)
(-94, -98, -7, 17, 4, -25)
(-95, -104, -6, 27, 0, -35)
(-99, -102, -5, 37, -11, -46)
(-87, -95, -10, 28, -41, -66)
(-74, -87, -13, 22, -42, -69)
(-69, -86, -9, 16, -38, -67)
(-58, -78, -8, 14, -29, -58)
(-53, -63, -12, 11, -9, -41)
(-48, -17, -2, 8, 40, 6)
(-49, 2, 4, 15, 36, 14)
(-48, 26, 7, 19, 18, 20)
(-41, 50, 7, 13, -1, 24)
(-35, 66, 9, 10, -12, 28)
(-38, 85, 12, 7, -22, 38)
(-34, 116, 2, 14, -51, 90)
(-25, 121, -6, 10, -31, 103)
(-41, 119, -7, -10, 8, 92)
(-61, 101, -2, -26, 29, 66)
(-78, 81, -5, -27, 42, 35)
(-91, 67, -12, -23, 36, 3)
(-77, 63, -16, -14, 32, -25)
(-63, 67, -15, 0, 38, -49)
(-59, 71, -10, 19, 37, -59)
(-54, 75, -6, 39, 28, -62)
(-51, 76, -3, 50, 19, -59)
(-45, 79, -1, 54, 16, -54)
(-44, 74, 0, 42, 17, -48)
(-44, 61, 4, 25, 23, -39)
(-42, 16, 4, -8, 33, -13)
(-47, -7, 0, -16, 36, 4)
(-58, -30, 2, -17, 29, 20)
(-67, -38, 4, -6, 17, 35)
(-67, -29, 2, -5, 12, 46)
(-73, -31, -2, -19, 10, 56)
(-78, -37, -4, -33, 13, 61)
(-89, -55, -9, -47, 28, 58)
(-97, -48, -14, -49, 30, 56)
BatchID:  7




(-65, -7, -5, 0, -2, -2)
(-63, -7, -5, 0, -1, -1)
(-62, -9, -6, 0, 0, 0)
(-63, -9, -6, 0, 0, 0)
(-64, -8, -5, -1, 0, 0)
(-64, -8, -6, -1, 0, 0)
(-64, -8, -6, 0, 0, 0)
(-64, -8, -6, 0, 0, 0)
(-65, -8, -6, 0, 0, 0)
(-65, -7, -6, 0, 0, 0)
(-64, -7, -6, 0, -1, 0)
(-64, -7, -5, 0, 0, 0)
(-64, -8, -6, 0, 0, 0)
(-65, -8, -6, 0, 0, 1)
(-65, -8, -6, 0, 0, 0)
(-66, -8, -6, 0, 0, 0)
(-65, -8, -6, 0, 0, 0)
(-65, -8, -6, 0, 0, 1)
(-64, -8, -6, 0, 0, 0)
(-64, -9, -5, 1, -1, 0)
(-64, -8, -6, 1, 0, 1)
(-74, -26, 0, 4, -13, -6)
(-68, -37, -4, -1, -16, -9)
(-37, -48, -29, 26, -77, -127)
(-18, -44, -25, 22, -43, -104)
(-11, -41, -16, 29, -5, -72)
(-15, -27, -2, 39, 17, -39)
(-33, -8, 7, 32, 12, -9)
(-37, 8, 11, 26, -12, 12)
(-31, 26, 18, 17, -20, 27)
(-26, 45, 22, 6, -17, 42)
(-18, 58, 19, 2, 5, 72)
(-10, 73, 16, 2, 54, 105)
(-43, 91, 11, 4, 101, 109)
(-98, 106, 11, -18, 84, 101)
(-125, 102, 20, -38, 24, 79)
(-116, 84, 13, -35, -37, 54)
(-94, 78, 0, -39, -60, 35)
(-64, 67, -10, -40, -45, 22)
(-51, 54, -14, -35, -2, 7)
(-49, 41, -11, -24, 36, -6)
(-65, 30, 3, 35, 55, -26)
(-62, 44, 2, 56, 42, -28)
(-58, 59, 3, 60, 35, -29)
(-54, 65, 4, 51, 28, -28)
(-47, 59, 6, 36, 26, -27)
(-45, 48, 9, 26, 29, -20)
(-46, 38, 7, 19, 30, -11)
(-49, 31, 3, 15, 32, -5)
(-53, 7, -1, 2, 30, 8)
(-53, 0, -4, -3, 27, 16)
(-60, -13, -5, -10, 25, 23)
(-69, -19, -3, -13, 19, 30)
(-76, -22, -5, -17, 5, 38)
BatchID:  8




(-66, -6, -6, 5, -4, 0)
(-65, -5, -6, 3, -2, 0)
(-65, -6, -5, 2, -2, 0)
(-65, -6, -5, 1, -3, -1)
(-64, -6, -6, 0, -4, -1)
(-63, -6, -5, 0, -4, -1)
(-63, -6, -5, -2, -5, -1)
(-62, -6, -6, -3, -5, -1)
(-62, -7, -7, -3, -5, 0)
(-61, -6, -8, -4, -4, 0)
(-60, -7, -8, -4, -1, 0)
(-62, -7, -9, -3, 1, 2)
(-63, -7, -9, -1, 2, 2)
(-66, -7, -9, 0, 2, 2)
(-68, -6, -9, 1, 0, 1)
(-68, -6, -8, 2, -3, 0)
(-65, -4, -5, 4, -8, -1)
(-63, -4, -5, 3, -7, -1)
(-62, -5, -5, 2, -5, 0)
(-61, -6, -6, 2, -2, 1)
(-60, -5, -5, 2, 0, 3)
(-64, -6, -4, -1, 0, 3)
(-64, -9, -7, -3, 0, 3)
(-58, -19, -11, -10, 8, 7)
(-56, -41, -17, -14, 26, 16)
(-65, -62, -23, -8, 50, 23)
(-91, -77, -29, 2, 60, 22)
(-117, -91, -31, 5, 47, 8)
(-127, -104, -32, 20, 18, -12)
(-127, -98, -40, 35, -6, -32)
(-125, -85, -41, 42, -23, -50)
(-107, -84, -37, 45, -36, -71)
(-86, -81, -35, 46, -40, -90)
(-63, -70, -35, 39, -27, -101)
(-45, -66, -33, 28, 0, -96)
(-37, -65, -31, 25, 30, -81)
(-41, -58, -30, 24, 47, -62)
(-43, -56, -22, 21, 52, -38)
(-27, -32, -14, 36, 55, 5)
(-24, -11, -8, 42, 60, 22)
(-34, 15, 4, 26, 53, 32)
(-49, 30, 11, 19, 12, 41)
(-55, 50, 16, 4, -36, 49)
(-45, 70, 17, -5, -72, 65)
(-27, 98, 15, -4, -71, 93)
(-27, 127, 2, 4, -43, 106)
(-69, 127, -21, -33, -31, 92)
(-114, 127, -26, -95, -70, 83)
(-120, 100, -10, -94, -80, 68)
(-118, 69, -1, -49, -100, 41)
(-77, 61, -17, -11, -77, 3)
(-50, 59, -26, -6, -6, -41)
(-43, 58, -18, 5, 56, -66)
(-54, 57, -4, 35, 85, -69)
(-64, 73, 7, 68, 73, -65)
(-66, 96, 8, 79, 44, -62)
(-60, 109, 8, 61, 20, -63)
(-49, 102, 12, 31, 0, -66)
(-41, 82, 13, 7, -19, -63)
(-29, 60, 12, -3, -29, -52)
(-23, 40, 10, -1, -24, -35)
(-23, 27, 10, 4, -10, -15)
(-24, 16, 6, 2, 1, -2)
(-27, 1, 3, -10, 10, 5)
(-38, -16, 1, -21, 21, 20)
(-49, -31, -1, -33, 25, 39)
(-59, -47, -3, -45, 22, 60)
(-67, -57, -6, -46, 21, 75)
(-74, -60, -9, -50, 21, 82)
(-85, -62, -11, -51, 22, 85)
BatchID:  9




(-64, -6, -13, 3, -2, 0)
(-63, -5, -13, 2, -2, 0)
(-63, -5, -13, 0, -1, 0)
(-62, -4, -13, -1, 0, 0)
(-62, -4, -13, -2, 0, 1)
(-61, -5, -15, -3, 2, 1)
(-63, -6, -16, -3, 3, 1)
(-65, -8, -16, -1, 2, 1)
(-66, -7, -16, 0, 0, 1)
(-65, -5, -15, 1, -1, 0)
(-64, -3, -13, 1, -1, 0)
(-64, -3, -13, 0, -1, 0)
(-63, -5, -14, 0, 0, 0)
(-62, -5, -14, 0, 0, 0)
(-62, -5, -14, 0, 0, 0)
(-62, -6, -14, 0, 0, 1)
(-62, -6, -15, 0, 0, 1)
(-63, -7, -16, 0, 0, 1)
(-63, -7, -15, 0, 0, 1)
(-63, -12, -20, -1, 2, 0)
(-64, -21, -24, -4, 5, 1)
(-62, -35, -32, -5, 11, 3)
(-62, -50, -39, -7, 25, 8)
(-68, -68, -49, -2, 45, 11)
(-92, -85, -55, 8, 53, 6)
(-115, -99, -59, 20, 38, -4)
(-127, -108, -64, 43, 12, -22)
(-125, -106, -64, 61, -18, -42)
(-111, -101, -59, 75, -45, -66)
(-93, -90, -54, 80, -61, -89)
(-71, -79, -48, 75, -61, -106)
(-51, -72, -41, 63, -45, -108)
(-32, -70, -35, 54, -16, -96)
(-12, -54, -22, 50, 58, -41)
(-13, -42, -16, 50, 83, -10)
(-19, -26, -11, 51, 91, 15)
(-28, -4, -5, 49, 83, 33)
(-45, 14, 3, 30, 56, 46)
(-52, 32, 12, 20, 4, 56)
(-51, 53, 18, 1, -43, 58)
(-47, 72, 20, -18, -85, 55)
(-38, 91, 17, -28, -112, 55)
(-30, 119, 15, -15, -105, 77)
(-32, 127, -1, -1, -71, 94)
(-64, 127, -26, -40, -48, 92)
(-77, 127, -24, -90, -41, 83)
(-74, 102, -20, -84, -10, 60)
(-66, 60, -40, -45, 55, -3)
(-70, 51, -34, -22, 79, -29)
(-77, 44, -14, 22, 77, -40)
(-80, 58, 2, 77, 44, -41)
(-70, 86, -2, 100, 6, -42)
(-49, 95, -5, 42, 2, -47)
(-52, 66, 2, 20, 2, -41)
(-53, 47, 3, 16, -4, -29)
(-52, 31, -5, 11, -11, -16)
(-48, 14, -10, 0, -6, -2)
(-51, -3, -11, -6, 5, 7)
(-71, -24, 0, -2, 10, 23)
(-73, -27, 0, -1, -4, 27)
(-71, -26, -8, -10, -7, 37)
(-68, -33, -12, -28, -1, 48)
(-72, -53, -13, -36, 8, 57)
(-83, -58, -9, -33, 19, 64)
(-89, -44, -14, -34, 17, 67)
BatchID:  10




(-66, -7, -7, 4, -5, 0)
(-65, -7, -6, 2, -4, -1)
(-64, -8, -6, 0, -3, 0)
(-63, -9, -6, 0, -1, 0)
(-63, -10, -7, 0, 0, 0)
(-63, -10, -8, -1, 1, 1)
(-64, -10, -8, 0, 2, 1)
(-65, -10, -9, 0, 1, 1)
(-66, -10, -8, 1, 0, 0)
(-65, -10, -8, 2, -1, 0)
(-66, -10, -7, 2, -1, 0)
(-65, -10, -7, 3, -2, 0)
(-64, -8, -6, 2, -1, 0)
(-63, -8, -6, 1, 0, 0)
(-63, -8, -6, 0, 0, 0)
(-64, -8, -5, 1, 0, 1)
(-63, -7, -5, 1, -1, 2)
(-64, -7, -4, 0, -1, 2)
(-64, -8, -6, 0, -1, 2)
(-62, -9, -8, -1, 0, 3)
(-58, -13, -11, -4, 7, 6)
(-58, -22, -15, -5, 21, 11)
(-61, -31, -20, -6, 34, 15)
(-72, -45, -26, -4, 43, 16)
(-87, -61, -33, 0, 42, 13)
(-104, -78, -37, 5, 32, 5)
(-115, -94, -40, 13, 16, -8)
(-122, -101, -43, 29, -1, -22)
(-123, -104, -47, 49, -18, -38)
(-109, -91, -51, 55, -25, -50)
(-91, -78, -51, 54, -22, -67)
(-77, -76, -48, 52, -12, -83)
(-59, -68, -41, 53, 3, -92)
(-42, -59, -38, 49, 24, -89)
(-34, -47, -27, 43, 67, -63)
(-39, -39, -16, 40, 61, -46)
(-37, -26, -8, 34, 42, -28)
(-35, -8, -2, 24, 15, -9)
(-38, 5, 2, 19, -13, 5)
(-40, 17, 13, 10, -48, 19)
(-18, 48, 18, 7, -97, 71)
(9, 72, 19, 20, -59, 125)
(35, 115, 12, 42, 27, 127)
(-16, 127, -5, 23, 113, 127)
(-98, 127, -12, -69, 77, 90)
(-118, 109, -6, -114, 39, 59)
(-127, 62, 4, -83, 7, 36)
(-101, 63, -12, -37, -79, 23)
(-67, 74, -33, -24, -59, 6)
(-46, 60, -33, -30, -21, -16)
(-43, 39, -15, -8, 14, -35)
(-51, 34, -2, 35, 27, -41)
(-55, 59, -6, 69, 17, -40)
(-48, 68, -7, 48, 10, -34)
(-47, 55, -1, 39, 3, -30)
(-47, 45, -2, 32, -2, -23)
(-53, 31, -3, 21, -5, -14)
(-55, 15, 0, 12, -5, -1)
(-62, 6, 2, 15, 0, 13)
(-75, 21, -7, 0, 18, 32)
(-89, 13, -11, -19, 29, 31)
(-100, -6, -12, -33, 20, 27)
(-98, -26, -14, -42, 0, 25)
(-89, -39, -15, -49, -11, 24)
(-79, -45, -14, -52, -16, 31)
(-71, -48, -15, -57, -15, 37)
BatchID:  11




(-65, -10, -11, 7, 0, 1)
(-66, -10, -11, 8, 0, 0)
(-66, -8, -10, 9, -1, 0)
(-66, -8, -9, 9, -1, 0)
(-65, -8, -9, 8, -1, 0)
(-65, -8, -9, 7, 0, -1)
(-65, -8, -10, 7, 0, -1)
(-64, -9, -11, 6, 0, -1)
(-64, -8, -11, 7, 0, -1)
(-63, -7, -11, 8, 0, 0)
(-63, -6, -12, 8, 1, 0)
(-63, -6, -11, 8, 1, 0)
(-63, -6, -12, 8, 1, 0)
(-62, -5, -12, 8, 1, 0)
(-62, -6, -13, 8, 1, 1)
(-62, -7, -12, 9, 1, 1)
(-64, -9, -12, 11, 1, 1)
(-66, -17, -9, 12, 0, 1)
(-66, -26, -8, 12, -1, 2)
(-60, -35, -14, 5, 7, 6)
(-58, -53, -21, -1, 30, 13)
(-72, -68, -26, 0, 59, 16)
(-102, -76, -28, 6, 66, 8)
(-127, -92, -30, 8, 32, -11)
(-127, -96, -31, 18, -11, -33)
(-112, -86, -38, 31, -44, -55)
(-89, -78, -37, 36, -56, -73)
(-74, -72, -32, 43, -54, -86)
(-63, -66, -28, 47, -44, -90)
(-47, -58, -25, 47, -29, -83)
(-35, -53, -20, 41, -3, -67)
(-33, -43, -13, 41, 22, -48)
(-37, -26, -9, 30, 32, -28)
(-42, -17, -6, 23, 31, -14)
(-53, -10, 3, 20, 15, -7)
(-58, 2, 13, 18, -25, -5)
(-48, 21, 17, 10, -60, -3)
(-32, 41, 16, -1, -70, 7)
(-13, 67, 14, -10, -46, 32)
(-33, 96, 5, -16, -20, 44)
(-77, 110, -4, -46, -30, 53)
(-110, 89, 1, -66, -66, 49)
(-112, 66, 13, -40, -112, 40)
(-81, 71, 5, -6, -126, 33)
(-43, 74, -10, -9, -4, 19)
(-59, 60, -4, -8, 54, 6)
(-81, 50, 2, 5, 77, -9)
(-92, 49, 5, 22, 61, -22)
(-83, 52, 6, 36, 36, -32)
(-67, 60, 4, 44, 19, -35)
(-48, 64, 2, 42, 20, -33)
(-39, 61, 2, 35, 38, -26)
(-40, 48, 4, 25, 52, -17)
(-44, 31, 8, 22, 56, -9)
(-54, 22, 8, 25, 50, 0)
(-57, 18, 4, 18, 35, 9)
(-56, 10, 3, 7, 28, 19)
(-58, -4, 2, -1, 28, 30)
(-64, -22, 3, -7, 34, 39)
(-75, -34, 7, -9, 34, 42)
(-85, -26, 2, -13, 26, 45)
(-86, -16, -5, -35, 23, 48)
(-87, -29, -9, -51, 23, 49)
(-85, -40, -13, -57, 23, 50)
BatchID:  12




(-65, -8, -11, 8, 0, 2)
(-65, -9, -12, 9, 0, 1)
(-65, -10, -12, 9, 0, 1)
(-63, -12, -13, 10, 1, 1)
(-63, -13, -13, 10, 2, 1)
(-63, -14, -14, 11, 4, 1)
(-63, -17, -16, 12, 6, 1)
(-65, -19, -18, 13, 9, 0)
(-67, -22, -19, 14, 10, -1)
(-71, -24, -18, 18, 10, -4)
(-78, -20, -11, 25, 2, -6)
(-75, -11, -11, 28, -6, -9)
(-71, -2, -11, 21, -8, -11)
(-65, 0, -11, 13, -4, -13)
(-62, 0, -14, 6, 2, -13)
(-60, -5, -17, 3, 9, -10)
(-58, -14, -16, 5, 13, -7)
(-56, -26, -19, 7, 15, -5)
(-58, -38, -22, 6, 19, -2)
(-68, -61, -25, 3, 22, -2)
(-85, -87, -20, 6, 19, -7)
(-100, -110, -12, 9, 1, -21)
(-98, -122, -11, 25, -27, -38)
(-84, -101, -18, 32, -42, -50)
(-66, -84, -23, 20, -40, -52)
(-53, -80, -22, 11, -19, -45)
(-48, -74, -21, 13, 4, -35)
(-41, -65, -20, 15, 24, -24)
(-45, -49, -22, 20, 45, -16)
(-57, -26, -18, 14, 51, -10)
(-65, -15, -15, 0, 32, -7)
(-68, -12, -7, -4, 1, -6)
(-65, -2, 1, 0, -35, -9)
(-18, 45, 6, -1, -41, 16)
(-11, 75, 3, 2, 0, 39)
(-36, 97, -5, -13, 33, 50)
(-95, 103, -6, -52, 25, 50)
(-116, 83, 3, -71, -18, 42)
(-100, 66, 8, -50, -60, 29)
(-65, 79, -10, -36, -54, 27)
(-42, 81, -25, -39, -3, 29)
(-46, 69, -29, -43, 62, 24)
(-75, 52, -20, -30, 92, 16)
(-97, 44, -19, -2, 74, 1)
(-99, 43, -17, 17, 42, -13)
(-83, 47, -13, 38, 12, -28)
(-64, 55, -13, 54, -2, -37)
(-40, 69, -9, 61, 16, -34)
(-44, 66, -5, 57, 28, -32)
(-52, 61, 0, 54, 21, -29)
(-52, 58, -1, 48, 4, -24)
(-45, 45, -6, 34, -9, -18)
(-43, 30, -8, 27, -12, -12)
(-44, 16, -8, 23, -15, -4)
(-47, 7, -7, 28, -11, 7)
(-50, 5, -6, 26, -6, 16)
(-51, -3, -7, 14, 2, 18)
(-61, -13, -10, 4, 12, 17)
(-74, -22, -12, -9, 1, 21)
(-68, -31, -12, -17, -15, 27)
(-58, -33, -17, -20, -20, 31)
(-52, -48, -17, -29, 0, 42)
(-61, -48, -19, -26, 12, 54)
(-65, -46, -21, -30, 17, 64)
(-74, -45, -23, -33, 27, 71)
(-85, -45, -25, -37, 29, 70)
(-96, -50, -23, -38, 27, 63)
(-102, -53, -21, -34, 18, 50)
(-105, -55, -19, -28, 7, 35)
BatchID:  13




(-65, -13, -12, -3, -1, 0)
(-65, -13, -12, -2, -2, 0)
(-64, -13, -13, -1, -2, 0)
(-63, -13, -14, 0, 0, 1)
(-63, -14, -13, 0, 0, 1)
(-65, -15, -14, 0, 0, 1)
(-65, -16, -14, 1, -1, 1)
(-64, -17, -14, 2, -1, 0)
(-65, -16, -13, 4, -1, 0)
(-64, -16, -14, 5, -1, 0)
(-64, -16, -14, 6, -1, 0)
(-64, -16, -14, 7, 0, 1)
(-65, -16, -14, 9, 0, 1)
(-64, -14, -12, 10, 0, 0)
(-63, -13, -12, 11, -1, 0)
(-63, -12, -13, 10, -1, 1)
(-62, -13, -13, 10, 0, 2)
(-58, -19, -14, 8, 2, 4)
(-55, -31, -18, 5, 12, 9)
(-69, -63, -21, 5, 42, 19)
(-88, -73, -25, 6, 40, 15)
(-102, -89, -30, 0, 26, 3)
(-112, -108, -39, 0, 6, -9)
(-106, -111, -49, 7, -11, -21)
(-91, -108, -49, 17, -17, -40)
(-74, -97, -43, 33, -18, -61)
(-58, -79, -41, 43, -13, -77)
(-47, -66, -38, 47, -3, -79)
(-44, -53, -32, 51, 3, -70)
(-42, -39, -23, 48, 1, -54)
(-38, -28, -14, 36, -4, -35)
(-30, -16, -13, 35, -10, -10)
(-18, -2, -11, 29, 9, 18)
(-18, 17, -7, 30, 35, 36)
(-46, 35, -2, 16, 42, 39)
(-68, 37, 8, 0, 17, 34)
(-73, 50, 12, -1, -21, 26)
(-61, 82, -1, -17, -46, 40)
(-58, 88, -6, -21, -35, 54)
(-68, 88, -10, -29, -12, 62)
(-95, 78, -6, -33, -14, 51)
(-108, 59, 0, -20, -33, 33)
(-101, 52, 2, 1, -51, 14)
(-85, 60, -3, 16, -47, 0)
(-66, 64, -7, 19, -22, -11)
(-60, 60, -2, 22, 13, -22)
(-64, 59, 1, 35, 28, -27)
(-61, 63, 2, 43, 31, -28)
(-56, 68, 0, 45, 30, -28)
(-53, 69, 0, 42, 28, -26)
(-49, 62, 0, 36, 26, -25)
(-45, 50, 3, 34, 25, -21)
(-41, 41, 4, 35, 29, -14)
(-45, 32, 3, 31, 32, -9)
(-46, 18, 4, 23, 28, -6)
(-48, 8, 5, 16, 23, -1)
(-49, 1, 1, 3, 16, 5)
(-48, -11, -5, -15, 13, 13)
(-49, -25, -10, -29, 20, 21)
(-56, -30, -13, -37, 35, 25)
(-60, -29, -22, -50, 52, 26)
(-71, -30, -32, -59, 72, 24)
(-87, -46, -43, -67, 79, 20)
(-97, -57, -44, -64, 68, 17)
(-91, -60, -43, -58, 44, 15)
(-78, -53, -43, -50, 28, 17)
(-64, -49, -43, -45, 24, 24)
(-58, -47, -41, -34, 40, 27)
BatchID:  14


(-64, -2, -7, -1, 2, 1)
(-64, -2, -7, -1, 1, 1)
(-64, -2, -6, 0, 0, 1)
(-64, -3, -6, 0, 0, 1)
(-63, -3, -6, 1, 0, 1)
(-63, -2, -7, 1, 0, 2)
(-63, -2, -6, 0, 0, 2)
(-66, -3, -8, 2, 3, 2)
(-65, -5, -8, 6, 0, 0)
(-66, -5, -8, 6, 0, 0)
(-66, -6, -8, 7, 0, 0)
(-65, -6, -7, 8, 0, -1)
(-61, 1, -7, 6, 1, 1)
(-61, 0, -8, 6, 3, 2)
(-61, 1, -9, 6, 4, 4)
(-60, 0, -9, 6, 6, 5)
(-62, 0, -8, 9, 7, 6)
(-67, 2, -5, 12, 1, 6)
(-67, 4, -3, 11, -4, 6)
(-64, 4, -3, 7, -7, 5)
(-62, 3, -4, 4, -5, 5)
(-61, 0, -6, 2, -2, 5)
(-63, -3, -7, 2, 2, 6)
(-66, -6, -7, 4, 4, 6)
(-70, -9, -6, 5, 3, 5)
(-75, -13, -6, 6, 0, 1)
(-78, -16, -8, 6, -8, -1)
(-76, -25, -10, 5, -14, -6)
(-74, -43, -14, 0, -13, -9)
(-77, -65, -16, -2, -4, -10)
(-85, -82, -15, 6, 6, -12)
(-99, -91, -18, 19, 15, -18)
(-109, -93, -22, 24, 13, -27)
(-109, -92, -29, 33, 7, -40)
(-104, -83, -30, 33, 0, -55)
(-90, -72, -30, 36, -13, -71)
(-78, -59, -30, 39, -23, -85)
(-67, -45, -26, 39, -33, -91)
(-57, -34, -21, 34, -43, -88)
(-41, -26, -17, 26, -46, -74)
(-27, -21, -14, 23, -34, -53)
(-38, 15, 7, 12, -9, -6)
(-46, 30, 13, 1, -19, -5)
(-94, 94, -2, -6, 63, 86)
(-127, 94, 0, -8, 41, 74)
(-127, 82, 5, -1, 3, 49)
(-113, 77, -5, 2, -13, 13)
(-88, 71, -15, -1, -4, -18)
(-73, 59, -13, 0, 10, -36)
(-63, 47, -5, 16, 15, -42)
(-56, 46, 0, 37, 11, -41)
(-50, 54, -1, 47, 4, -36)
(-41, 55, 0, 44, 3, -32)
(-36, 54, 3, 37, 9, -29)
(-33, 48, 3, 27, 13, -25)
(-35, 38, 4, 23, 18, -20)
(-39, 32, 2, 19, 16, -14)
(-41, 23, 0, 12, 11, -6)
(-42, 9, 0, 5, 4, 1)
(-43, -3, 0, 2, -1, 10)
(-50, -5, -3, 3, -2, 19)
(-56, -2, -6, -8, -3, 32)
(-56, -8, -6, -18, 2, 42)
(-60, -11, -7, -21, 16, 50)
(-67, -17, -8, -27, 30, 56)
BatchID:  2




(-63, -6, -9, 2, -1, -1)
(-63, -5, -8, 2, -3, -1)
(-63, -6, -7, 1, -5, -1)
(-64, -2, -8, 3, 0, 2)
(-60, -8, -9, 3, -2, 6)
(-62, -9, -9, 4, -1, 6)
(-65, -4, -12, 4, 4, 5)
(-66, -2, -12, 3, 5, 5)
(-66, -1, -12, 3, 5, 4)
(-67, -2, -12, 3, 6, 2)
(-68, -3, -11, 4, 5, 1)
(-67, -4, -11, 6, 3, 0)
(-67, -5, -10, 9, 0, 0)
(-67, -4, -7, 11, -2, 0)
(-65, -1, -6, 12, -4, 0)
(-64, 0, -5, 11, -6, 1)
(-62, 0, -5, 10, -5, 1)
(-60, 0, -6, 8, -3, 1)
(-60, -1, -7, 6, 0, 2)
(-63, -1, -5, 6, 1, 3)
(-71, -49, -18, -5, 11, -1)
(-84, -76, -19, -1, 18, -4)
(-100, -93, -20, 9, 21, -13)
(-111, -104, -26, 18, 12, -24)
(-112, -112, -33, 29, -3, -39)
(-106, -105, -32, 44, -11, -57)
(-92, -83, -30, 54, -23, -74)
(-82, -69, -29, 49, -36, -88)
(-68, -60, -29, 37, -43, -96)
(-52, -58, -27, 27, -37, -92)
(-41, -55, -23, 27, -22, -77)
(-32, -45, -20, 29, 0, -54)
(-29, -34, -17, 26, 24, -30)
(-30, -22, -15, 26, 46, -8)
(-38, -12, -10, 29, 56, 6)
(-50, 3, 1, 37, 46, 11)
(-62, 30, 10, 11, 10, 12)
(-53, 50, 7, -3, -25, 20)
(-46, 65, 9, -17, -37, 38)
(-33, 83, 8, -26, -32, 67)
(-24, 102, 0, -19, -2, 93)
(-43, 119, -17, -11, 40, 94)
(-91, 121, -27, -37, 51, 87)
(-114, 94, -13, -48, 41, 71)
(-127, 71, -5, -23, 4, 49)
(-105, 62, -14, 2, -39, 23)
(-65, 66, -18, 7, -6, -29)
(-58, 58, -7, 19, 6, -39)
(-54, 62, -2, 39, 5, -41)
(-48, 68, -5, 45, 2, -39)
(-38, 69, -5, 42, 6, -39)
(-34, 64, -5, 35, 11, -39)
(-39, 42, -1, 23, 13, -28)
(-41, 32, 0, 19, 9, -18)
(-38, 21, -3, 7, 3, -10)
(-36, 8, -5, -5, 6, -2)
(-45, -1, -7, -11, 12, 7)
(-55, -9, -8, -17, 10, 19)
(-67, -23, -5, -17, 1, 32)
(-74, -36, -3, -14, -8, 42)
(-73, -30, -5, -13, -8, 45)
(-69, -26, -9, -28, -2, 42)
(-70, -26, -8, -41, 9, 42)
(-75, -24, -12, -52, 16, 45)
(-80, -26, -15, -63, 19, 52)
(-81, -33, -16, -69, 19, 55)
(-82, -33, -19, -71, 20, 53)
(-83, -35, -23, -74, 19, 48)
(-89, -36, -28, -73, 19, 45)
(-93, -36, -33, -71, 14, 44)
(-96, -40, -35, -64, 14, 41)
BatchID:  3




(-64, 0, -9, 0, 0, 0)
(-64, 0, -9, 0, 0, 0)
(-63, 0, -10, 0, 0, 0)
(-64, 0, -9, 0, 0, 0)
(-64, 0, -9, 0, 0, 0)
(-64, 1, -9, 0, 0, 0)
(-64, 1, -9, 0, -1, 0)
(-63, 1, -9, -1, -1, 0)
(-63, 0, -9, 0, 0, 0)
(-64, 2, -10, -1, 0, 0)
(-65, 0, -9, 0, 0, 0)
(-65, 1, -9, 0, -1, 0)
(-65, 2, -10, 0, -2, 0)
(-63, 0, -9, 0, -3, -1)
(-63, 0, -10, 0, -3, 0)
(-61, 0, -10, 0, -2, 0)
(-61, 0, -9, 1, -1, 1)
(-61, 1, -10, 1, 0, 2)
(-61, 1, -9, 1, 1, 3)
(-62, 2, -8, 2, 1, 4)
(-62, 5, -7, 2, 1, 4)
(-62, 7, -5, 2, 0, 5)
(-62, 10, -4, 2, -1, 7)
(-61, 13, -3, 0, -1, 9)
(-63, 12, -9, -11, 0, 11)
(-67, 6, -12, -15, 1, 10)
(-71, -5, -20, -16, 0, 10)
(-72, -30, -26, -11, -1, 10)
(-71, -56, -35, -3, 7, 11)
(-75, -71, -37, 1, 28, 13)
(-116, -117, -47, 39, 45, 0)
(-127, -118, -47, 58, 38, -25)
(-127, -114, -45, 59, 10, -52)
(-127, -108, -49, 61, -18, -74)
(-127, -101, -55, 63, -41, -93)
(-109, -99, -55, 56, -52, -110)
(-78, -91, -54, 49, -46, -123)
(-47, -88, -54, 45, -13, -125)
(-32, -79, -55, 63, 39, -114)
(-41, -56, -51, 77, 72, -95)
(-23, -2, -25, 53, 45, -9)
(-17, 10, -19, 68, 48, 19)
(-23, 28, -12, 89, 46, 40)
(-44, 79, 15, 23, 33, 54)
(-58, 127, 24, 20, -52, 59)
(-71, 127, 16, 26, -114, 83)
(-68, 127, -25, 33, -121, 114)
(-68, 127, -50, -70, -88, 114)
(-73, 127, -14, -88, -60, 92)
(-64, 97, -17, 4, 24, 32)
(-49, 114, -44, 17, 80, -23)
(-65, 104, -44, 3, 109, -60)
(-81, 87, -21, 21, 95, -64)
(-90, 80, -5, 63, 39, -52)
(-73, 92, -6, 94, -35, -40)
(-45, 101, -17, 83, -61, -38)
(-30, 89, -16, 31, -49, -44)
(-24, 59, -5, -11, -45, -44)
(-13, 23, 1, -26, -32, -33)
(-8, -2, 5, -21, -16, -17)
(-18, -14, 5, -5, -5, 5)
(-28, -19, 0, -7, 1, 33)
(-47, -40, -2, -23, 10, 60)
(-75, -71, 4, -32, 17, 79)
(-102, -93, 22, -31, -3, 74)
(-93, -74, 25, -28, -16, 59)
(-86, -54, 11, -54, -18, 51)
(-77, -58, 0, -84, -8, 64)
BatchID:  4




(-64, -2, -8, 0, 0, 0)
(-63, -1, -8, 0, -1, 0)
(-63, -2, -8, -1, 0, 0)
(-64, -1, -9, -1, 0, 0)
(-64, -1, -9, -2, 0, 0)
(-63, -2, -9, -2, 0, 0)
(-63, -2, -9, -2, 0, 0)
(-64, -2, -8, -1, 0, 0)
(-64, -2, -9, -1, 0, 1)
(-64, -2, -9, -1, 0, 0)
(-64, -2, -9, -1, -1, 0)
(-64, -2, -9, -1, 0, 0)
(-64, -3, -9, 0, 0, 0)
(-63, -1, -9, 0, 0, 0)
(-63, -2, -8, 0, 0, 1)
(-63, -1, -9, 0, 0, 1)
(-64, -1, -9, -1, 0, 1)
(-64, -1, -9, 0, 0, 1)
(-64, -1, -9, 0, 0, 1)
(-64, -1, -9, 0, -1, 1)
(-63, -1, -8, 0, 0, 1)
(-64, -1, -8, 0, 0, 2)
(-66, -4, -10, -1, 0, 1)
(-67, -10, -12, -2, 1, 1)
(-63, -20, -15, -10, 6, 1)
(-59, -46, -26, -20, 23, 6)
(-67, -73, -33, -18, 53, 11)
(-99, -102, -41, -10, 65, 7)
(-127, -127, -49, 1, 42, -7)
(-127, -127, -60, 18, 9, -30)
(-127, -127, -66, 38, -20, -49)
(-114, -111, -59, 73, -44, -110)
(-65, 43, 7, 31, -127, 48)
(-41, 77, -1, 14, -127, 52)
(-21, 107, 1, 14, -127, 66)
(-3, 127, -9, 45, -127, 88)
(-9, 127, -33, 27, -119, 114)
(-35, 127, -15, -26, -53, 118)
(-68, 121, 10, -21, -8, 99)
(-110, 95, 14, 26, 41, 74)
(-121, 102, 6, 39, 27, 27)
(-80, 116, -9, 38, 26, -36)
(-54, 127, -34, 31, 60, -88)
(-57, 127, -29, 11, 76, -102)
(-62, 124, -12, 30, 55, -91)
(-51, 111, -9, 58, 21, -71)
(-34, 102, -7, 62, 0, -61)
(-25, 90, -1, 43, -4, -56)
(-20, 65, 1, 6, -7, -48)
(-15, 34, 6, -24, 0, -28)
(-17, 0, 11, -42, 13, -1)
(-22, -32, 18, -42, 7, 25)
(-26, -41, 9, -34, 13, 54)
(-41, -40, -4, -44, 44, 84)
(-62, -50, -7, -62, 64, 103)
(-84, -71, -3, -71, 66, 106)
(-103, -81, -5, -75, 65, 99)
(-119, -59, -22, -78, 65, 91)
(-127, -57, -39, -102, 60, 87)
(-127, -72, -49, -119, 51, 79)
(-127, -92, -48, -114, 39, 60)
(-127, -108, -49, -83, 18, 41)
(-127, -104, -44, -50, -3, 12)
(-120, -82, -41, -28, -28, -15)
(-98, -68, -41, -18, -46, -32)
BatchID:  5




(-63, -3, -9, -1, -1, 1)
(-63, -2, -9, -1, -1, 1)
(-63, -3, -10, -1, -1, 1)
(-63, -3, -10, -1, -1, 2)
(-63, -3, -10, 0, -2, 2)
(-63, -3, -10, 0, -1, 2)
(-63, -3, -10, 0, -1, 2)
(-64, -2, -9, 0, -1, 3)
(-63, -2, -9, 0, -1, 3)
(-64, -2, -9, 0, -2, 3)
(-64, -2, -8, 0, -2, 3)
(-64, -1, -8, 0, -2, 3)
(-64, -3, -8, 0, -2, 4)
(-64, -2, -9, 0, -2, 4)
(-63, -2, -9, 0, -1, 4)
(-64, -2, -9, 0, -1, 4)
(-63, -2, -8, 0, -2, 4)
(-63, -2, -8, 0, -2, 4)
(-64, 0, -10, -2, 1, 7)
(-64, 0, -10, -2, 1, 6)
(-65, 0, -10, -1, 0, 5)
(-65, -1, -11, 0, 0, 4)
(-65, -2, -11, 0, -1, 4)
(-65, -4, -12, 0, 0, 3)
(-59, -38, -25, -2, 32, 7)
(-71, -54, -32, 1, 50, 6)
(-93, -64, -38, 10, 51, 0)
(-117, -76, -36, 21, 29, -12)
(-127, -92, -32, 34, -8, -29)
(-115, -92, -36, 51, -32, -45)
(-103, -90, -37, 58, -40, -60)
(-92, -97, -33, 61, -36, -70)
(-80, -99, -31, 60, -27, -78)
(-67, -73, -27, 56, 21, -71)
(-66, -64, -20, 46, 19, -62)
(-51, -46, -20, 37, 16, -50)
(-34, -32, -21, 31, 26, -33)
(-54, 127, 13, 0, -127, 86)
(-47, 127, -19, 31, -95, 113)
(-74, 127, -47, -47, -9, 82)
(-94, 127, -27, -91, 36, 37)
(-94, 69, -25, -56, 76, -7)
(-72, 78, -24, 0, 98, -46)
(-61, 106, -35, 30, 97, -72)
(-62, 94, -19, 24, 85, -74)
(-68, 81, 0, 51, 51, -62)
(-58, 84, 3, 82, -16, -44)
(-57, -8, 2, -9, 1, 25)
(-53, -21, -4, -15, -20, 49)
(-53, -32, -10, -26, -9, 70)
(-61, -46, -10, -38, 14, 85)
(-75, -55, -8, -40, 33, 92)
(-88, -44, -14, -42, 44, 95)
(-102, -43, -21, -57, 47, 94)
(-122, -55, -22, -67, 37, 94)
BatchID:  6




(-64, -6, -11, 6, -1, 1)
(-63, -6, -12, 6, -1, 1)
(-64, -5, -12, 6, 0, 1)
(-64, -5, -11, 6, 0, 1)
(-64, -4, -11, 6, 0, 1)
(-64, -4, -10, 6, 0, 1)
(-63, -4, -10, 7, 0, 1)
(-63, -4, -9, 7, 0, 1)
(-61, -2, -8, 7, 0, 2)
(-61, 0, -7, 6, 0, 4)
(-60, 1, -8, 4, 1, 6)
(-61, 2, -9, 1, 3, 7)
(-62, 1, -10, 0, 6, 8)
(-64, 0, -10, -2, 6, 7)
(-65, -1, -10, -1, 5, 7)
(-65, -4, -10, -1, 3, 7)
(-65, -6, -10, 1, 0, 5)
(-66, -6, -10, 2, 0, 5)
(-64, -6, -9, 3, -2, 5)
(-63, -4, -9, 4, -2, 5)
(-63, -2, -8, 3, -2, 6)
(-62, 0, -9, 1, 0, 7)
(-64, 0, -10, -1, 0, 8)
(-64, -4, -11, -3, 1, 8)
(-62, -11, -14, -4, 4, 8)
(-64, -23, -16, -5, 10, 9)
(-64, -42, -24, -9, 16, 9)
(-68, -63, -32, -3, 28, 12)
(-84, -77, -36, 4, 35, 9)
(-103, -92, -38, 7, 28, 0)
(-116, -104, -47, 15, 12, -12)
(-114, -100, -57, 21, 6, -26)
(-109, -99, -58, 29, 0, -42)
(-100, -98, -54, 43, -8, -60)
(-85, -90, -49, 57, -15, -79)
(-66, -82, -44, 61, -13, -92)
(-48, -77, -41, 58, 1, -92)
(-50, -65, -42, 60, 17, -85)
(-53, -50, -33, 48, 23, -70)
(-66, -25, -12, 44, -28, -46)
(-56, -5, -6, 45, -72, -35)
(-40, 18, 3, 36, -99, -21)
(-19, 41, 5, 25, -90, -3)
(-3, 70, 11, 21, -54, 28)
(-9, 108, 15, 32, -4, 72)
(-46, 127, 6, 61, 29, 111)
(-100, 127, -5, 51, 31, 127)
(-127, 127, -7, -11, 33, 97)
(-127, 127, -4, -42, 23, 44)
(-124, 95, -6, -34, 1, -5)
(-81, 101, -15, 5, -1, -37)
(-49, 118, -33, 19, 23, -58)
(-44, 106, -22, 8, 48, -70)
(-52, 84, -1, 29, 38, -62)
(-45, 76, 3, 64, 3, -47)
(-30, 87, -7, 70, -16, -33)
(-21, 84, -13, 33, -1, -24)
(-24, 57, -5, -5, 9, -18)
(-25, 24, 2, -19, 15, -7)
(-29, -2, 3, -17, 14, 6)
(-42, -22, 3, -4, 0, 28)
(-48, -30, -1, -2, -12, 51)
(-53, -25, -2, -6, -7, 74)
(-57, -16, -6, -26, 3, 91)
(-62, -15, -12, -50, 27, 99)
(-78, -22, -19, -66, 60, 104)
(-110, -27, -25, -72, 82, 109)
(-127, -31, -28, -80, 78, 115)
(-127, -44, -32, -86, 67, 110)
(-127, -56, -30, -88, 45, 88)
(-127, -64, -31, -88, 11, 53)
(-127, -69, -31, -86, -17, 18)
(-121, -69, -31, -85, -40, -5)
(-93, -70, -34, -82, -46, -17)
(-76, -69, -39, -78, -40, -22)
(-66, -71, -40, -71, -30, -28)
BatchID:  7




(-62, -3, -13, 0, -1, 2)
(-62, -3, -13, 0, -1, 3)
(-63, -3, -13, -1, 0, 3)
(-64, -4, -13, 0, -1, 2)
(-64, -4, -13, 0, -1, 2)
(-64, -4, -13, 1, -3, 2)
(-63, -3, -12, 2, -3, 3)
(-62, -3, -12, 2, -2, 4)
(-63, -3, -12, 1, -1, 3)
(-64, -4, -12, 1, -2, 3)
(-63, -4, -12, 2, -3, 3)
(-63, -3, -12, 3, -2, 3)
(-63, -2, -12, 2, -1, 3)
(-62, -2, -13, 2, -1, 3)
(-62, -2, -12, 2, 0, 3)
(-63, -3, -13, 2, 0, 3)
(-63, -3, -12, 2, 0, 3)
(-64, -2, -12, 3, 0, 3)
(-67, -3, -12, 2, 0, 2)
(-67, -5, -13, 1, -2, 0)
(-68, -11, -15, 0, -3, -1)
(-62, -28, -22, -12, 1, 0)
(-59, -56, -31, -19, 24, 4)
(-70, -79, -39, -12, 55, 9)
(-102, -102, -47, -2, 67, 5)
(-127, -127, -56, 19, 48, -10)
(-127, -127, -57, 41, 15, -34)
(-127, -127, -64, 61, -24, -71)
(-127, -126, -67, 68, -48, -103)
(-100, -107, -60, 73, -59, -127)
(-46, 13, -35, 62, 78, 10)
(33, 127, -39, 52, -56, 127)
(-2, 127, -1, 0, 73, 127)
(-67, 127, 2, 1, 127, 76)
(-127, 118, -14, -13, 127, 29)
(-127, 90, -5, -40, 111, -6)
(-127, 62, 4, -12, 17, -40)
(-95, 76, -10, 20, -35, -68)
(-58, 82, -15, 29, -58, -71)
(-20, 78, -14, 37, -38, -64)
(0, 75, -12, 41, 10, -58)
(-11, 72, -6, 43, 57, -50)
(-28, 65, -3, 33, 76, -40)
(-39, 53, -1, 19, 79, -29)
(-47, 38, 2, 7, 67, -19)
(-52, 24, 7, -2, 46, -10)
(-54, 0, 6, -10, 16, 3)
(-57, -16, 4, -11, -4, 22)
(-57, -16, -1, -16, -6, 41)
(-57, -19, -6, -35, 0, 53)
(-66, -40, -12, -67, 34, 73)
(-80, -58, -12, -77, 51, 82)
(-97, -72, -10, -74, 56, 89)
(-111, -65, -11, -71, 48, 88)
(-113, -49, -19, -86, 38, 80)
(-115, -53, -28, -105, 28, 65)
(-119, -63, -31, -108, 17, 49)
(-119, -70, -37, -102, -1, 35)
(-108, -75, -42, -87, -21, 23)
(-93, -77, -42, -73, -26, 9)
(-77, -76, -42, -55, -25, -1)
BatchID:  8




(-64, -7, -13, 1, 0, 1)
(-64, -7, -13, 2, 0, 1)
(-64, -7, -13, 3, 0, 0)
(-63, -6, -13, 3, 0, 0)
(-62, -6, -13, 5, 0, 0)
(-62, -6, -13, 5, 0, 1)
(-62, -6, -13, 5, 0, 1)
(-61, -6, -13, 5, 0, 1)
(-62, -6, -13, 5, 1, 1)
(-63, -5, -13, 5, 2, 1)
(-63, -6, -13, 4, 2, 1)
(-64, -5, -13, 5, 3, 1)
(-65, -5, -13, 4, 3, 1)
(-65, -4, -12, 4, 3, 1)
(-65, -5, -12, 5, 2, 1)
(-64, -5, -12, 5, 1, 1)
(-64, -5, -11, 5, 1, 1)
(-64, -5, -12, 5, 1, 1)
(-64, -5, -12, 5, 1, 1)
(-65, -5, -11, 6, 1, 1)
(-64, -3, -10, 5, -1, 0)
(-64, -4, -10, 4, -1, 1)
(-63, -3, -12, -1, 0, 0)
(-64, -3, -12, -2, 0, 0)
(-64, -6, -16, -4, -2, 0)
(-59, -13, -20, -7, 0, 1)
(-53, -44, -34, -12, 33, 11)
(-71, -62, -39, -8, 56, 14)
(-127, -117, -45, 36, 12, 1)
(-127, -123, -37, 58, -16, -13)
(-127, -113, -42, 69, -53, -29)
(-124, -105, -47, 73, -66, -46)
(-107, -98, -44, 75, -64, -70)
(-90, -91, -37, 64, -62, -96)
(-65, -90, -33, 43, -53, -113)
(-37, -85, -30, 36, -17, -111)
(-26, -70, -32, 48, 31, -96)
(-47, -50, -31, 49, 52, -72)
(-54, -34, -25, 38, 44, -45)
(-52, -26, -18, 37, 14, -23)
(-49, -12, -15, 56, -15, -7)
(-45, 11, -13, 78, -44, 8)
(-39, 92, 27, 49, -82, 31)
(-30, 82, -3, 32, -120, 51)
(-6, 117, -12, 5, -101, 88)
(-9, 127, -11, 1, -47, 114)
(-27, 127, -3, 9, 0, 126)
(-64, 127, -2, 7, 33, 119)
(-106, 126, -13, -4, 50, 92)
(-126, 90, -23, -22, 54, 47)
(-104, 53, -19, -33, 46, -12)
(-70, 47, -17, 0, 65, -65)
(-61, 60, -16, 28, 86, -89)
(-59, 71, -6, 52, 88, -87)
(-61, 82, 0, 81, 69, -76)
(-64, 100, -1, 92, 43, -65)
(-62, 110, 0, 74, 18, -60)
(-47, 104, 2, 48, 3, -59)
(-34, 80, 1, 20, -1, -61)
(-34, 49, 4, 0, 0, -54)
BatchID:  9




(-64, -6, -12, 13, -2, 4)
(-65, -4, -12, 12, -3, 4)
(-65, -5, -12, 11, -3, 3)
(-65, -5, -12, 10, -2, 2)
(-65, -3, -12, 11, -1, 2)
(-64, -1, -11, 11, -1, 2)
(-61, 1, -12, 12, 0, 3)
(-61, 2, -13, 12, 0, 3)
(-61, 3, -14, 12, 2, 5)
(-62, 2, -14, 12, 3, 5)
(-66, 0, -12, 13, 1, 5)
(-67, 0, -10, 14, -3, 5)
(-63, -1, -11, 11, -7, 4)
(-61, -7, -12, 7, 2, 4)
(-63, -27, -14, -1, 14, 5)
(-74, -59, -18, -6, 29, 6)
(-98, -86, -15, 3, 34, 4)
(-123, -100, -15, 16, 23, -6)
(-127, -125, -26, 15, -5, -23)
(-127, -127, -42, 22, -31, -50)
(-127, -127, -53, 20, -39, -70)
(-127, -127, -48, 36, -40, -103)
(-108, -119, -39, 42, -47, -127)
(-73, -95, -34, 33, -41, -127)
(-38, -75, -30, 20, -8, -127)
(-8, -57, -25, 15, 48, -102)
(4, -34, -21, 26, 114, -56)
(-11, 0, -23, 41, 127, -17)
(-52, 19, -22, 53, 127, 6)
(-90, 45, -11, 51, 77, 20)
(-96, 90, 21, -10, -60, 32)
(-75, 127, 15, -32, -124, 25)
(-69, 127, 4, -11, -127, 47)
(-40, 127, -30, -6, -127, 83)
(-9, 127, -57, -69, -66, 102)
(-22, 124, -31, -87, 26, 90)
(-65, 88, -25, -41, 109, 66)
(-122, 79, -33, -12, 127, 29)
(-127, 68, -19, -8, 89, -12)
(-118, 59, -5, 33, 16, -50)
(-94, 78, -12, 71, -52, -68)
(-58, 89, -16, 87, -91, -67)
(-28, 99, -18, 94, -88, -59)
(-5, 108, -22, 78, -55, -50)
(-2, 104, -10, 51, -14, -48)
(-15, 86, 2, 30, -1, -46)
(-20, 61, 6, 16, 2, -41)
(-22, 40, 8, 7, 1, -32)
(-22, 24, 6, -3, -13, -17)
(-18, 6, 1, -22, -29, 3)
(-16, -21, -4, -43, -28, 32)
(-32, -51, -3, -54, -6, 66)
(-66, -83, -1, -23, -1, 102)
(-68, -43, 7, -7, 8, 112)
(-78, -26, -6, -49, 36, 104)
(-82, -40, -20, -83, 68, 96)
(-113, -49, -29, -85, 89, 93)
(-127, -53, -44, -96, 68, 99)
(-127, -68, -55, -100, 47, 101)
(-127, -87, -53, -95, 29, 82)
(-127, -95, -50, -83, 5, 52)
(-127, -90, -49, -73, -16, 23)
(-115, -88, -48, -70, -28, 5)
(-94, -85, -48, -61, -30, -3)
(-74, -85, -46, -44, -20, -14)
(-63, -75, -41, -16, -4, -22)
(-57, -58, -33, 5, 7, -23)
(-52, -43, -25, 25, 12, -23)
BatchID:  10




(-64, -3, -12, 0, -1, 0)
(-63, -3, -13, -1, -1, 1)
(-64, -4, -13, -1, 0, 0)
(-64, -4, -12, 0, -1, 0)
(-63, -4, -12, 0, -1, 0)
(-64, -3, -11, 0, -1, 0)
(-64, -3, -12, 0, -1, 0)
(-64, -3, -12, 0, -1, 0)
(-64, -3, -12, 0, -1, 1)
(-63, -3, -12, 0, -1, 0)
(-64, -2, -12, 0, 0, 0)
(-63, -2, -12, 0, 0, 1)
(-64, -2, -12, 0, -1, 1)
(-63, -3, -12, 0, -1, 1)
(-63, -4, -11, 0, -1, 1)
(-63, -4, -11, 1, -1, 2)
(-63, -4, -10, 2, -1, 3)
(-64, -2, -9, 2, -1, 3)
(-63, -1, -9, 2, -2, 3)
(-65, -2, -13, -1, -1, 2)
(-64, -6, -14, -2, 0, 2)
(-62, -11, -15, -2, 6, 2)
(-52, -40, -28, -12, 45, 12)
(-72, -59, -34, -6, 71, 13)
(-110, -69, -39, 0, 64, 5)
(-127, -89, -45, -3, 20, -11)
(-127, -115, -54, 6, -26, -29)
(-127, -123, -58, 24, -49, -44)
(-118, -124, -58, 44, -53, -61)
(-100, -118, -52, 64, -44, -83)
(-88, -101, -43, 78, -33, -104)
(-71, -84, -38, 72, -24, -113)
(-54, -74, -31, 66, -4, -110)
(-38, -59, -24, 61, 24, -94)
(-45, -38, -21, 56, 41, -73)
(-52, -20, -17, 38, 38, -49)
(-58, -6, -11, 32, 13, -31)
(-41, 48, 4, 29, -117, 4)
(5, 127, -2, 30, -35, 96)
(-65, 127, -14, -3, 105, 112)
(-127, 93, -6, -45, 61, 31)
(-122, 60, -7, -21, -23, -12)
(-19, 78, -30, 1, -9, -58)
(-20, 65, -17, 21, 20, -52)
(-20, 64, -10, 52, 34, -39)
(-24, 73, -13, 60, 48, -28)
(-33, 72, -10, 43, 55, -22)
(-43, 58, -3, 23, 50, -18)
(-46, 40, 0, 8, 34, -10)
(-42, 15, 3, -4, 13, -1)
(-47, -9, 10, -2, 0, 14)
(-55, -21, 14, 13, -16, 34)
(-55, -11, 10, 13, -20, 53)
(-56, -4, 9, -8, -9, 62)
(-61, -17, 3, -34, 11, 70)
(-66, -28, -5, -54, 41, 76)
(-85, -32, -17, -68, 70, 81)
(-127, -52, -24, -76, 53, 83)
(-127, -59, -22, -61, 20, 75)
(-127, -60, -22, -53, -4, 66)
(-125, -58, -24, -45, -17, 59)
BatchID:  11




(-63, -3, -12, 10, -4, 0)
(-62, -4, -12, 9, -3, 0)
(-62, -4, -13, 8, 0, 0)
(-63, -4, -13, 8, 0, 0)
(-64, -3, -13, 7, 0, 0)
(-64, -3, -14, 7, -1, 0)
(-64, -3, -12, 7, -2, 0)
(-62, -3, -13, 6, -3, 0)
(-62, -3, -13, 6, -2, 0)
(-62, -3, -13, 6, -1, 0)
(-63, -3, -13, 6, -1, 0)
(-64, -3, -13, 6, -2, 1)
(-63, -3, -12, 6, -3, 0)
(-63, -2, -12, 5, -3, 0)
(-62, -2, -12, 4, -2, 0)
(-61, -3, -12, 3, -2, 1)
(-61, -3, -13, 2, -1, 1)
(-61, -3, -14, 2, -1, 2)
(-62, -4, -14, 2, 0, 3)
(-62, -4, -14, 2, 0, 3)
(-64, -4, -14, 3, -1, 3)
(-64, -3, -15, 3, -2, 3)
(-63, -3, -14, 3, -2, 3)
(-64, -4, -14, 2, -1, 3)
(-57, -2, -9, -9, 1, 0)
(-55, -7, -12, -13, 4, 2)
(-53, -17, -14, -16, 13, 5)
(-57, -32, -18, -17, 21, 7)
(-68, -49, -17, -15, 30, 9)
(-84, -65, -21, -10, 24, 7)
(-105, -84, -26, -14, 11, 0)
(-127, -127, -69, 52, 9, -50)
(-127, -109, -54, 82, -10, -74)
(-122, -81, -48, 76, -44, -92)
(-90, -65, -47, 56, -52, -98)
(-57, -58, -46, 49, -22, -91)
(2, 3, 4, 5, 6, 0)
(-25, -38, -33, 53, 98, -46)
(-38, -20, -29, 53, 127, -22)
(-63, -4, -30, 49, 127, -8)
(-81, 8, -28, 39, 91, -5)
(-90, 14, -15, 35, 23, -5)
(-93, 45, 20, 10, -96, -3)
(-52, 53, -4, 5, -127, 0)
(-37, 67, -9, -9, -127, 15)
(-17, 79, -8, -8, -127, 45)
(10, 117, -16, 3, -108, 101)
(0, 127, -17, -2, -43, 108)
(-86, 102, -24, -35, 0, 74)
(-107, 61, -16, -24, 19, 50)
(-114, 39, 3, 0, -18, 10)
(-69, 61, -5, 43, -35, -35)
(-61, 82, -18, 42, -20, -59)
(-46, 76, 0, 55, 23, -66)
BatchID:  12




(-60, 6, -8, 10, -10, -8)
(-60, 8, -8, 8, -11, -6)
(-60, 7, -9, 5, -10, -5)
(-60, 7, -9, 3, -8, -4)
(-60, 5, -9, 4, -5, -3)
(-61, 6, -9, 3, -3, -3)
(-61, 6, -9, 1, -4, -2)
(-61, 4, -11, -1, -5, -1)
(-60, 2, -13, -3, -4, 0)
(-61, 1, -12, -2, -3, 1)
(-62, 1, -12, -1, -2, 2)
(-64, 4, -13, -1, 0, 2)
(-63, 5, -13, -2, -1, 0)
(-62, 3, -13, -2, -1, 0)
(-62, 2, -12, -2, -3, 0)
(-60, 1, -11, -1, -5, 1)
(-59, 1, -10, 0, -2, 3)
(-59, 2, -9, 0, 0, 3)
(-59, 3, -9, -2, 0, 3)
(-59, 0, -9, -3, 0, 3)
(-59, -1, -10, -4, 0, 3)
(-60, -3, -10, -3, 0, 3)
(-61, -3, -10, -2, 1, 4)
(-62, -2, -10, -1, 1, 5)
(-64, -2, -11, -2, 2, 4)
(-66, -3, -12, -3, 3, 3)
(-68, -5, -13, -4, 3, 0)
(-70, -8, -13, -2, 2, -2)
(-69, -8, -14, 0, 1, -4)
(-70, -10, -14, 0, -1, -6)
(-66, -16, -19, -2, 0, -5)
(-64, -32, -22, -4, 11, -3)
(-68, -47, -24, -2, 25, 0)
(-74, -64, -29, -3, 44, 1)
(-96, -90, -36, -10, 56, 1)
(-127, -124, -49, -1, 38, -7)
(-127, -127, -54, 26, 10, -23)
(-127, -127, -45, 53, -32, -39)
(-127, -121, -43, 62, -86, -68)
(-115, -113, -43, 55, -105, -100)
(-76, -92, -39, 50, -87, -121)
(-43, -73, -37, 43, -47, -122)
(-15, -66, -35, 45, 16, -99)
(5, -50, -32, 76, 101, -60)
(-2, -16, -28, 109, 127, -19)
(-19, 12, -29, 121, 127, 12)
(-46, 41, -34, 114, 127, 19)
(-86, 127, 31, 48, 122, 32)
(-98, 96, 1, -7, -25, 41)
(-72, 100, -5, -35, -111, 50)
(-67, 117, -9, -42, -127, 59)
(10, 127, -56, -14, -123, 101)
(-3, 127, -63, -73, -12, 78)
(-44, 108, -49, -85, 35, 46)
(-76, 64, -48, -58, 61, 11)
(-87, 39, -42, -32, 74, -20)
(-86, 39, -24, 2, 47, -52)
(-76, 53, -18, 48, -18, -64)
(-60, 66, -24, 65, -55, -61)
(-40, 76, -25, 74, -67, -49)
(-20, 81, -25, 65, -49, -42)
(-15, 77, -15, 45, -12, -45)
(-23, 63, -4, 31, 11, -46)
(-28, 51, 0, 30, 30, -38)
(-42, 43, -2, 19, 32, -29)
(-53, 32, -4, 1, 18, -15)
(-58, 17, -5, -9, 0, 0)
(-54, 4, -5, -16, -17, 14)
(-49, -9, -5, -26, -20, 29)
(-45, -20, -4, -35, -6, 41)
(-53, -29, -6, -36, 17, 53)
(-70, -30, -4, -33, 35, 65)
(-84, -20, -3, -38, 37, 73)
(-91, -29, -4, -57, 35, 71)
BatchID:  13




(-62, 2, -10, -2, 0, 0)
(-63, 2, -10, -2, 1, 0)
(-63, 3, -10, -2, 1, 0)
(-63, 2, -10, -2, 1, 0)
(-63, 2, -9, -2, 1, 0)
(-63, 2, -9, -1, 2, 0)
(-63, 3, -9, -1, 2, 1)
(-64, 2, -9, -1, 1, 1)
(-62, 2, -9, -1, 0, 1)
(-63, 2, -9, -1, 0, 2)
(-62, 2, -9, 0, 1, 1)
(-63, 2, -8, 0, 1, 1)
(-64, 2, -9, 0, 0, 1)
(-64, 2, -8, 0, 0, 2)
(-64, 0, -10, 0, 0, 1)
(-66, 0, -11, 0, 0, 1)
(-68, -1, -11, 0, -1, 0)
(-69, -2, -12, 1, -4, 0)
(-69, -3, -12, 2, -6, -2)
(-68, -7, -13, 3, -4, -3)
(-58, -26, -24, -5, 21, 1)
(-62, -45, -29, -4, 50, 5)
(-85, -60, -33, 1, 67, 4)
(-119, -82, -36, 0, 47, -5)
(-127, -124, -45, 15, 0, -20)
(-127, -127, -43, 42, -40, -47)
(-127, -127, -39, 69, -69, -64)
(-126, -109, -36, 80, -87, -89)
(-101, -93, -31, 66, -93, -115)
(-74, -80, -25, 51, -79, -127)
(-48, -63, -21, 35, -51, -126)
(-25, -53, -17, 22, -11, -102)
(-9, -38, -14, 30, 41, -67)
(-23, 10, -17, 62, 108, -1)
(-54, 53, 0, 59, 89, 14)
(-83, 61, 0, 14, 8, 32)
(-62, 83, 2, -6, -73, 43)
(-49, 104, 3, 0, -110, 56)
(-37, 127, 0, 51, -127, 92)
(-17, 127, -42, 64, -112, 110)
(-28, 127, -63, -42, -49, 96)
(-45, 127, -34, -97, -10, 64)
(-50, 103, -31, -91, 32, 29)
(-56, 71, -34, -58, 79, 0)
(-67, 66, -29, -17, 108, -27)
(-79, 64, -16, 15, 98, -42)
(-85, 63, 5, 56, 54, -44)
(-57, 90, -5, 99, -36, -36)
(-33, 89, -6, 63, -27, -29)
(-26, 67, 3, 24, -6, -22)
(-28, 44, 11, 11, 21, -8)
(-41, 25, 10, 9, 42, 3)
(-54, 11, 8, 1, 44, 16)
(-70, -3, 7, -2, 28, 35)
(-74, -7, 0, -8, 14, 56)
(-70, -10, -5, -27, 21, 69)
(-72, -22, -6, -42, 40, 75)
(-85, -30, -10, -47, 61, 81)
(-101, -38, -14, -57, 66, 83)
(-116, -47, -12, -64, 57, 83)
(-127, -53, -12, -68, 36, 78)
(-127, -50, -18, -76, 15, 68)
(-125, -52, -24, -89, 5, 52)
(-119, -64, -27, -89, 1, 35)
(-113, -71, -29, -78, 3, 19)
BatchID:  14



(-63, -3, -7, 0, 1, 1)
(-65, -4, -7, 0, 0, 1)
(-65, -3, -5, 2, -1, 1)
(-64, -2, -4, 2, -3, 1)
(-63, 0, -3, 1, -3, 1)
(-62, 0, -5, 0, -2, 1)
(-62, -1, -6, -2, -1, 2)
(-62, -3, -6, -2, 0, 3)
(-65, -3, -5, 0, 1, 3)
(-65, -4, -5, 1, 0, 3)
(-66, -1, -5, 1, -2, 2)
(-65, -1, -6, 0, -4, 2)
(-64, -2, -6, 0, -3, 1)
(-63, -3, -6, 0, -2, 1)
(-64, -3, -6, 0, -1, 1)
(-65, -2, -6, 0, 0, 1)
(-66, -2, -6, 0, -1, 1)
(-67, -4, -7, 0, -1, 0)
(-67, -6, -9, 0, -1, -1)
(-68, -10, -10, -2, -1, -2)
(-60, -43, -27, -13, 11, 2)
(-64, -67, -36, -13, 35, 11)
(-80, -87, -40, 0, 58, 14)
(-108, -94, -40, 20, 64, 7)
(-127, -99, -40, 37, 39, -13)
(-127, -100, -45, 44, -4, -36)
(-127, -93, -44, 52, -47, -60)
(-110, -86, -41, 53, -72, -82)
(-85, -77, -37, 55, -85, -102)
(-62, -68, -35, 46, -78, -110)
(-39, -64, -31, 33, -48, -99)
(-21, -61, -28, 32, -3, -74)
(-11, -52, -23, 41, 51, -39)
(-21, -35, -17, 58, 94, -4)
(-33, -11, -12, 68, 111, 24)
(-45, 16, -2, 58, 110, 39)
(-57, 38, 4, 47, 82, 38)
(-64, 52, 14, 22, 42, 27)
(-69, 69, 22, 6, -5, 11)
(-75, 94, 19, -11, -54, 8)
(-69, 125, 11, -8, -96, 36)
(-45, 127, -11, 10, -103, 81)
(-28, 127, -41, -20, -30, 89)
(-58, 122, -26, -46, 47, 67)
(-97, 89, -17, -27, 82, 32)
(-124, 72, -13, 1, 64, -2)
(-111, 77, -11, 29, 8, -37)
(-84, 91, -20, 46, -31, -60)
(-53, 92, -19, 50, -48, -65)
(-30, 92, -15, 52, -47, -58)
(-13, 93, -15, 49, -31, -47)
(-7, 87, -14, 34, 0, -36)
(-17, 74, -7, 19, 24, -25)
(-27, 58, -4, 10, 38, -13)
(-38, 39, -1, 1, 41, -6)
(-49, 18, 0, -10, 28, 1)
(-58, -5, 5, -14, 3, 12)
(-57, -16, 3, -11, -23, 28)
(-55, -12, -7, -20, -20, 44)
(-63, -21, -12, -41, -4, 59)
(-73, -43, -11, -57, 4, 66)
(-78, -60, -11, -61, 15, 66)
(-81, -60, -14, -59, 33, 65)
(-89, -53, -22, -70, 40, 65)
(-93, -54, -28, -84, 46, 66)
(-99, -59, -34, -90, 44, 61)
BatchID:  2




(-65, 0, -6, 3, -5, 2)
(-63, 1, -6, 2, -5, 2)
(-63, 3, -6, 0, -3, 4)
(-64, 2, -5, 0, -1, 6)
(-64, 2, -5, 0, -1, 7)
(-65, 2, -5, 0, -1, 8)
(-64, 2, -5, -1, -1, 9)
(-66, 0, -7, -1, -2, 8)
(-65, -1, -7, 0, -3, 8)
(-66, -4, -8, 1, -6, 7)
(-67, -3, -7, 4, -8, 6)
(-65, -3, -8, 5, -11, 5)
(-64, -3, -7, 6, -11, 5)
(-64, -3, -6, 7, -10, 5)
(-64, 0, -6, 7, -9, 4)
(-63, 1, -6, 5, -8, 4)
(-62, 1, -8, 3, -6, 4)
(-63, -1, -10, 0, -3, 4)
(-65, -7, -12, 0, -1, 3)
(-70, -15, -14, 0, -1, 0)
(-72, -28, -18, 1, -4, -2)
(-74, -63, -28, 2, 13, -2)
(-86, -80, -33, 8, 25, -5)
(-108, -93, -35, 18, 29, -16)
(-127, -100, -32, 31, 16, -33)
(-127, -94, -32, 48, -6, -52)
(-127, -75, -34, 57, -29, -74)
(-111, -63, -30, 57, -44, -95)
(-90, -55, -26, 54, -50, -115)
(-73, -48, -22, 48, -46, -126)
(-56, -42, -17, 41, -36, -123)
(-39, -38, -12, 35, -20, -106)
(-26, -35, -6, 32, 3, -78)
(-34, -23, -2, 36, 21, -52)
(-46, -12, 2, 25, 14, -29)
(-51, 0, 10, 15, -3, -16)
(-49, 21, 19, -4, -18, -13)
(-39, 27, 18, -23, -15, -10)
(-43, 37, 15, -32, -12, 2)
(-55, 45, 9, -35, -14, 29)
(-85, 60, 6, -30, -42, 53)
(-90, 73, 4, -30, -69, 62)
(-89, 80, 4, -13, -59, 61)
(-79, 88, 1, -10, -24, 55)
(-64, 84, -3, -14, 34, 44)
(-70, 72, -9, -12, 92, 30)
(-85, 62, -5, -5, 119, 17)
(-101, 58, -1, 10, 98, 0)
(-110, 54, 1, 24, 46, -19)
(-94, 51, 8, 44, -12, -38)
(-67, 62, 3, 58, -51, -48)
(-38, 68, 0, 60, -55, -49)
(-18, 70, 0, 58, -32, -45)
(-5, 68, -1, 49, 7, -36)
(-13, 56, -3, 36, 49, -25)
(-31, 40, 3, 31, 66, -14)
(-56, 14, 4, 30, 34, 9)
(-52, 4, 1, 22, 17, 22)
(-53, -7, 0, 12, 18, 31)
(-63, -16, -2, 1, 23, 40)
(-70, -34, -5, -12, 25, 49)
(-78, -47, -10, -22, 38, 63)
(-82, -60, -16, -32, 51, 71)
(-101, -78, -17, -31, 49, 58)
(-101, -87, -11, -16, 32, 40)
(-92, -72, -8, 2, 12, 28)
(-83, -57, -8, 1, -2, 23)
BatchID:  3




(-65, -4, -12, 0, -1, 0)
(-65, -4, -11, 0, 0, 0)
(-65, -4, -11, 1, 0, -1)
(-66, -3, -11, 0, 0, -2)
(-66, -3, -10, 0, -1, -3)
(-64, -3, -10, -1, -2, -4)
(-62, -4, -10, -3, -1, -4)
(-61, -5, -10, -3, 0, -4)
(-61, -5, -9, -2, 0, -3)
(-61, -4, -10, -2, 1, -1)
(-62, -2, -10, -2, 1, -1)
(-63, -1, -9, -3, 1, -1)
(-64, -1, -8, -4, 0, -1)
(-64, -2, -8, -4, 0, -1)
(-63, -1, -8, -5, -1, 0)
(-62, -2, -9, -6, 0, 0)
(-62, -4, -8, -6, 0, 0)
(-62, -5, -9, -6, 0, 1)
(-62, -6, -10, -5, 0, 1)
(-63, -7, -11, -4, -1, 1)
(-63, -7, -12, -3, -2, 2)
(-63, -8, -13, -3, -3, 3)
(-64, -8, -14, -2, -3, 4)
(-65, -12, -16, -3, -2, 4)
(-64, -16, -18, -2, 1, 6)
(-61, -21, -26, -3, 11, 9)
(-62, -36, -37, -9, 29, 17)
(-83, -67, -49, -8, 44, 20)
(-127, -127, -57, 21, 18, 0)
(-127, -127, -53, 48, -13, -31)
(-127, -127, -59, 62, -36, -64)
(-126, -122, -61, 70, -42, -101)
(-102, -109, -55, 64, -48, -127)
(-82, -105, -46, 65, -57, -127)
(-53, -86, -43, 58, -61, -127)
(-24, -72, -42, 49, -43, -127)
(-2, -69, -41, 53, 0, -100)
(-1, -57, -29, 71, 45, -41)
(-5, -31, -19, 89, 76, 11)
(-21, -1, -17, 101, 85, 42)
(-45, 25, -14, 107, 70, 54)
(-79, 61, 19, 17, 34, 44)
(-67, 74, 21, 13, -68, 27)
(-59, 79, 10, -8, -95, 35)
(-41, 95, 7, -5, -111, 85)
(-9, 112, -1, 25, -90, 127)
(4, 127, -18, 39, 8, 127)
(-62, 127, -20, 23, 87, 121)
(-127, 127, -16, -12, 71, 95)
(-127, 92, -11, -24, 50, 63)
(-127, 54, -4, -18, -23, 11)
(-81, 61, -19, 10, -44, -40)
(-47, 74, -33, 12, -34, -63)
(-20, 71, -30, 0, 7, -69)
(-26, 61, -17, 13, 41, -60)
(-35, 58, -8, 42, 44, -45)
(-40, 65, -5, 59, 41, -39)
(-48, 71, -3, 53, 30, -39)
(-46, 63, 2, 39, 23, -39)
(-46, 55, 4, 29, 16, -36)
(-43, 41, 2, 16, 8, -32)
(-43, 23, 1, 3, 6, -23)
(-41, 5, 5, -4, 9, -8)
(-44, -16, 12, -5, 13, 7)
(-58, -29, 14, 2, 14, 14)
(-76, -32, 10, 0, -1, 18)
(-67, -38, 8, -16, -19, 23)
(-51, -40, 6, -27, -17, 29)
(-43, -37, 0, -36, 2, 45)
(-47, -36, -11, -46, 27, 63)
(-56, -38, -18, -55, 53, 76)
BatchID:  4




(-64, -8, -14, -1, -1, 0)
(-64, -9, -15, 0, 0, 0)
(-63, -9, -15, 1, 0, 0)
(-64, -5, -14, 4, 0, 1)
(-63, -3, -14, 3, 0, 0)
(-63, -2, -15, 2, 0, 1)
(-63, -2, -14, 1, 1, 1)
(-64, -4, -14, 2, 1, 1)
(-65, -1, -14, 4, 0, 1)
(-65, 0, -13, 5, -1, 1)
(-63, -1, -12, 4, -3, 2)
(-62, -2, -12, 4, -2, 2)
(-63, -5, -13, 3, -1, 2)
(-64, -8, -14, 4, -2, 1)
(-64, -7, -11, 6, -3, 1)
(-64, -5, -12, 6, -4, 0)
(-63, -4, -14, 3, -3, 0)
(-62, -6, -14, 1, -1, 0)
(-62, -6, -15, 0, 0, 0)
(-64, -5, -13, 1, 2, 0)
(-64, -3, -13, 3, 0, 0)
(-64, 0, -14, 4, 0, 0)
(-62, 1, -14, 3, 0, 0)
(-61, 0, -15, 3, 1, -1)
(-62, -3, -16, 3, 2, -1)
(-62, -11, -16, 3, 3, 0)
(-61, -23, -17, 0, 6, -1)
(-60, -41, -27, -9, 13, 0)
(-64, -62, -37, -16, 32, 5)
(-86, -83, -46, -11, 43, 4)
(-127, -127, -56, 12, 25, -22)
(-127, -127, -55, 52, -4, -40)
(-120, -107, -50, 74, -35, -69)
(-101, -94, -47, 74, -56, -98)
(-77, -83, -43, 68, -61, -117)
(-30, -66, -32, 51, -25, -113)
(-19, -49, -25, 54, 7, -87)
(-25, -31, -18, 52, 26, -55)
(-38, -9, -6, 48, 22, -25)
(-57, 10, 2, 30, -19, -3)
(-50, 27, 2, 20, -71, 8)
(-29, 45, 7, 4, -77, 17)
(-15, 63, 10, 5, -56, 35)
(-23, 85, 9, 10, -27, 63)
(-54, 102, 6, 4, -19, 96)
(-72, 102, 13, 0, -30, 120)
(-73, 106, 24, 4, -28, 118)
(-73, 112, 18, 4, -20, 95)
(-79, 103, 3, -16, 7, 71)
(-93, 81, 0, -33, 31, 47)
(-101, 61, 0, -35, 30, 24)
(-91, 41, 0, -26, 23, 0)
(-81, 37, -3, -8, 22, -27)
(-73, 42, -5, 11, 16, -45)
(-66, 49, -3, 34, 9, -53)
(-24, 36, -6, 1, 19, -14)
(-31, 15, -11, -13, 40, 3)
(-47, -8, -13, -15, 49, 20)
(-73, -28, -4, -11, 37, 32)
(-79, -38, -3, -5, 5, 39)
(-69, -27, -6, -12, 5, 38)
(-69, -8, -13, -32, 16, 40)
(-72, -10, -21, -56, 37, 49)
(-77, -23, -25, -68, 50, 55)
BatchID:  5




(-72, -3, -13, 4, 1, 6)
(-71, -4, -13, 3, 0, 3)
(-71, -5, -12, 5, -2, 1)
(-68, -5, -12, 6, -5, 0)
(-65, -4, -11, 7, -6, 0)
(-62, -4, -11, 7, -5, 0)
(-62, -4, -10, 7, -3, 0)
(-63, -4, -10, 6, -1, 1)
(-64, -3, -9, 6, 0, 1)
(-64, -3, -8, 5, 0, 2)
(-64, -3, -8, 4, -1, 2)
(-64, -3, -8, 4, 0, 2)
(-65, -4, -8, 3, 0, 1)
(-65, -4, -9, 3, -1, 1)
(-67, -6, -10, 3, -2, 0)
(-69, -13, -9, 1, -6, -2)
(-66, -23, -13, -2, -7, -4)
(-64, -43, -23, -11, -2, -4)
(-69, -64, -29, -14, 9, -2)
(-82, -91, -38, -9, 16, -1)
(-98, -110, -49, -1, 27, -2)
(-124, -118, -55, 51, 41, -34)
(-127, -101, -43, 65, 17, -60)
(-117, -85, -40, 76, -22, -89)
(-93, -66, -34, 72, -49, -112)
(-63, -56, -29, 54, -61, -120)
(-37, -51, -26, 37, -50, -108)
(-22, -46, -24, 31, -18, -78)
(-28, -36, -19, 35, 7, -41)
(-34, -22, -9, 30, 23, -10)
(-43, -8, 0, 25, 19, 9)
(-47, 12, 2, 20, 0, 16)
(-60, 29, 8, 8, -25, 14)
(-73, 40, 14, 0, -79, 13)
(-19, 62, 5, 2, -87, 56)
(-8, 81, 2, 16, -36, 80)
(-48, 100, -4, 6, 14, 79)
(-88, 88, 4, -23, 14, 77)
(-105, 69, 24, -18, -19, 60)
(-90, 67, 14, 2, -62, 39)
(-69, 75, -2, -8, -51, 23)
(-53, 64, -4, -21, -19, 9)
(-59, 49, 1, -16, 19, -5)
(-63, 40, 7, -1, 36, -20)
(-63, 43, 7, 18, 45, -34)
(-62, 53, 8, 29, 44, -43)
(-55, 58, 10, 36, 42, -47)
(-51, 66, 10, 37, 41, -46)
(-46, 68, 9, 30, 41, -42)
(-47, 63, 9, 23, 39, -36)
(-45, 52, 9, 17, 35, -28)
(-43, 42, 6, 12, 35, -19)
(-43, 28, 3, 6, 32, -9)
(-45, 12, 1, 1, 30, 4)
(-46, -2, -1, 0, 28, 19)
(-52, -11, -2, 1, 29, 35)
(-63, -16, -5, 0, 29, 49)
(-74, -19, -6, -4, 26, 61)
(-80, -25, -6, -11, 21, 66)
(-82, -31, -8, -15, 21, 67)
(-86, -32, -12, -21, 28, 64)
(-90, -40, -17, -38, 24, 64)
(-89, -43, -19, -45, 20, 69)
(-89, -50, -21, -47, 20, 70)
(-93, -52, -25, -45, 20, 65)
(-98, -51, -26, -44, 20, 58)
(-102, -49, -28, -42, 17, 48)
BatchID:  6




(-64, -5, -10, 4, 1, 2)
(-64, -4, -10, 4, 0, 2)
(-63, -3, -9, 3, 0, 2)
(-63, -3, -10, 2, 1, 2)
(-63, -4, -9, 1, 2, 2)
(-64, -4, -9, 0, 2, 3)
(-64, -5, -9, 0, 1, 2)
(-64, -5, -9, 0, 1, 1)
(-64, -6, -9, 0, 1, 1)
(-65, -7, -8, 0, 0, 1)
(-63, -7, -9, 0, 0, 1)
(-63, -6, -8, 0, 1, 2)
(-63, -6, -9, -1, 1, 2)
(-64, -7, -9, -1, 2, 2)
(-65, -8, -10, -1, 2, 2)
(-66, -9, -10, 0, 1, 2)
(-67, -9, -11, 1, 0, 1)
(-67, -8, -9, 2, -2, 1)
(-67, -7, -9, 2, -2, 0)
(-67, -7, -9, 1, -3, -1)
(-67, -9, -10, 0, -3, -2)
(-65, -12, -11, 0, -3, -3)
(-59, -17, -15, -4, 3, -1)
(-57, -30, -19, -10, 15, 2)
(-58, -49, -24, -13, 33, 8)
(-73, -73, -28, -14, 48, 11)
(-97, -102, -33, -11, 45, 5)
(-127, -127, -46, 10, 7, -23)
(-121, -127, -51, 25, -9, -43)
(-96, -127, -51, 38, -15, -65)
(-73, -113, -53, 46, -4, -83)
(-59, -99, -56, 55, 14, -90)
(-59, -83, -56, 65, 30, -85)
(-73, -59, -46, 72, 17, -75)
(-60, -19, -31, 53, -40, -33)
(-44, -3, -25, 57, -52, -15)
(-33, 11, -18, 64, -53, 0)
(-22, 55, 3, 47, -45, 15)
(-29, 56, 7, 39, -56, 25)
(-23, 75, 6, 24, -56, 37)
(-23, 92, 8, 10, -39, 54)
(-33, 112, 5, 0, -31, 72)
(-46, 123, 3, -16, -30, 96)
(-56, 115, 7, -26, -17, 109)
(-66, 109, 10, -24, -1, 102)
(-80, 103, 6, -25, 9, 79)
(-86, 88, -5, -37, 25, 48)
(-78, 67, -14, -45, 49, 13)
(-67, 53, -16, -35, 73, -16)
(-64, 50, -16, -13, 91, -37)
(-64, 48, -11, 11, 90, -47)
(-65, 50, -4, 38, 77, -50)
(-70, 63, 0, 57, 49, -52)
(-68, 72, 0, 57, 19, -55)
(-60, 68, 3, 46, 0, -55)
(-52, 58, 9, 36, -9, -53)
(-47, 48, 9, 28, -15, -47)
(-44, 39, 5, 20, -15, -36)
(-37, 28, -1, 8, -8, -22)
(-33, 17, -7, -2, 7, -7)
(-38, 4, -13, -13, 18, 4)
(-69, -26, -18, -26, 3, 31)
(-72, -38, -18, -24, -20, 48)
(-63, -50, -18, -25, -24, 58)
(-57, -57, -14, -21, -11, 62)
(-65, -43, -15, -18, 8, 67)
(-69, -38, -19, -39, 18, 72)
(-75, -43, -19, -50, 24, 76)
BatchID:  7




(-64, -4, -14, 3, -1, 0)
(-63, -4, -14, 2, -1, 0)
(-63, -5, -15, 2, 0, 0)
(-64, -5, -15, 3, 0, 0)
(-64, -6, -14, 4, -1, 0)
(-62, -4, -13, 5, -2, 0)
(-61, -3, -13, 5, -2, 0)
(-61, -3, -13, 4, -1, 0)
(-62, -4, -14, 4, 0, 1)
(-63, -2, -14, 6, -1, 2)
(-63, -2, -13, 5, -2, 2)
(-61, -3, -14, 5, -2, 2)
(-61, -4, -15, 5, -1, 3)
(-62, -6, -15, 5, 0, 3)
(-63, -7, -16, 5, 0, 3)
(-64, -9, -17, 5, 1, 2)
(-64, -18, -19, 3, 1, 2)
(-65, -39, -25, 0, 1, 2)
(-70, -62, -32, 0, 8, 4)
(-74, -83, -40, 6, 18, 6)
(-91, -103, -44, 9, 32, 2)
(-112, -127, -49, 8, 39, -12)
(-127, -127, -59, 31, 25, -30)
(-127, -127, -60, 51, 1, -58)
(-124, -112, -54, 65, -33, -85)
(-103, -97, -48, 73, -59, -103)
(-75, -79, -43, 72, -66, -110)
(-45, -65, -40, 65, -47, -101)
(-20, -52, -37, 63, -6, -77)
(-23, -32, -31, 69, 35, -46)
(-37, -8, -24, 63, 49, -19)
(-45, 27, -6, 38, 42, -1)
(-61, 28, 0, 15, -7, 6)
(-49, 41, 1, 10, -52, 8)
(-52, 60, 4, 6, -74, 10)
(-64, 88, 7, 7, -119, 28)
(-65, 126, 5, 40, -127, 81)
(-25, 127, -8, 103, -127, 127)
(15, 127, -43, 39, -32, 121)
(-36, 127, -24, -64, 74, 56)
(-79, 104, -21, -82, 110, 6)
(-107, 64, -21, -50, 127, -10)
(-114, 76, -4, -7, 107, -36)
(-95, 81, -3, 32, 59, -58)
(-89, 90, 3, 50, 22, -68)
(-65, 95, 6, 65, -15, -66)
(-41, 96, 1, 63, -21, -63)
(-32, 87, 2, 35, -6, -56)
(-31, 62, 9, 4, 4, -42)
(-27, 32, 11, -18, 9, -22)
(-30, 0, 11, -30, 13, 0)
(-45, -29, 5, -24, -9, 44)
(-48, -27, -4, -41, -4, 66)
(-48, -42, -11, -66, 8, 83)
(-54, -58, -19, -81, 31, 98)
(-72, -63, -30, -81, 60, 110)
(-101, -65, -41, -75, 73, 118)
(-127, -69, -43, -79, 72, 116)
(-127, -80, -40, -75, 45, 104)
(-127, -89, -42, -60, 19, 81)
(-127, -86, -43, -46, -3, 60)
(-126, -80, -42, -35, -22, 34)
(-107, -73, -42, -25, -30, 13)
(-88, -68, -41, -20, -29, 0)
(-70, -66, -40, -13, -24, -9)
(-58, -60, -39, 0, -16, -16)
(-54, -52, -37, 16, -7, -18)
(-59, -42, -30, 30, -5, -14)
(-61, -25, -21, 37, -11, -13)
BatchID:  8




(-63, -5, -11, -1, -1, 0)
(-62, -5, -11, -1, 0, 0)
(-63, -6, -12, -1, 0, 0)
(-63, -6, -11, -1, 1, 0)
(-64, -6, -12, -1, 1, 0)
(-65, -6, -11, -1, 0, 0)
(-64, -6, -11, -1, 0, 0)
(-63, -6, -11, -1, -1, 0)
(-62, -7, -12, 0, -1, 0)
(-62, -6, -11, 0, 0, 0)
(-63, -4, -10, 0, 0, 1)
(-64, -3, -11, 0, 0, 1)
(-64, -3, -11, 0, 0, 1)
(-65, -5, -12, -1, 0, 1)
(-64, -5, -12, 0, 0, 1)
(-64, -6, -12, 0, 0, 1)
(-65, -5, -12, 0, 0, 1)
(-65, -5, -11, 0, 0, 0)
(-65, -5, -12, 0, 0, 0)
(-64, -6, -12, 0, 0, 0)
(-64, -6, -13, 0, 0, -1)
(-64, -7, -13, -1, 0, -2)
(-62, -9, -15, -1, 0, -2)
(-58, -16, -17, -3, 5, 0)
(-56, -35, -23, -10, 18, 4)
(-64, -68, -33, -13, 34, 10)
(-88, -106, -36, -12, 47, 14)
(-120, -127, -39, -6, 41, 9)
(-127, -127, -51, 22, 23, -2)
(-127, -127, -64, 40, 1, -27)
(-127, -127, -67, 50, -19, -62)
(-110, -127, -67, 35, -29, -102)
(-75, -114, -71, 31, -28, -127)
(-47, -105, -75, 53, 0, -127)
(-38, -78, -68, 90, 36, -113)
(-35, -37, -50, 107, 53, -70)
(-32, 0, -37, 122, 59, -21)
(-33, 36, -32, 127, 46, 15)
(-35, 123, 12, 90, 16, 43)
(-53, 96, -7, 23, -39, 57)
(-41, 111, 0, 7, -98, 55)
(-44, 127, 4, 5, -112, 74)
(-36, 127, 0, 22, -101, 113)
(-26, 127, -25, 3, -60, 117)
(-56, 127, -26, -51, -5, 99)
(-85, 99, -12, -55, 30, 66)
(-99, 59, -10, -34, 52, 31)
(-88, 46, -11, -10, 45, -9)
(-74, 63, -21, 11, 43, -40)
(-66, 68, -24, 13, 43, -58)
(-61, 69, -4, 57, 0, -53)
(-50, 87, -9, 67, -18, -46)
(-38, 96, -13, 53, -14, -45)
(-37, 92, -9, 30, 0, -47)
(-40, 71, 0, 14, 6, -44)
(-47, 51, 4, 12, 3, -37)
(-46, 36, 0, 4, -9, -26)
(-44, 14, -1, -8, -16, -13)
(-48, -6, 1, -13, -8, 3)
(-57, -16, 9, -7, -10, 22)
(-54, -15, 7, -10, -18, 37)
(-56, -24, 0, -30, -4, 49)
(-61, -40, 0, -52, 13, 62)
(-67, -56, -2, -69, 21, 72)
(-71, -67, -7, -67, 30, 83)
(-78, -70, -12, -78, 46, 90)
(-92, -66, -17, -85, 44, 93)
(-100, -66, -29, -98, 33, 95)
(-111, -74, -37, -102, 28, 96)
(-121, -88, -44, -83, 17, 90)
BatchID:  9




(-65, -4, -12, 0, 0, 1)
(-64, -4, -12, 0, 0, 0)
(-64, -4, -12, 0, -1, 0)
(-63, -5, -12, 0, -1, 0)
(-63, -5, -12, 0, 0, 0)
(-63, -4, -12, 0, 0, 0)
(-64, -4, -12, 0, 0, 0)
(-64, -3, -12, 0, 0, 0)
(-64, -4, -12, 0, 0, 0)
(-63, -3, -12, 0, -1, 0)
(-63, -3, -12, 0, 0, 0)
(-62, -2, -12, -1, 0, 0)
(-62, -3, -12, -1, 1, 1)
(-63, -3, -13, -1, 2, 1)
(-64, -4, -14, -2, 2, 1)
(-66, -7, -14, -1, 1, 0)
(-67, -13, -15, -1, 0, -1)
(-65, -22, -19, -5, 0, -2)
(-63, -39, -27, -11, 6, -1)
(-63, -61, -36, -18, 23, 2)
(-69, -89, -45, -24, 50, 6)
(-98, -119, -58, -19, 68, 5)
(-127, -127, -72, 13, 56, -11)
(-127, -114, -62, 83, -15, -81)
(-124, -89, -55, 87, -69, -116)
(-91, -71, -54, 80, -95, -127)
(-59, -64, -52, 62, -92, -127)
(-28, -62, -47, 48, -60, -127)
(-9, -56, -37, 47, -10, -112)
(0, -34, -25, 52, 39, -67)
(-4, -13, -18, 54, 76, -19)
(-30, 6, -14, 63, 81, 14)
(-74, 29, 4, 32, 43, 36)
(-81, 36, 13, 36, -64, 45)
(-54, 58, 12, 19, -100, 37)
(-42, 82, 12, 16, -106, 41)
(-26, 106, 8, 34, -86, 84)
(-47, 127, -8, 48, -52, 105)
(-121, 111, 17, -9, -52, 92)
(-127, 88, 21, 9, -112, 48)
(-88, 92, -2, 11, -109, 4)
(-62, 91, -10, -7, -65, -26)
(-39, 81, -3, -22, -12, -48)
(-38, 63, 4, -4, 36, -59)
(-35, 63, 0, 9, 35, -52)
(-30, 57, -1, 15, 42, -43)
(-32, 50, 3, 19, 51, -31)
(-37, 37, 7, 16, 50, -24)
(-43, 22, 12, 13, 42, -15)
(-42, 5, 15, 12, 26, -1)
(-41, -6, 14, 9, 21, 18)
(-42, -18, 11, 0, 30, 39)
(-56, -38, 14, -8, 40, 61)
(-69, -38, 16, -3, 47, 75)
(-72, -18, 3, -20, 55, 81)
(-75, -24, -7, -47, 69, 81)
(-86, -37, -11, -56, 81, 81)
(-100, -42, -17, -57, 74, 85)
(-112, -51, -21, -53, 57, 92)
(-116, -52, -21, -49, 38, 91)
(-113, -56, -19, -43, 23, 86)
(-112, -57, -17, -35, 14, 73)
(-108, -53, -15, -30, 7, 59)
(-105, -49, -16, -31, 3, 46)
BatchID:  10




(-65, -4, -7, 7, 0, 2)
(-65, -4, -7, 7, 0, 1)
(-65, -5, -6, 7, -1, 1)
(-64, -5, -5, 7, -2, 1)
(-64, -4, -7, 5, -2, 1)
(-63, -6, -7, 4, -1, 1)
(-63, -9, -9, 4, -1, 1)
(-64, -11, -9, 5, 0, 1)
(-65, -12, -10, 7, 0, 1)
(-65, -12, -9, 9, 0, 0)
(-66, -12, -8, 10, 0, 0)
(-68, -12, -9, 10, -1, 0)
(-68, -13, -9, 10, -2, -1)
(-68, -12, -9, 11, -2, -3)
(-67, -10, -8, 13, -2, -4)
(-66, -8, -7, 14, -3, -4)
(-67, -5, -8, 14, -3, -4)
(-65, -8, -7, 12, -3, -4)
(-63, -17, -8, 9, -1, -4)
(-61, -34, -12, 2, 8, -2)
(-66, -62, -18, -6, 21, 1)
(-83, -90, -18, -7, 36, 2)
(-112, -108, -20, 0, 33, -9)
(-127, -127, -30, 6, 4, -27)
(-127, -127, -39, 19, -27, -56)
(-120, -121, -43, 28, -45, -78)
(-96, -102, -40, 31, -49, -95)
(-71, -89, -34, 33, -36, -106)
(-47, -77, -29, 34, -9, -105)
(-23, -65, -24, 35, 29, -89)
(-18, -43, -21, 48, 72, -62)
(-39, -8, -13, 52, 88, -37)
(-88, 14, 1, 16, 36, -17)
(-80, 29, 7, -5, -53, -9)
(-64, 41, 15, -15, -93, -11)
(-40, 59, 14, -12, -112, 11)
(-11, 94, 17, 0, -72, 63)
(9, 127, 6, 29, 14, 112)
(-48, 127, -11, 19, 107, 107)
(-127, 127, -12, -36, 95, 88)
(-127, 102, 13, -47, 53, 61)
(-113, 81, -9, 32, -85, -35)
(-69, 99, -18, 19, -83, -62)
(-32, 81, -16, 9, -53, -76)
(-17, 70, -10, 19, -2, -75)
(-19, 70, -5, 38, 28, -65)
(-29, 72, -7, 42, 54, -41)
(-36, 62, -7, 26, 54, -32)
(-39, 43, -4, 13, 45, -25)
(-38, 23, -1, 3, 26, -21)
(-33, 3, 0, 2, 6, -13)
(-29, -7, -2, 8, -7, 0)
(-26, -14, -6, 8, -5, 22)
(-30, -23, -7, 1, 6, 46)
(-43, -37, -2, -7, 17, 67)
(-59, -48, 3, -12, 14, 83)
(-62, -50, 1, -18, 17, 91)
(-74, -40, -3, -32, 32, 96)
(-82, -38, -7, -54, 42, 96)
(-92, -41, -15, -69, 51, 93)
(-111, -54, -27, -83, 46, 82)
(-122, -61, -35, -77, 38, 74)
(-127, -64, -37, -71, 26, 61)
(-123, -74, -36, -57, 10, 42)
(-112, -72, -32, -37, -2, 20)
(-100, -63, -33, -24, -13, 1)
(-88, -55, -31, -16, -18, -7)
(-76, -47, -29, -5, -21, -11)
(-69, -38, -25, 3, -17, -12)
(-64, -29, -22, 10, -11, -13)
(-63, -22, -18, 14, -7, -16)
BatchID:  11




(-65, -4, -7, 0, -1, 0)
(-64, -4, -7, 0, -2, 0)
(-63, -4, -8, 0, -1, 0)
(-64, -4, -8, 0, 1, 0)
(-65, -4, -7, 0, 0, 0)
(-64, -5, -7, 0, 0, 0)
(-64, -3, -7, 0, -1, 0)
(-63, -3, -7, 0, -1, 0)
(-62, -4, -6, 0, 0, 0)
(-62, -3, -6, 0, 1, 1)
(-63, -3, -6, -1, 2, 2)
(-64, -4, -6, -1, 2, 2)
(-65, -5, -7, -2, 1, 1)
(-66, -5, -7, -1, 0, 1)
(-66, -6, -8, -1, 0, 1)
(-66, -8, -9, 0, 0, 0)
(-67, -13, -10, -2, 0, 0)
(-63, -24, -13, -5, 4, -1)
(-60, -42, -22, -15, 13, 1)
(-66, -72, -29, -20, 34, 6)
(-87, -103, -34, -11, 47, 5)
(-117, -121, -35, 8, 42, -5)
(-127, -127, -41, 33, 18, -25)
(-127, -116, -45, 57, -12, -51)
(-123, -87, -47, 66, -36, -77)
(-104, -80, -44, 54, -54, -100)
(-77, -78, -41, 47, -61, -119)
(-54, -73, -40, 41, -51, -125)
(-35, -72, -37, 36, -22, -112)
(-43, -70, -29, 43, 5, -92)
(-49, -58, -18, 39, 11, -60)
(-39, -41, -14, 33, 18, -30)
(-35, -20, -14, 33, 29, -7)
(-38, 2, -6, 36, 36, 7)
(-54, 24, 6, 24, 16, 15)
(-71, 48, 5, 25, -36, 19)
(-69, 67, 1, 7, -89, 29)
(-53, 81, 3, 9, -116, 45)
(-47, 106, 3, 42, -108, 78)
(-41, 127, -1, 77, -55, 115)
(-51, 127, -13, 78, 31, 119)
(-80, 127, -22, 28, 93, 82)
(-106, 127, -18, -23, 115, 24)
(-115, 89, -8, -34, 112, -29)
(-107, 65, -3, -1, 56, -61)
(-81, 76, -7, 34, 12, -76)
(-56, 89, -6, 45, -16, -76)
(-32, 84, -6, 50, -24, -70)
(-15, 79, -6, 50, -13, -63)
(-11, 68, 0, 41, 7, -55)
(-20, 57, 6, 32, 22, -41)
(-20, 43, 8, 15, 26, -26)
(-32, 0, 5, -20, 31, 9)
(-49, -21, 11, -23, 17, 31)
(-50, -31, 9, -15, -5, 54)
(-48, -32, 1, -22, 2, 73)
(-55, -47, 0, -38, 17, 90)
(-73, -61, 2, -44, 38, 103)
(-91, -57, 0, -49, 54, 109)
(-103, -48, -5, -66, 61, 106)
(-118, -43, -14, -83, 65, 94)
(-127, -46, -25, -101, 51, 80)
(-127, -68, -31, -106, 33, 67)
(-127, -89, -29, -88, 12, 60)
(-127, -95, -26, -62, -6, 49)
(-114, -74, -25, -43, -14, 27)
(-83, -51, -33, -50, -13, -8)
BatchID:  12




(-65, -5, -6, 0, -2, 0)
(-65, -5, -6, 0, -2, 0)
(-64, -6, -7, 0, -2, 0)
(-64, -5, -7, 0, -1, 0)
(-64, -5, -7, 0, 0, 0)
(-65, -5, -7, 0, 0, 0)
(-65, -5, -7, -1, 0, 0)
(-65, -5, -6, -1, -1, 0)
(-64, -5, -7, -1, -1, 0)
(-64, -5, -7, -1, -1, 0)
(-64, -5, -7, -1, -1, 0)
(-64, -5, -7, -1, -1, 0)
(-65, -5, -7, -1, 0, 0)
(-65, -6, -7, -1, -1, 0)
(-64, -6, -7, 0, 0, 0)
(-65, -6, -7, 0, 0, 0)
(-65, -6, -7, 0, 0, 0)
(-65, -7, -7, 0, 0, 0)
(-66, -6, -7, 0, 0, 0)
(-65, -7, -7, 0, 0, 0)
(-66, -8, -7, 0, -1, -1)
(-66, -9, -8, 0, -2, -1)
(-64, -11, -10, 0, -1, -2)
(-61, -16, -12, -2, 4, 0)
(-57, -28, -17, -7, 15, 1)
(-58, -45, -23, -10, 33, 5)
(-75, -67, -29, -6, 47, 6)
(-96, -90, -34, -6, 40, 0)
(-118, -118, -39, 3, 16, -13)
(-127, -127, -45, 13, -4, -29)
(-124, -127, -50, 36, -20, -48)
(-112, -125, -50, 54, -30, -70)
(-97, -114, -45, 61, -38, -95)
(-76, -100, -42, 60, -39, -114)
(-53, -87, -41, 53, -20, -117)
(-28, -64, -27, 54, 53, -72)
(-46, -36, -21, 61, 55, -41)
(-45, -15, -16, 51, 49, -10)
(-40, -1, -11, 54, 40, 13)
(-47, 29, 6, 58, 17, 27)
(-53, 47, 9, 39, -22, 33)
(-37, 95, 16, 8, -61, 59)
(-30, 127, 9, 35, -44, 110)
(-52, 127, -17, 54, -13, 125)
(-105, 127, -30, -20, -1, 111)
(-119, 127, -10, -57, 2, 76)
(-123, 84, -6, -42, -10, 28)
(-62, 75, -32, -2, -6, -46)
(-50, 74, -31, -4, 25, -67)
(-48, 61, -16, 14, 33, -70)
(-48, 59, -9, 48, 22, -62)
(-42, 73, -11, 66, 13, -53)
(-33, 79, -11, 57, 20, -48)
(-35, 72, -5, 42, 29, -45)
(-39, 60, 0, 27, 28, -39)
(-36, 43, 1, 15, 26, -31)
(-36, 22, 0, 2, 22, -26)
(-41, -1, 2, -6, 17, -16)
(-49, -25, 12, -3, 5, 0)
(-46, -32, 10, 8, -13, 17)
(-40, -23, 3, 0, 1, 35)
(-44, -24, 0, -22, 23, 50)
(-54, -34, -1, -38, 37, 59)
(-66, -46, -5, -56, 45, 67)
(-78, -56, -8, -65, 47, 76)
(-88, -56, -14, -64, 41, 86)
(-93, -52, -19, -69, 32, 90)
(-97, -51, -21, -73, 29, 91)
BatchID:  13




(-64, -8, -4, 1, 0, 0)
(-64, -8, -4, 1, 0, 0)
(-65, -8, -4, 1, 0, 0)
(-64, -8, -4, 1, 0, 1)
(-64, -7, -5, 1, 0, 0)
(-64, -7, -5, 0, 0, 0)
(-63, -7, -5, 0, 0, 1)
(-63, -7, -5, 0, 1, 1)
(-63, -7, -6, 0, 1, 2)
(-63, -6, -5, 0, 1, 2)
(-63, -5, -6, 0, 2, 3)
(-63, -6, -6, -1, 3, 3)
(-64, -6, -6, -1, 3, 3)
(-65, -6, -6, -1, 4, 3)
(-65, -8, -7, -1, 3, 3)
(-65, -9, -6, -1, 2, 3)
(-66, -12, -6, 0, 2, 2)
(-65, -16, -6, 0, 2, 2)
(-60, -25, -9, -3, 10, 4)
(-56, -38, -10, -5, 26, 8)
(-63, -54, -15, -6, 45, 10)
(-85, -75, -19, -5, 51, 6)
(-109, -94, -18, -4, 37, -2)
(-120, -117, -22, 3, 12, -14)
(-119, -127, -28, 17, -7, -25)
(-106, -124, -32, 29, -12, -40)
(-96, -116, -38, 28, -14, -57)
(-85, -119, -42, 19, -7, -70)
(-72, -123, -42, 27, 6, -78)
(-66, -108, -40, 48, 24, -82)
(-73, -78, -38, 52, 21, -80)
(-70, -53, -34, 41, 6, -67)
(-68, -34, -29, 45, -15, -51)
(-58, -16, -20, 53, -39, -37)
(-45, 5, -10, 69, -61, -24)
(-37, 40, 0, 40, -94, -5)
(-24, 62, 0, 44, -118, 20)
(-11, 81, 7, 43, -105, 56)
(4, 120, 13, 66, -56, 106)
(-9, 127, -2, 101, 14, 127)
(-70, 127, -21, 59, 58, 127)
(-127, 127, -17, -33, 48, 86)
(-127, 68, -1, -59, -1, -26)
(-84, 76, -15, -6, -30, -69)
(-50, 103, -33, 8, -18, -91)
(-28, 100, -29, -7, 15, -97)
(-32, 76, -9, 13, 25, -86)
(-29, 69, -4, 50, 16, -69)
(-24, 79, -9, 57, 21, -58)
(-25, 73, -7, 27, 33, -53)
(-29, 53, 0, -3, 36, -47)
(-28, 23, 4, -27, 37, -36)
(-28, -11, 7, -38, 34, -17)
(-36, -36, 11, -24, 17, 12)
(-34, -37, 1, -5, 15, 43)
(-42, -26, -6, -9, 37, 67)
(-55, -29, -4, -21, 50, 81)
(-72, -46, -1, -31, 52, 83)
(-86, -58, -2, -43, 41, 78)
(-89, -62, -7, -51, 30, 78)
(-89, -56, -13, -58, 19, 81)
(-90, -49, -20, -68, 16, 87)
(-90, -54, -25, -80, 16, 89)
(-96, -60, -29, -78, 24, 87)
BatchID:  14
