

(-17, 49, -20, 0, 0, 0)
(-16, 48, -19, 0, 0, 0)
(-16, 49, -21, 0, 1, 0)
(-17, 48, -22, 0, 1, 0)
(-18, 48, -22, 0, 0, 0)
(-18, 49, -20, 0, 0, 0)
(-18, 50, -20, 0, 0, 0)
(-18, 50, -20, 0, 0, 0)
(-18, 49, -19, 0, -1, 0)
(-17, 48, -21, 0, -1, 0)
(-17, 48, -21, 0, -1, 0)
(-17, 48, -21, 0, -1, 0)
(-17, 48, -22, 0, -1, 0)
(-17, 48, -22, 0, -1, 0)
(-17, 48, -21, 0, -1, 0)
(-17, 48, -21, 0, -1, 0)
(-17, 49, -19, 0, -1, 0)
(-20, 50, -19, 1, 0, 0)
(-25, 52, -21, 2, -1, -3)
(-33, 60, -21, 6, -1, -5)
(-48, 71, -17, 9, 0, -7)
(-75, 94, -3, 1, 9, -20)
(-95, 102, -8, 35, 32, -60)
(-127, 119, -36, 60, 83, -127)
(-127, 127, -73, 68, 127, -127)
(-127, 127, -119, 88, 43, -127)
(-127, 127, -127, 86, -63, -127)
(-127, 127, -127, 113, -127, -127)
(-127, 127, -127, 113, -127, -127)
(-127, 127, -127, 119, -127, -127)
(-96, 127, -127, 127, -127, -127)
(-47, 127, -127, 127, -127, -127)
(18, 127, -127, 127, -127, -127)
(75, 127, -127, 102, -127, -127)
(89, 105, -96, 66, -127, -127)
(86, 61, -75, 48, -127, -127)
(119, 34, -71, 50, -127, -110)
(127, 22, -55, 60, -92, -86)
(127, 18, -19, 84, -51, -58)
(99, 26, 14, 99, -35, -26)
(89, 58, 36, 45, -76, -3)
(127, 42, 5, -3, -44, -3)
(124, 30, 8, -30, 6, 12)
(100, 19, 14, -19, 32, 36)
(68, 18, 7, 2, 35, 61)
(53, 24, -3, 17, 18, 78)
(51, 34, -11, 0, -1, 90)
(60, 34, -11, -38, 7, 95)
(59, 20, -8, -50, 32, 94)
(52, 11, -6, -43, 57, 90)
(40, 11, -8, -31, 77, 88)
(36, 14, -15, -32, 86, 88)
(34, 16, -22, -45, 93, 90)
(26, 15, -32, -62, 104, 92)
(18, 14, -45, -78, 113, 94)
(6, 19, -65, -82, 123, 99)
(-13, 26, -79, -79, 127, 110)
(-35, 33, -80, -76, 120, 127)
(-62, 42, -73, -62, 102, 127)
(-82, 54, -79, -54, 83, 127)
(-95, 60, -84, -74, 67, 127)
(-98, 59, -87, -83, 59, 127)
(-105, 63, -85, -60, 38, 127)
(-111, 76, -84, -24, 18, 127)
(-111, 127, -50, -15, 8, 127)
(-127, 118, -68, -32, -2, 127)
(-127, 124, -81, -16, -21, 127)
(-120, 127, -62, -7, -15, 127)
BatchID:  2




(-21, 46, -26, 0, 0, 0)
(-21, 46, -26, 0, 0, 0)
(-22, 46, -26, 0, -2, 1)
(-22, 47, -24, 0, -3, 1)
(-21, 47, -23, 0, -4, 1)
(-19, 46, -23, 0, -3, 0)
(-19, 46, -24, 0, -2, 0)
(-19, 46, -25, 0, -2, 1)
(-20, 46, -25, 0, -2, 1)
(-20, 47, -24, 0, -2, 1)
(-20, 47, -23, 0, -2, 0)
(-20, 47, -22, 0, -2, 0)
(-18, 47, -24, 0, 0, 0)
(-19, 46, -25, 0, 0, 0)
(-20, 47, -25, 0, 0, 0)
(-21, 48, -25, 0, 0, 0)
(-23, 48, -25, 0, 0, 0)
(-27, 53, -21, -1, 0, -3)
(-34, 60, -19, -2, 0, -8)
(-54, 79, -9, -10, 0, -17)
(-66, 95, 3, -24, 0, -34)
(-76, 107, 7, 7, 95, -118)
(-121, 114, -16, 15, 127, -127)
(-127, 114, -48, 25, 127, -127)
(-127, 123, -70, 32, 126, -127)
(-127, 124, -104, 67, 41, -127)
(-127, 127, -127, 79, -23, -127)
(-127, 117, -127, 79, -62, -127)
(-127, 99, -127, 87, -76, -127)
(-127, 89, -127, 107, -71, -127)
(-101, 85, -127, 127, -72, -127)
(-69, 93, -127, 127, -89, -127)
(-34, 102, -125, 127, -110, -127)
(6, 103, -108, 127, -121, -127)
(34, 91, -87, 122, -127, -127)
(59, 73, -69, 92, -124, -127)
(80, 55, -55, 73, -110, -118)
(90, 42, -44, 70, -97, -104)
(98, 36, -29, 73, -74, -90)
(98, 38, -10, 83, -46, -77)
(91, 74, 29, 40, -32, -61)
(90, 33, 11, 30, -32, -50)
(76, 25, 18, 14, -12, -29)
(72, 20, 24, 16, -13, -16)
(78, 19, 18, 13, -12, -3)
(81, 19, 16, 5, 10, 11)
(74, 18, 14, 0, 23, 24)
(64, 17, 9, -3, 34, 38)
(55, 15, 6, -7, 40, 50)
(49, 13, 2, -11, 41, 62)
(50, 12, 0, -18, 42, 73)
(50, 9, -1, -25, 47, 85)
(46, 9, -2, -29, 54, 96)
(41, 10, -7, -35, 60, 104)
(35, 14, -13, -49, 62, 114)
(33, 18, -22, -70, 59, 124)
(31, 22, -36, -91, 62, 127)
(20, 25, -46, -97, 71, 127)
BatchID:  3




(-21, 47, -23, -1, -3, 0)
(-23, 47, -21, -2, -2, -1)
(-24, 48, -18, -3, -2, -3)
(-23, 49, -18, -4, -1, -3)
(-24, 48, -20, -5, -2, -3)
(-24, 48, -21, -5, -3, -1)
(-24, 45, -21, -3, -7, 1)
(-22, 45, -23, -1, -10, 5)
(-21, 44, -23, 0, -11, 7)
(-20, 42, -24, 0, -11, 9)
(-19, 41, -26, 2, -11, 11)
(-19, 42, -27, 2, -8, 11)
(-19, 42, -27, 4, -4, 11)
(-20, 43, -25, 6, 1, 9)
(-22, 44, -25, 5, 7, 4)
(-24, 46, -24, 4, 16, -2)
(-29, 48, -22, 2, 20, -7)
(-30, 48, -18, 0, 15, -7)
(-29, 49, -19, -1, 1, -2)
(-22, 46, -21, 0, -3, 1)
(-23, 47, -21, -1, -2, 1)
(-26, 49, -20, -1, -1, 0)
(-32, 53, -19, -2, -2, -1)
(-43, 67, -8, -6, -1, -4)
(-53, 80, 1, -12, 0, -12)
(-57, 87, 8, -14, 8, -34)
(-66, 92, -1, -4, 50, -71)
(-103, 108, -12, 0, 102, -116)
(-127, 113, -32, 8, 113, -127)
(-127, 119, -60, 17, 102, -127)
(-127, 126, -86, 27, 68, -127)
(-127, 120, -119, 56, 26, -127)
(-127, 112, -127, 70, 7, -127)
(-127, 98, -127, 83, -1, -127)
(-127, 87, -127, 114, -26, -127)
(-127, 93, -116, 127, -70, -127)
(-118, 102, -110, 127, -102, -127)
(-78, 115, -102, 127, -127, -127)
(-40, 121, -85, 113, -127, -127)
(-7, 106, -83, 100, -127, -127)
(22, 91, -82, 81, -127, -127)
(47, 77, -71, 69, -125, -127)
(69, 67, -63, 62, -107, -127)
(94, 56, -52, 57, -86, -127)
(103, 40, -35, 58, -66, -119)
(100, 30, -17, 65, -50, -93)
(107, 39, 5, 44, -37, -71)
(124, 33, 8, 20, -20, -54)
(127, 32, 18, 7, 9, -34)
(123, 20, 29, 14, 38, -13)
(108, 24, 27, 29, 58, 11)
(90, 38, 25, 22, 60, 36)
(79, 43, 17, -2, 41, 61)
(72, 39, 12, -30, 30, 85)
(69, 28, 7, -43, 24, 104)
(65, 26, 3, -41, 26, 123)
(60, 26, -5, -39, 32, 127)
(53, 30, -15, -42, 40, 127)
(42, 37, -28, -54, 44, 127)
(32, 39, -38, -77, 39, 127)
(34, 38, -46, -95, 40, 127)
(39, 41, -56, -92, 67, 127)
(23, 55, -74, -63, 109, 127)
(-32, 76, -99, -31, 127, 127)
(-115, 88, -104, -16, 86, 127)
(-127, 127, -43, -127, 64, 127)
(-127, 95, -44, -50, 8, 127)
(-127, 127, -83, -21, 39, 127)
(-127, 127, -91, -45, 116, 127)
(-127, 127, -56, -78, 104, 109)
(-127, 119, -31, -73, 58, 117)
(-127, 99, -29, -52, 5, 123)
BatchID:  4




(-25, 44, -23, 0, -3, 1)
(-25, 45, -23, 1, -4, 1)
(-25, 45, -22, 0, -4, 1)
(-24, 45, -22, 0, -3, 1)
(-24, 45, -21, 0, -3, 1)
(-24, 46, -21, 0, -2, 1)
(-25, 45, -21, 0, -1, 1)
(-26, 45, -22, 1, -2, 1)
(-26, 46, -22, 1, -2, 1)
(-26, 45, -22, 0, -2, 0)
(-25, 45, -21, 0, -2, 0)
(-25, 46, -22, 0, -1, 0)
(-24, 45, -22, -1, -1, 0)
(-25, 45, -23, 0, 0, 0)
(-26, 45, -22, 0, -1, 0)
(-27, 47, -21, 0, -1, 0)
(-25, 47, -20, 4, -2, 3)
(-23, 47, -21, 1, -2, 1)
(-25, 46, -21, 0, 2, 1)
(-25, 47, -19, 0, 1, 1)
(-25, 48, -20, -1, 1, 0)
(-37, 54, -15, -5, -4, -4)
(-46, 61, -8, -9, -8, -6)
(-57, 70, -2, -12, -14, -13)
(-62, 76, 0, -8, -10, -27)
(-66, 85, -5, 1, 15, -50)
(-127, 104, -10, 0, 81, -112)
(-127, 125, -39, -6, -5, -127)
(-127, 126, -64, -7, -81, -127)
(-127, 126, -88, 7, -92, -127)
(-127, 116, -111, 9, -59, -127)
(-127, 103, -110, 29, -37, -127)
(-127, 96, -97, 62, -48, -127)
(-127, 108, -90, 89, -48, -127)
(3, 105, -56, 60, -123, -127)
(48, 62, -45, 34, -67, -127)
(67, 50, -38, 41, -24, -127)
(76, 52, -26, 41, -7, -127)
(76, 47, -17, 30, -40, -127)
(101, 48, -12, 7, -43, -117)
(127, 48, -1, -24, -16, -95)
(127, 38, 12, -39, -5, -76)
(127, 17, 20, -20, 14, -41)
(119, 7, 17, 17, 38, -8)
(113, 29, 9, 12, 24, 20)
(112, 31, 1, -17, 21, 49)
(102, 16, 5, -32, 33, 77)
(88, 9, 7, -21, 42, 99)
(80, 12, 0, -7, 55, 118)
(73, 19, -8, -1, 66, 127)
(67, 25, -17, -4, 80, 127)
(60, 27, -30, -17, 101, 127)
(25, 28, -52, -55, 127, 127)
(5, 35, -58, -58, 123, 127)
(-17, 57, -59, -57, 104, 127)
(-41, 76, -71, -66, 84, 127)
(-93, 93, -84, -69, 55, 127)
(-127, 104, -75, -127, 15, 127)
(-127, 72, -52, -127, -75, 127)
(-98, 41, -73, -59, -124, 127)
(-33, 94, -116, -2, 2, 127)
BatchID:  5




(-28, 42, -27, 0, 0, 0)
(-28, 42, -26, 0, 0, 0)
(-28, 42, -27, 0, 0, 0)
(-28, 42, -27, 0, 0, 0)
(-28, 42, -27, 0, 0, 0)
(-28, 42, -26, 0, 0, 0)
(-28, 42, -27, 0, 0, 0)
(-29, 42, -27, 0, 0, 0)
(-28, 42, -27, 0, 0, 0)
(-28, 42, -26, 0, 0, 0)
(-29, 42, -27, 0, 0, 0)
(-28, 42, -25, 0, -1, 0)
(-28, 42, -27, 0, 0, 0)
(-28, 43, -26, 0, 0, 1)
(-28, 42, -26, 0, 0, 0)
(-28, 43, -26, 0, 0, 0)
(-28, 43, -26, 0, -1, 0)
(-28, 42, -27, 0, -1, 0)
(-28, 42, -27, 0, -1, 1)
(-28, 42, -26, 0, -1, 1)
(-28, 42, -25, 0, -1, 0)
(-28, 43, -26, 0, -1, 0)
(-28, 42, -26, 0, -1, 0)
(-27, 42, -26, 0, 0, 0)
(-28, 43, -27, 0, 0, 0)
(-30, 44, -26, 0, 0, 0)
(-35, 46, -24, -1, 0, -2)
(-38, 49, -21, -2, -1, -4)
(-52, 62, -13, -8, 0, -11)
(-62, 71, -8, -18, -4, -22)
(-70, 78, -3, -25, 1, -40)
(-85, 80, -1, -21, 18, -57)
(-118, 90, -2, -16, 36, -76)
(-127, 100, -9, -8, 34, -103)
(-127, 122, -80, 14, -4, -127)
(-127, 115, -103, 20, -16, -127)
(-30, 105, -104, 127, -72, -127)
(3, 108, -82, 119, -85, -127)
(31, 88, -68, 108, -91, -127)
(53, 71, -54, 97, -82, -127)
(73, 49, -27, 76, -68, -127)
(93, 38, -17, 58, -48, -112)
(110, 29, -4, 33, -20, -91)
(112, 20, 10, 24, -7, -68)
(101, 8, 31, 41, 7, -41)
(85, 3, 36, 77, 26, -14)
(65, 28, 35, 69, 20, 10)
(74, 31, 28, -10, -8, 43)
(72, 19, 30, -18, 6, 54)
(66, 20, 21, -18, 28, 64)
(57, 23, 14, -26, 42, 72)
(48, 21, 8, -31, 46, 83)
(38, 21, 4, -36, 44, 100)
(32, 24, -8, -56, 33, 126)
(24, 24, -15, -69, 32, 127)
BatchID:  6




(-28, 44, -23, 1, 0, 1)
(-30, 46, -22, 1, 0, 1)
(-31, 47, -20, 1, -2, 1)
(-30, 48, -21, -1, -5, 1)
(-26, 44, -24, -3, -7, 1)
(-25, 42, -26, -2, -6, 2)
(-25, 41, -25, 0, -5, 3)
(-24, 41, -25, 2, -4, 4)
(-24, 42, -23, 3, -3, 3)
(-25, 43, -23, 4, 0, 3)
(-24, 44, -22, 3, 0, 3)
(-25, 45, -21, 3, 1, 3)
(-26, 46, -20, 3, 2, 2)
(-29, 49, -19, 1, 2, 1)
(-32, 53, -16, -3, 2, -2)
(-35, 57, -13, -9, 2, -6)
(-49, 67, -11, -20, 1, -16)
(-74, 82, -4, -35, -4, -28)
(-90, 87, 6, -32, -2, -40)
(-98, 91, 6, -4, 33, -72)
(-127, 110, -6, 7, 81, -117)
(-127, 127, -20, 2, 91, -127)
(-127, 127, -35, 10, 45, -127)
(-127, 127, -54, 5, -21, -127)
(-127, 127, -81, 22, -63, -127)
(-127, 127, -104, 30, -61, -127)
(-127, 127, -122, 40, -52, -127)
(-127, 116, -117, 48, -51, -127)
(-127, 123, -119, 76, -92, -127)
(-127, 127, -118, 87, -127, -127)
(-98, 127, -116, 91, -127, -127)
(-41, 127, -114, 77, -127, -127)
(11, 127, -110, 51, -127, -127)
(59, 127, -104, 31, -127, -127)
(103, 101, -79, 16, -127, -127)
(127, 73, -58, 6, -108, -127)
(127, 52, -38, 11, -64, -127)
(127, 36, -26, 12, -7, -127)
(127, 29, -9, 12, 49, -107)
(127, 17, 0, 36, 100, -82)
(93, 15, 3, 75, 115, -55)
(73, 32, -2, 80, 76, -30)
(68, 48, -11, 41, 27, 1)
(82, 42, -14, -6, 5, 36)
(81, 28, -3, -19, 9, 57)
(77, 18, -1, -9, 15, 71)
(77, 17, -4, 0, 38, 79)
(70, 19, -6, 1, 61, 84)
(63, 21, -5, -4, 76, 89)
(54, 22, -4, -12, 87, 96)
(48, 23, -9, -21, 91, 101)
(44, 26, -15, -35, 95, 105)
(40, 29, -26, -58, 98, 109)
(38, 32, -43, -80, 101, 114)
(28, 39, -61, -104, 108, 124)
(-4, 51, -84, -124, 100, 127)
(-51, 54, -98, -127, 48, 127)
(-80, 51, -96, -114, 4, 127)
(-101, 44, -85, -73, 15, 127)
(-120, 85, -52, -120, 73, 127)
(-127, 83, -51, -88, 53, 127)
(-127, 93, -68, -66, 53, 127)
(-127, 107, -76, -49, 110, 127)
(-127, 104, -65, -52, 116, 115)
(-127, 96, -45, -59, 83, 116)
(-127, 78, -28, -46, 19, 127)
(-127, 72, -43, -20, -12, 127)
(-101, 75, -70, 2, 19, 120)
BatchID:  7




(-29, 39, -31, 0, -2, 1)
(-28, 40, -30, 0, 0, 0)
(-28, 40, -31, 0, 0, 0)
(-28, 39, -31, 0, 0, 0)
(-29, 39, -32, 0, 0, 0)
(-29, 39, -32, 0, 0, 0)
(-29, 40, -31, 0, 0, 0)
(-29, 40, -30, 0, 0, 0)
(-29, 40, -29, 0, 1, 0)
(-28, 40, -30, 0, 2, -1)
(-28, 40, -31, -1, 3, -1)
(-28, 39, -31, -1, 3, -2)
(-28, 38, -32, 0, 3, -1)
(-30, 38, -33, 0, 2, 0)
(-30, 39, -32, 0, 1, 0)
(-31, 40, -31, 0, 0, 0)
(-30, 40, -30, 0, 0, 0)
(-31, 41, -30, 0, 0, -1)
(-30, 42, -30, -2, 0, -2)
(-32, 43, -29, -4, 1, -4)
(-40, 47, -25, -6, 3, -7)
(-52, 55, -19, -10, 2, -11)
(-63, 63, -13, -15, 1, -20)
(-71, 70, -12, -24, 8, -34)
(-90, 70, -17, -23, 25, -56)
(-126, 77, -16, -24, 30, -74)
(-127, 81, -11, -16, 17, -88)
(-127, 94, -13, -3, -11, -101)
(-127, 107, -27, 0, -25, -116)
(-127, 117, -89, 20, -5, -127)
(-127, 118, -127, 17, 4, -127)
(-127, 100, -127, 24, 10, -127)
(-127, 80, -127, 55, 17, -127)
(-127, 74, -127, 106, 4, -127)
(-126, 83, -127, 127, 5, -127)
(-83, 90, -127, 127, -11, -127)
(-37, 101, -127, 127, -41, -127)
(1, 116, -123, 127, -78, -127)
(41, 127, -69, 127, -107, -127)
(56, 104, -72, 127, -127, -126)
(80, 75, -52, 127, -127, -106)
(110, 74, -28, 100, -105, -90)
(127, 69, -5, 75, -80, -75)
(122, 56, 23, 55, -46, -58)
(98, 33, 49, 64, -26, -36)
(79, 29, 53, 83, -19, -15)
(68, 47, 47, 59, -16, 2)
(66, 49, 40, 14, -25, 14)
(73, 33, 37, -23, -10, 21)
(72, 22, 32, -31, 15, 26)
(59, 22, 21, -30, 38, 34)
(41, 23, 12, -30, 41, 46)
(28, 21, 3, -33, 27, 59)
(23, 21, -2, -44, 8, 75)
(31, 20, -6, -63, -4, 91)
(39, 15, -9, -72, -2, 102)
(38, 12, -14, -73, 7, 113)
(36, 11, -19, -72, 18, 124)
(32, 10, -26, -70, 30, 127)
(27, 12, -31, -72, 40, 127)
(28, 19, -39, -75, 56, 127)
(22, 29, -51, -67, 80, 127)
(-2, 47, -65, -50, 101, 127)
(-43, 63, -76, -44, 92, 127)
(-76, 66, -79, -53, 55, 127)
(-83, 72, -71, -54, 60, 127)
(-100, 81, -66, -60, 35, 127)
(-113, 106, -85, -28, 24, 127)
(-127, 120, -104, -26, 50, 127)
(-127, 97, -87, -28, 70, 127)
(-127, 85, -63, 5, 99, 127)
(-127, 104, -66, 23, 110, 119)
BatchID:  8




(-26, 44, -23, 8, -5, 5)
(-26, 45, -22, 6, -2, 3)
(-27, 46, -22, 1, 1, 1)
(-26, 46, -23, -1, 3, 0)
(-27, 45, -23, -3, 4, -1)
(-28, 44, -25, -3, 4, -1)
(-28, 44, -26, -2, 3, -1)
(-28, 43, -28, -2, 2, -1)
(-31, 44, -25, -1, 0, -2)
(-30, 45, -25, -3, 0, -4)
(-30, 44, -24, -5, 0, -5)
(-29, 43, -23, -5, 0, -5)
(-28, 43, -24, -4, -1, -4)
(-26, 42, -25, -4, -1, -3)
(-26, 41, -26, -4, -2, -2)
(-24, 39, -28, -2, -3, 0)
(-24, 39, -28, 0, -2, 1)
(-25, 41, -28, 1, -1, 2)
(-28, 44, -24, 1, 1, 0)
(-35, 50, -19, -1, 2, -2)
(-39, 54, -14, -8, 2, -7)
(-55, 61, -9, -18, 3, -16)
(-77, 71, -1, -24, -1, -25)
(-101, 81, 7, -19, 1, -32)
(-113, 91, 5, -9, 11, -58)
(-127, 99, -6, -13, 30, -93)
(-127, 102, -17, -22, 44, -123)
(-127, 99, -29, -20, 43, -127)
(-127, 101, -42, -4, 21, -127)
(-127, 101, -59, 13, -3, -127)
(-127, 100, -83, 32, -7, -127)
(-127, 91, -106, 51, 19, -127)
(-127, 80, -126, 78, 53, -127)
(-127, 69, -127, 111, 59, -127)
(-127, 75, -127, 127, 34, -127)
(-127, 89, -127, 127, -9, -127)
(-121, 102, -127, 127, -56, -127)
(-76, 103, -127, 127, -76, -127)
(-37, 103, -123, 127, -87, -127)
(-6, 110, -100, 127, -106, -127)
(26, 104, -82, 127, -120, -127)
(52, 89, -68, 124, -118, -127)
(56, 72, -51, 105, -117, -125)
(60, 62, -39, 96, -114, -112)
(74, 57, -34, 81, -101, -102)
(98, 47, -8, 45, -58, -79)
(95, 36, 10, 41, -39, -63)
(89, 29, 23, 49, -28, -45)
(82, 30, 27, 56, -21, -26)
(83, 38, 26, 41, -17, -7)
(91, 36, 27, 13, -9, 8)
(89, 30, 31, -6, 4, 27)
(80, 24, 34, -11, 15, 47)
(67, 25, 32, -14, 22, 67)
(58, 29, 29, -23, 23, 84)
(55, 28, 25, -33, 24, 97)
(58, 28, 21, -42, 32, 108)
(57, 29, 16, -48, 45, 117)
(56, 31, 6, -54, 57, 127)
(54, 31, -7, -61, 72, 127)
(48, 33, -24, -67, 95, 127)
(28, 37, -48, -70, 112, 127)
(1, 49, -78, -100, 121, 127)
(-73, 23, -107, -119, 46, 127)
(-79, 32, -80, -84, 35, 127)
(-87, 46, -67, -43, 23, 127)
(-93, 78, -62, -37, -1, 127)
(-87, 61, -83, -61, 27, 127)
(-94, 64, -75, -50, 58, 127)
(-115, 84, -72, -23, 64, 127)
BatchID:  9




(-30, 40, -28, 0, 0, -2)
(-31, 40, -29, 0, 0, -3)
(-30, 38, -30, 0, 0, -3)
(-31, 37, -30, 1, 0, -2)
(-32, 37, -30, 1, 0, -1)
(-32, 37, -28, 0, 0, 0)
(-33, 37, -27, 0, 0, 0)
(-33, 37, -27, 0, -1, 1)
(-31, 38, -28, 1, 0, 2)
(-30, 38, -29, 0, 0, 2)
(-29, 38, -31, 1, 0, 2)
(-30, 38, -31, 3, 0, 3)
(-30, 39, -31, 3, -1, 3)
(-31, 41, -30, 3, -2, 3)
(-32, 42, -29, 1, -2, 3)
(-31, 42, -28, 0, -2, 1)
(-30, 41, -29, -1, -1, 0)
(-30, 41, -28, -2, 0, 0)
(-29, 40, -29, -2, 0, -1)
(-31, 38, -29, -2, 0, 0)
(-35, 41, -27, -1, 0, 0)
(-40, 44, -25, -2, -1, 1)
(-48, 49, -21, -5, -4, 1)
(-59, 56, -16, -11, -10, 0)
(-64, 60, -15, -14, -19, -4)
(-71, 63, -13, -9, -13, -14)
(-93, 72, -11, 5, 7, -30)
(-127, 90, -12, 11, 26, -56)
(-127, 100, -9, 6, 31, -91)
(-127, 110, -9, 3, 31, -126)
(-127, 125, -13, -7, 15, -127)
(-127, 126, -20, -24, -9, -127)
(-127, 124, -33, -29, -42, -127)
(-127, 123, -57, -30, -76, -127)
(-127, 115, -119, -27, -86, -127)
(-127, 102, -127, -20, -53, -127)
(-118, 89, -127, -3, -33, -127)
(-85, 79, -123, 30, -26, -127)
(-45, 79, -117, 73, -21, -127)
(-11, 83, -107, 110, -28, -127)
(54, 76, -74, 121, -27, -127)
(60, 57, -56, 106, -30, -127)
(61, 39, -41, 107, -27, -127)
(53, 35, -26, 103, -27, -110)
(44, 34, -15, 95, -45, -83)
(42, 30, -10, 80, -62, -63)
(44, 25, -6, 61, -70, -45)
(49, 21, -1, 44, -72, -34)
(60, 15, 2, 30, -66, -28)
(71, 12, 4, 18, -47, -22)
(73, 8, 7, 10, -20, -13)
(67, 4, 11, 13, 2, 0)
(56, 6, 14, 16, 13, 14)
(48, 10, 15, 9, 12, 30)
(50, 8, 17, -14, 3, 55)
(53, 7, 18, -22, 6, 67)
(53, 9, 17, -29, 14, 81)
(51, 11, 15, -38, 22, 95)
(47, 12, 12, -45, 30, 108)
(44, 16, 8, -51, 37, 118)
(43, 19, 2, -59, 44, 127)
(41, 26, -6, -64, 51, 127)
(34, 33, -15, -67, 56, 127)
(30, 42, -29, -66, 60, 127)
(18, 57, -44, -61, 79, 127)
BatchID:  10




(-25, 44, -24, 0, 0, 0)
(-25, 44, -25, 0, -1, 0)
(-26, 44, -24, 0, -1, 0)
(-25, 44, -25, 0, -1, 0)
(-25, 44, -24, 0, -1, 0)
(-25, 44, -25, 0, -1, 0)
(-25, 43, -25, 0, -2, 1)
(-26, 44, -24, 0, -2, 1)
(-25, 45, -24, 0, -2, 1)
(-25, 44, -24, 0, -1, 0)
(-25, 45, -24, 0, 0, 0)
(-24, 45, -24, 0, 0, 0)
(-25, 45, -24, 0, 0, 0)
(-25, 44, -24, 0, 0, 0)
(-26, 45, -24, 0, 0, 0)
(-25, 45, -25, 0, 0, 0)
(-26, 44, -25, 0, 0, 0)
(-28, 45, -25, 0, 1, -2)
(-30, 47, -25, 0, 2, -3)
(-42, 53, -21, 0, 2, -8)
(-56, 65, -16, 0, 7, -15)
(-73, 75, -14, 7, 14, -22)
(-86, 70, -30, 29, 45, -52)
(-127, 82, -42, 40, 98, -98)
(-127, 96, -52, 43, 95, -127)
(-127, 105, -58, 34, 60, -127)
(-127, 107, -68, 35, 20, -127)
(-127, 100, -90, 45, -44, -127)
(-127, 91, -102, 59, -53, -127)
(-127, 88, -115, 71, -46, -127)
(-127, 86, -122, 84, -38, -127)
(-125, 79, -121, 94, -36, -127)
(-115, 84, -122, 112, -50, -127)
(-90, 80, -113, 122, -73, -127)
(-57, 76, -99, 127, -90, -127)
(4, 86, -74, 127, -112, -127)
(33, 83, -61, 115, -113, -127)
(41, 64, -44, 99, -101, -127)
(45, 49, -28, 84, -99, -118)
(44, 40, -19, 75, -100, -104)
(52, 30, -19, 64, -99, -94)
(69, 23, -17, 42, -86, -84)
(82, 14, -11, 19, -62, -74)
(85, 6, -1, 3, -41, -61)
(75, -4, 7, 5, -22, -45)
(64, -9, 12, 21, -6, -25)
(52, -4, 14, 36, 0, -5)
(44, 7, 12, 29, -7, 11)
(46, 11, 13, 6, -14, 25)
(49, 6, 17, -8, -10, 35)
(48, 3, 20, -13, -1, 45)
(47, 3, 19, -16, 8, 54)
(44, 7, 16, -23, 16, 65)
(42, 8, 14, -34, 22, 76)
(40, 7, 12, -42, 25, 88)
(38, 8, 8, -47, 28, 100)
(38, 10, 1, -50, 30, 112)
(39, 15, -6, -55, 36, 126)
(38, 20, -20, -56, 47, 127)
(30, 28, -33, -59, 57, 127)
(18, 38, -50, -69, 64, 127)
(4, 46, -64, -86, 65, 127)
(-15, 51, -75, -82, 64, 127)
(-49, 51, -80, -56, 52, 127)
(-76, 57, -75, -27, 31, 127)
(-96, 111, -42, -35, 18, 127)
(-108, 103, -70, -18, 26, 127)
(-127, 100, -66, -40, 28, 127)
BatchID:  11




(-25, 43, -26, 0, -2, 0)
(-25, 44, -26, -1, -2, 0)
(-24, 43, -25, -1, -2, 0)
(-22, 43, -24, 0, 0, 0)
(-22, 43, -24, 0, 1, 0)
(-23, 43, -25, 1, 3, -1)
(-25, 43, -24, 1, 4, -1)
(-27, 43, -24, 1, 4, -1)
(-27, 43, -26, 1, 5, -1)
(-28, 44, -27, 1, 4, -1)
(-28, 43, -26, 0, 3, -1)
(-29, 44, -27, 0, 2, -1)
(-28, 44, -27, 0, 0, -1)
(-29, 42, -26, 0, -3, 0)
(-28, 42, -27, 0, -5, 0)
(-26, 42, -26, 0, -5, 0)
(-25, 43, -26, 1, -5, 0)
(-25, 43, -26, 1, -4, 1)
(-24, 43, -24, 1, -3, 1)
(-24, 44, -24, 1, -1, 0)
(-25, 44, -24, 0, 0, 0)
(-25, 45, -24, 0, 1, -1)
(-26, 46, -24, -2, 4, -2)
(-30, 47, -24, -2, 6, -5)
(-39, 54, -23, -4, 11, -9)
(-62, 70, -15, -12, 13, -18)
(-83, 82, -5, -27, 9, -32)
(-89, 77, -7, -11, 27, -54)
(-127, 86, -24, 9, 68, -86)
(-127, 100, -46, 14, 86, -127)
(-127, 111, -61, 7, 65, -127)
(-127, 119, -69, 16, 23, -127)
(-127, 126, -76, 28, -12, -127)
(-127, 127, -89, 44, -29, -127)
(-127, 104, -90, 59, -47, -127)
(-127, 102, -89, 85, -54, -127)
(-114, 105, -85, 94, -66, -127)
(-91, 112, -82, 97, -90, -127)
(-58, 109, -83, 91, -113, -127)
(-18, 100, -88, 85, -119, -127)
(12, 88, -84, 70, -104, -127)
(51, 53, -57, 73, -76, -127)
(59, 42, -44, 76, -59, -127)
(58, 31, -36, 83, -50, -127)
(59, 25, -32, 81, -38, -120)
(71, 25, -28, 66, -19, -108)
(81, 24, -21, 41, 2, -94)
(79, 16, -9, 23, 20, -77)
(67, 9, 0, 16, 27, -55)
(53, 6, 7, 18, 20, -31)
(45, 7, 10, 21, 4, -8)
(47, 10, 11, 17, -8, 11)
(53, 11, 12, 6, -14, 25)
(55, 10, 16, -3, -12, 39)
(49, 7, 22, -14, -2, 69)
(46, 7, 24, -17, 0, 83)
(45, 10, 19, -23, 4, 96)
(43, 11, 16, -33, 9, 110)
(42, 12, 11, -43, 17, 123)
(39, 13, 7, -51, 28, 127)
(37, 17, 0, -57, 39, 127)
(33, 21, -13, -60, 55, 127)
(20, 29, -25, -60, 70, 127)
(0, 40, -41, -60, 79, 127)
(-21, 51, -56, -69, 73, 127)
(-37, 59, -68, -78, 58, 127)
(-53, 62, -76, -71, 48, 127)
(-116, 98, -69, -31, 49, 127)
(-127, 88, -64, -47, 53, 127)
(-127, 77, -69, -31, 32, 127)
(-127, 113, -94, 4, 60, 127)
(-127, 127, -107, -27, 54, 127)
BatchID:  12




(-29, 42, -26, 0, 0, 0)
(-29, 43, -26, 0, -2, 1)
(-29, 43, -24, 1, -3, 1)
(-29, 44, -22, 0, -2, 0)
(-27, 44, -23, 0, -1, 0)
(-26, 43, -24, 0, 0, 0)
(-27, 43, -25, -1, 1, 0)
(-28, 42, -25, 0, 1, 0)
(-29, 43, -25, 1, 0, 0)
(-30, 43, -24, 1, -1, 0)
(-29, 43, -24, 1, -1, 0)
(-28, 43, -24, 0, -1, 0)
(-28, 44, -24, 0, -1, 0)
(-27, 44, -24, 0, 0, 0)
(-27, 44, -24, 0, 0, 0)
(-28, 44, -24, 0, 0, 0)
(-27, 45, -23, -1, 1, -1)
(-27, 45, -23, -2, 3, -2)
(-29, 43, -24, -1, 4, -3)
(-29, 43, -25, 0, 4, -4)
(-34, 46, -26, 1, 4, -4)
(-42, 49, -26, 1, 3, -8)
(-71, 73, -13, 0, 13, -18)
(-111, 102, 3, -14, 5, -27)
(-112, 100, 14, -1, 20, -60)
(-127, 119, 10, 9, 62, -110)
(-127, 127, -5, -1, 66, -127)
(-127, 127, -31, -25, 48, -127)
(-127, 127, -57, -34, 16, -127)
(-127, 117, -79, -10, 3, -127)
(-127, 101, -101, 25, 8, -127)
(-127, 90, -115, 56, 22, -127)
(-127, 85, -125, 89, 17, -127)
(-127, 88, -125, 112, -13, -127)
(-97, 93, -122, 127, -44, -127)
(-46, 98, -124, 127, -64, -127)
(-2, 88, -116, 127, -67, -127)
(24, 69, -94, 127, -76, -127)
(37, 60, -74, 127, -80, -127)
(40, 70, -49, 123, -86, -127)
(45, 51, -48, 116, -84, -111)
(53, 41, -36, 92, -85, -92)
(70, 34, -26, 72, -76, -79)
(81, 24, -18, 57, -58, -68)
(67, 9, 0, 56, -24, -39)
(53, 11, 4, 56, -24, -19)
(48, 13, 6, 48, -33, -3)
(50, 14, 8, 36, -40, 9)
(54, 13, 13, 28, -38, 20)
(57, 13, 16, 18, -29, 30)
(58, 12, 19, 12, -16, 39)
(58, 12, 22, 7, 0, 47)
(55, 13, 23, 0, 13, 55)
(52, 14, 24, -6, 23, 65)
(45, 15, 24, -14, 27, 76)
(41, 17, 21, -23, 25, 88)
(40, 18, 19, -34, 22, 102)
(43, 18, 13, -44, 23, 114)
(45, 20, 4, -53, 33, 123)
(48, 25, -5, -62, 50, 127)
(46, 30, -23, -68, 74, 127)
(39, 39, -42, -70, 101, 127)
(19, 52, -58, -77, 121, 127)
(-13, 60, -70, -88, 110, 127)
(-38, 67, -79, -84, 88, 127)
(-77, 78, -82, -70, 57, 127)
(-96, 89, -91, -72, 42, 127)
(-99, 82, -92, -81, 58, 127)
(-115, 90, -78, -75, 65, 127)
BatchID:  13




(-29, 42, -27, 0, 0, 0)
(-28, 43, -26, 0, 0, 0)
(-28, 42, -26, 0, 0, 0)
(-28, 42, -26, 0, 0, 0)
(-28, 42, -26, 0, -1, 0)
(-28, 41, -26, 0, -1, 0)
(-27, 42, -26, 0, 0, 0)
(-27, 41, -26, 0, 0, 0)
(-28, 42, -26, 1, 1, 0)
(-28, 43, -26, 0, 2, -1)
(-28, 43, -26, 0, 2, -1)
(-29, 43, -26, 0, 2, -1)
(-31, 42, -27, 0, 0, 0)
(-31, 41, -27, 0, -2, 0)
(-31, 41, -26, 0, -4, 1)
(-29, 41, -26, 0, -5, 1)
(-28, 41, -25, 0, -5, 1)
(-28, 43, -25, 0, -4, 1)
(-29, 46, -24, -3, -1, 0)
(-36, 51, -22, -8, 0, -2)
(-46, 55, -18, -13, -2, -3)
(-57, 63, -8, -16, -3, -4)
(-72, 75, -1, -20, -4, -10)
(-81, 73, -1, -12, 0, -28)
(-107, 80, -9, -4, 31, -61)
(-127, 89, -8, -8, 45, -93)
(-127, 96, -8, -7, 46, -121)
(-127, 104, -14, -5, 30, -127)
(-127, 110, -28, -4, 10, -127)
(-127, 108, -43, -7, -4, -127)
(-127, 102, -59, 0, -8, -127)
(-127, 95, -79, 15, -9, -127)
(-127, 92, -96, 30, -5, -127)
(-127, 90, -113, 45, -13, -127)
(-127, 84, -114, 48, -29, -127)
(-104, 72, -108, 72, -40, -127)
(-73, 72, -104, 94, -39, -127)
(-42, 73, -101, 108, -34, -127)
(-17, 67, -90, 117, -31, -127)
(-2, 60, -74, 127, -33, -127)
(3, 60, -57, 127, -45, -127)
(12, 66, -42, 105, -71, -127)
(17, 55, -35, 95, -84, -127)
(25, 45, -26, 76, -105, -102)
(43, 38, -21, 62, -113, -87)
(57, 29, -17, 48, -106, -78)
(67, 20, -11, 33, -88, -68)
(70, 11, -2, 24, -69, -58)
(69, 5, 5, 23, -50, -47)
(65, 0, 10, 24, -31, -35)
(63, 0, 13, 24, -19, -23)
(64, 0, 14, 19, -9, -10)
(62, 2, 15, 11, 0, 4)
(56, 2, 17, 1, 5, 20)
(52, 1, 19, -5, 7, 35)
(50, 1, 19, -12, 9, 50)
(48, 2, 18, -16, 12, 65)
(45, 3, 16, -21, 14, 79)
(42, 4, 14, -27, 17, 93)
(40, 6, 10, -34, 22, 107)
(40, 8, 5, -41, 29, 119)
(32, 15, -10, -52, 55, 127)
(24, 20, -21, -54, 64, 127)
(9, 30, -35, -57, 70, 127)
(-15, 39, -48, -66, 69, 127)
(-35, 45, -55, -75, 54, 127)
(-49, 48, -62, -70, 39, 127)
(-55, 48, -68, -64, 38, 127)
(-63, 49, -70, -51, 53, 127)
(-89, 84, -54, -60, 59, 127)
(-125, 83, -73, -36, 30, 127)
BatchID:  14

(-13, 52, -14, 1, 0, 0)
(-13, 51, -14, 1, 0, 0)
(-13, 51, -14, 1, -1, 0)
(-13, 51, -14, 2, -2, 0)
(-12, 51, -14, 2, -1, 0)
(-12, 52, -14, 2, -1, 0)
(-12, 52, -14, 2, -1, 0)
(-12, 52, -13, 0, 0, 0)
(-12, 51, -13, 0, 0, 0)
(-13, 51, -14, 1, -3, 0)
(-12, 52, -14, 1, -3, 0)
(-12, 51, -14, 0, -3, 0)
(-11, 51, -14, 0, -3, 0)
(-11, 52, -14, 0, -2, 0)
(-12, 51, -14, 0, -2, 0)
(-12, 51, -14, 0, -2, 0)
(-12, 51, -14, 0, -2, 0)
(-11, 51, -15, 0, -2, 0)
(-11, 52, -15, 0, -1, 0)
(-11, 52, -15, 0, -1, 0)
(-11, 51, -14, 0, -1, 0)
(-11, 51, -13, 1, 0, 0)
(-11, 52, -13, 0, 0, 0)
(-11, 52, -13, 0, 0, 0)
(-11, 52, -14, 0, 1, 0)
(-11, 52, -13, 0, 2, 0)
(-11, 52, -13, 0, 2, 0)
(-12, 52, -13, 0, 2, 0)
(-12, 51, -14, 0, 1, 0)
(-13, 51, -16, 0, 2, 0)
(-15, 51, -20, 3, 3, 0)
(-23, 54, -21, 11, 11, 0)
(-81, 83, -2, 36, 5, -10)
(-121, 107, -3, 38, 0, -33)
(-127, 121, -22, 48, 0, -81)
(-127, 127, -51, 52, 0, -127)
(-127, 127, -90, 57, 0, -127)
(-127, 127, -106, 56, 1, -127)
(-127, 127, -109, 95, 6, -127)
(-127, 127, -121, 127, 2, -127)
(-127, 127, -121, 127, -22, -127)
(-127, 116, -111, 127, -62, -127)
(-112, 113, -108, 127, -95, -127)
(-77, 120, -102, 127, -123, -127)
(-40, 121, -84, 127, -127, -127)
(-7, 105, -68, 127, -127, -127)
(14, 88, -62, 111, -127, -127)
(26, 76, -55, 91, -127, -127)
(30, 62, -42, 69, -118, -127)
(34, 50, -29, 49, -113, -127)
(42, 41, -24, 35, -103, -127)
(52, 31, -22, 25, -80, -123)
(55, 20, -18, 15, -54, -112)
(55, 11, -15, 13, -40, -98)
(34, 3, -10, 31, -28, -64)
(29, 8, -6, 30, -29, -48)
(30, 11, -6, 23, -40, -36)
(38, 12, -7, 13, -40, -25)
(50, 11, -7, 1, -29, -18)
(55, 6, -3, -14, 0, 4)
(50, 2, -1, -13, 7, 20)
(46, 2, 0, -10, 8, 37)
(47, 4, -1, -10, 6, 54)
(47, 5, -1, -13, 6, 71)
(46, 6, 0, -17, 10, 88)
(46, 6, -2, -18, 16, 102)
(45, 9, -4, -19, 27, 115)
(44, 14, -9, -21, 39, 126)
(41, 20, -17, -29, 51, 127)
(38, 28, -28, -41, 69, 127)
(25, 36, -43, -47, 91, 127)
(0, 46, -59, -54, 104, 127)
(-30, 50, -70, -59, 103, 127)
(-79, 58, -71, -28, 80, 127)
(-102, 71, -64, -11, 67, 127)
(-127, 82, -58, -70, 42, 127)
(-121, 85, -69, -37, 44, 127)
(-118, 101, -68, -41, 88, 127)
(-127, 100, -46, -56, 92, 125)
BatchID:  2




(-20, 48, -19, 1, -2, 0)
(-20, 48, -20, 0, -1, 0)
(-20, 48, -19, 1, -1, 0)
(-21, 48, -20, 0, -1, 0)
(-21, 48, -20, 0, -1, 0)
(-21, 48, -20, 1, -1, 0)
(-20, 48, -19, 1, -1, 0)
(-21, 48, -20, 0, -1, 0)
(-21, 48, -20, 0, -1, 0)
(-21, 48, -20, 0, -2, 0)
(-21, 48, -19, 0, -2, 0)
(-21, 48, -19, 0, -2, 0)
(-20, 48, -20, 0, -2, 1)
(-21, 48, -20, 0, -2, 0)
(-20, 48, -19, 0, -2, 1)
(-20, 48, -20, 0, -1, 0)
(-20, 47, -19, 0, -1, 0)
(-20, 48, -20, 0, -1, 0)
(-20, 48, -20, 0, -1, 0)
(-21, 48, -20, 0, -1, 0)
(-21, 48, -19, 0, -1, 0)
(-21, 48, -20, 0, -1, 0)
(-23, 48, -21, 0, -2, 0)
(-24, 49, -20, 0, -3, 0)
(-27, 49, -18, 2, -5, 0)
(-32, 59, -12, 0, -2, -3)
(-44, 67, -5, -2, 0, -12)
(-58, 74, 0, -3, 5, -25)
(-68, 78, -5, 19, 34, -48)
(-108, 97, -17, 20, 82, -84)
(-127, 111, -29, 6, 95, -124)
(-127, 116, -39, 8, 69, -127)
(-127, 127, -60, 27, 37, -127)
(-127, 127, -88, 41, 12, -127)
(-127, 127, -108, 48, 2, -127)
(-127, 122, -107, 65, -1, -127)
(-127, 106, -97, 95, -11, -127)
(-127, 105, -89, 120, -38, -127)
(-123, 114, -86, 127, -71, -127)
(-50, 123, -92, 111, -119, -127)
(-21, 112, -76, 83, -127, -127)
(5, 92, -66, 73, -127, -127)
(35, 77, -61, 68, -121, -127)
(54, 66, -50, 60, -92, -127)
(62, 50, -39, 51, -79, -127)
(52, 22, -19, 59, -42, -125)
(49, 17, -14, 62, -22, -112)
(47, 15, -8, 57, -18, -95)
(47, 12, -5, 48, -20, -74)
(47, 8, -1, 36, -19, -54)
(45, 5, 2, 25, -17, -35)
(45, 2, 5, 16, -21, -19)
(49, 2, 5, 9, -24, -5)
(52, 1, 4, 2, -18, 10)
(51, 1, 4, -3, -13, 26)
(51, 0, 3, -9, -10, 41)
(51, 0, 3, -14, -4, 56)
(48, -1, 4, -14, 0, 72)
(43, 1, 4, -14, 4, 87)
(41, 4, 2, -17, 6, 100)
(41, 6, 0, -23, 6, 112)
(46, 8, -5, -27, 15, 122)
(47, 12, -9, -30, 29, 127)
(43, 15, -15, -34, 45, 127)
(9, 42, -52, -42, 87, 127)
(-26, 52, -66, -46, 86, 127)
(-68, 57, -72, -37, 59, 127)
(-99, 81, -49, -48, 15, 127)
(-98, 49, -56, -45, -19, 127)
(-86, 59, -60, -27, -11, 127)
BatchID:  3




(-21, 48, -19, 0, -1, 1)
(-20, 47, -21, 0, 0, 0)
(-20, 47, -23, 0, 0, 0)
(-21, 47, -22, 0, 0, 0)
(-23, 48, -21, 0, 0, 0)
(-23, 49, -20, 0, 0, 0)
(-21, 49, -20, 0, 0, 0)
(-20, 47, -20, -1, 0, 0)
(-20, 46, -24, -1, 0, 0)
(-22, 45, -23, 0, 0, 0)
(-23, 46, -22, 1, 0, 0)
(-24, 48, -22, 1, -2, 1)
(-23, 49, -21, 0, -4, 1)
(-22, 48, -20, 0, -4, 1)
(-22, 48, -20, -2, -4, 1)
(-21, 48, -18, -4, -2, 0)
(-23, 53, -17, -7, 0, -2)
(-25, 61, -15, -21, 10, -12)
(-27, 64, -12, -32, 24, -26)
(-48, 78, 1, -40, 40, -44)
(-65, 85, 8, -43, 55, -67)
(-68, 73, 12, -9, 100, -92)
(-117, 99, -7, 12, 127, -126)
(-127, 112, -26, -1, 127, -127)
(-127, 112, -36, -12, 103, -127)
(-127, 109, -36, -7, 40, -127)
(-127, 110, -47, 18, -20, -127)
(-127, 114, -70, 37, -48, -127)
(-127, 111, -89, 41, -41, -127)
(-127, 99, -96, 46, -17, -127)
(-127, 84, -98, 64, 0, -127)
(-123, 80, -102, 87, -5, -127)
(-108, 79, -98, 101, -27, -127)
(-81, 77, -90, 116, -55, -127)
(-48, 78, -84, 126, -76, -127)
(-17, 79, -81, 124, -85, -127)
(7, 73, -69, 114, -90, -127)
(26, 69, -46, 97, -93, -127)
(40, 56, -36, 82, -88, -127)
(50, 45, -29, 69, -75, -127)
(57, 35, -21, 56, -60, -122)
(52, 26, -10, 44, -48, -109)
(46, 16, -2, 38, -44, -94)
(49, 10, 1, 33, -42, -80)
(51, 7, 5, 28, -38, -65)
(50, 3, 8, 23, -33, -48)
(46, 1, 14, 18, -32, -30)
(46, 0, 18, 13, -34, -13)
(52, -1, 18, 8, -32, 0)
(57, -1, 17, 1, -23, 11)
(61, 0, 16, -6, -9, 25)
(58, -3, 16, -11, 6, 41)
(53, -4, 14, -10, 17, 54)
(48, -1, 11, -9, 24, 70)
(43, 0, 8, -10, 24, 84)
(40, 5, 6, -15, 23, 99)
(41, 8, 1, -21, 26, 114)
(40, 11, -7, -24, 34, 127)
(32, 17, -16, -25, 42, 127)
(19, 25, -26, -32, 41, 127)
(10, 34, -41, -46, 33, 127)
(3, 39, -52, -63, 36, 127)
(-11, 35, -59, -68, 44, 127)
(-25, 32, -60, -44, 49, 127)
(-35, 41, -57, -11, 58, 127)
BatchID:  4




(-23, 47, -22, 2, 3, 1)
(-24, 48, -22, 2, 3, 1)
(-25, 48, -22, 2, 1, 1)
(-25, 49, -21, 2, 0, 1)
(-26, 49, -21, 1, -3, 1)
(-22, 48, -21, 0, -6, 0)
(-20, 47, -21, 0, -5, 0)
(-19, 47, -21, -1, -4, 0)
(-18, 47, -21, 0, -2, 0)
(-18, 46, -20, 0, 0, 0)
(-18, 47, -19, 0, 2, 0)
(-20, 47, -20, 0, 3, 0)
(-21, 47, -19, 0, 3, 0)
(-22, 47, -20, 0, 2, 0)
(-23, 47, -20, 0, 2, 0)
(-23, 48, -20, 0, 1, 0)
(-23, 47, -21, 0, 0, 0)
(-23, 48, -21, 0, 0, 0)
(-22, 47, -22, 0, 0, 0)
(-21, 48, -24, 1, 2, -1)
(-24, 50, -22, 0, 7, -5)
(-24, 55, -16, -4, 14, -10)
(-35, 63, -10, -14, 19, -15)
(-50, 67, -5, -20, 12, -19)
(-64, 70, -5, -17, 2, -26)
(-73, 73, -12, 9, 16, -41)
(-99, 91, -14, 18, 52, -66)
(-123, 106, -5, 15, 75, -100)
(-127, 114, -3, 24, 81, -127)
(-127, 124, -21, 34, 72, -127)
(-127, 127, -44, 28, 60, -127)
(-127, 127, -61, 21, 39, -127)
(-127, 109, -79, 44, -14, -127)
(-127, 105, -92, 67, -36, -127)
(-127, 104, -101, 73, -50, -127)
(-109, 97, -99, 73, -66, -127)
(-82, 92, -99, 79, -79, -127)
(-50, 87, -99, 81, -93, -127)
(-14, 78, -96, 78, -91, -127)
(13, 64, -91, 81, -79, -127)
(28, 50, -80, 87, -75, -127)
(36, 37, -67, 98, -68, -127)
(39, 30, -54, 107, -56, -127)
(45, 28, -45, 108, -45, -125)
(51, 24, -36, 100, -35, -107)
(49, 18, -23, 91, -27, -91)
(43, 16, -11, 81, -22, -73)
(33, 13, -2, 61, -28, -52)
(31, 11, 1, 55, -50, -36)
(36, 8, 2, 45, -58, -23)
(47, 7, 5, 31, -57, -14)
(55, 5, 10, 17, -49, -6)
(58, 2, 14, 8, -33, 1)
(58, -1, 17, 6, -14, 11)
(53, -3, 21, 9, 5, 20)
(47, 0, 21, 8, 17, 29)
(45, 3, 20, -2, 20, 40)
(43, 2, 21, -12, 25, 51)
(38, 3, 20, -18, 27, 61)
(35, 4, 18, -24, 26, 73)
(33, 7, 14, -36, 25, 85)
(35, 7, 9, -49, 26, 96)
(37, 6, 4, -57, 34, 106)
(31, 7, -2, -63, 44, 118)
BatchID:  5




(-20, 46, -21, 0, -8, 2)
(-20, 46, -21, 0, -6, 2)
(-19, 45, -21, 0, -3, 0)
(-19, 46, -21, 0, -1, 0)
(-20, 45, -20, 0, 0, 0)
(-22, 47, -21, 0, 0, 0)
(-22, 46, -21, 0, 0, 0)
(-23, 47, -21, 0, 0, 0)
(-23, 47, -21, 0, 0, 0)
(-23, 47, -21, 0, 0, 0)
(-22, 47, -21, 0, 0, 0)
(-22, 47, -21, 0, 0, 0)
(-22, 47, -21, 0, 0, 0)
(-22, 47, -21, 0, 0, 0)
(-22, 46, -20, 0, 0, 0)
(-22, 47, -21, 0, 0, 0)
(-22, 47, -21, 0, 0, 0)
(-22, 47, -21, 0, 0, 0)
(-23, 47, -21, 0, 0, 0)
(-23, 46, -22, 1, -1, 0)
(-23, 47, -22, 1, -4, 1)
(-26, 49, -20, 0, -4, 1)
(-33, 53, -19, -1, -6, 0)
(-40, 60, -16, -4, -9, 0)
(-49, 65, -14, -5, -16, 2)
(-64, 72, -8, -3, -22, 1)
(-105, 109, 10, 27, -4, -28)
(-127, 127, 17, 15, 23, -69)
(-127, 127, 11, 10, 39, -126)
(-127, 127, -14, 5, 58, -127)
(-127, 127, -37, -6, 68, -127)
(-127, 121, -58, -2, 54, -127)
(-127, 105, -74, 16, 25, -127)
(-127, 93, -86, 39, 0, -127)
(-117, 89, -92, 50, -11, -127)
(-97, 82, -100, 55, -9, -127)
(-80, 71, -99, 63, -9, -127)
(-60, 65, -93, 82, -18, -127)
(-41, 63, -87, 92, -21, -127)
(-25, 59, -80, 95, -25, -127)
(-9, 50, -72, 96, -30, -127)
(7, 40, -61, 102, -28, -127)
(14, 34, -50, 115, -23, -127)
(14, 35, -36, 123, -26, -127)
(17, 38, -24, 113, -34, -119)
(16, 35, -14, 75, -51, -95)
(17, 15, -14, 73, -76, -75)
(19, 6, -7, 63, -82, -55)
(21, 2, 0, 58, -86, -41)
(27, -2, 2, 55, -91, -31)
(32, -5, 5, 49, -84, -24)
(32, -7, 8, 38, -67, -18)
(30, -10, 13, 32, -54, -13)
(28, -10, 16, 20, -36, -1)
(27, -11, 16, 8, -31, 5)
(28, -12, 17, -3, -25, 13)
(29, -14, 17, -11, -17, 22)
(29, -14, 17, -17, -8, 30)
(28, -15, 16, -20, 1, 39)
(27, -14, 14, -25, 9, 49)
(25, -14, 9, -33, 25, 68)
(25, -12, 5, -37, 32, 77)
(23, -7, 0, -41, 41, 87)
BatchID:  6




(-38, 36, -9, -1, 0, -3)
(-37, 36, -8, -1, 0, -2)
(-37, 36, -10, -1, 0, -1)
(-36, 35, -11, -1, 0, 0)
(-37, 35, -11, -2, 0, 0)
(-38, 36, -13, -3, 0, 1)
(-39, 36, -13, -3, -1, 2)
(-39, 36, -14, -2, -1, 2)
(-40, 36, -15, 0, -1, 3)
(-41, 37, -16, 0, -1, 3)
(-42, 38, -16, 1, -2, 3)
(-42, 39, -15, 2, -2, 3)
(-42, 39, -13, 2, -2, 2)
(-42, 39, -13, 2, -2, 1)
(-41, 39, -13, 2, -1, 0)
(-41, 40, -11, 2, -1, 0)
(-42, 39, -11, 3, -1, 0)
(-42, 39, -11, 4, -1, 0)
(-42, 40, -11, 4, 0, 0)
(-43, 40, -10, 4, 1, -1)
(-45, 41, -8, 5, 3, -2)
(-48, 43, -8, 7, 6, -4)
(-51, 44, -9, 11, 14, -7)
(-59, 48, -9, 17, 30, -14)
(-70, 53, -9, 24, 48, -26)
(-91, 61, -10, 25, 65, -43)
(-118, 66, -12, 22, 64, -61)
(-127, 69, -14, 14, 46, -75)
(-127, 72, -20, 22, 11, -91)
(-127, 74, -32, 28, 5, -101)
(-127, 74, -42, 27, 3, -119)
(-127, 69, -50, 28, -2, -127)
(-127, 66, -59, 34, -10, -127)
(-127, 61, -66, 38, -21, -127)
(-127, 56, -67, 58, -34, -127)
(-111, 50, -69, 68, -49, -127)
(-86, 47, -65, 77, -55, -127)
(-64, 44, -58, 84, -59, -127)
(-44, 45, -48, 91, -69, -127)
(-24, 46, -41, 87, -79, -127)
(-1, 43, -37, 80, -81, -127)
(18, 38, -29, 67, -74, -127)
(28, 30, -19, 54, -66, -127)
(32, 22, -11, 45, -59, -114)
(34, 15, -5, 36, -55, -98)
(40, 9, -3, 27, -52, -86)
(48, 4, -2, 19, -42, -76)
(56, 0, 0, 11, -27, -64)
(58, -5, 4, 9, -13, -51)
(56, -9, 8, 14, 0, -36)
(52, -9, 10, 18, 5, -20)
(50, -4, 11, 15, 5, -5)
(47, -1, 11, 5, 3, 11)
(46, -2, 14, -4, 3, 27)
(44, -3, 14, -13, 7, 41)
(43, -3, 13, -19, 14, 51)
(38, -5, 11, -25, 23, 62)
(34, -5, 8, -28, 30, 70)
(31, -4, 6, -34, 37, 78)
(30, -4, 2, -37, 43, 87)
(28, -3, -2, -38, 51, 96)
(24, 0, -7, -39, 63, 108)
(17, 2, -16, -36, 72, 117)
(12, 8, -28, -35, 81, 122)
(0, 12, -43, -47, 86, 127)
(-16, 14, -48, -55, 82, 127)
(-31, 19, -43, -46, 71, 127)
(-53, 29, -38, -29, 58, 127)
(-77, 53, -34, -48, 23, 127)
BatchID:  7




(-37, 39, -23, 2, 0, -1)
(-37, 40, -23, 3, -2, 0)
(-38, 40, -22, 3, -4, 1)
(-38, 41, -22, 2, -5, 1)
(-37, 41, -22, 1, -6, 0)
(-38, 41, -22, 1, -5, 0)
(-37, 40, -22, 1, -4, -1)
(-37, 41, -22, 2, -3, -2)
(-37, 41, -22, 2, -3, -2)
(-37, 40, -22, 2, -3, -3)
(-37, 40, -22, 1, -2, -4)
(-37, 39, -22, 1, 0, -5)
(-37, 38, -21, 1, 0, -5)
(-37, 38, -22, 2, -1, -5)
(-38, 38, -22, 3, -1, -4)
(-50, 45, -24, 10, 1, -3)
(-59, 50, -27, 19, 9, -7)
(-74, 58, -33, 26, 29, -22)
(-102, 63, -43, 26, 48, -51)
(-127, 63, -51, 27, 54, -83)
(-127, 70, -57, 41, 46, -104)
(-127, 81, -65, 56, 34, -120)
(-127, 76, -73, 64, 24, -127)
(-127, 71, -81, 74, 15, -127)
(-127, 67, -88, 74, 0, -127)
(-127, 59, -90, 73, -22, -127)
(-126, 51, -96, 85, -44, -127)
(-99, 52, -101, 89, -63, -127)
(-76, 44, -99, 85, -63, -127)
(-56, 34, -92, 99, -63, -127)
(-38, 33, -83, 116, -71, -127)
(-23, 35, -72, 124, -79, -127)
(-9, 35, -58, 121, -94, -121)
(2, 34, -45, 113, -109, -101)
(16, 31, -35, 98, -121, -80)
(28, 28, -24, 77, -127, -64)
(37, 19, -18, 56, -123, -57)
(46, 10, -14, 44, -106, -54)
(50, 4, -6, 35, -82, -51)
(51, 2, 2, 29, -61, -45)
(48, -3, 7, 29, -46, -37)
(46, -5, 11, 32, -31, -27)
(43, -3, 13, 32, -21, -17)
(42, -2, 16, 23, -17, -6)
(43, -2, 18, 13, -15, 4)
(44, -4, 20, 5, -9, 15)
(45, -4, 20, -1, -1, 24)
(47, -6, 19, -8, 10, 32)
(48, -7, 18, -13, 24, 38)
(37, -7, 14, -14, 45, 59)
(32, -4, 11, -18, 47, 71)
(28, -2, 8, -28, 46, 85)
(27, -1, 3, -37, 44, 96)
(27, 0, -3, -43, 51, 104)
(19, 4, -11, -42, 61, 113)
(6, 10, -19, -41, 66, 124)
(-7, 18, -26, -50, 59, 127)
(-10, 22, -34, -70, 46, 127)
(-10, 20, -41, -72, 48, 127)
(-29, 23, -44, -49, 59, 127)
(-63, 39, -49, -13, 58, 127)
(-103, 95, -23, -64, 6, 127)
(-96, 62, -41, -65, -16, 127)
(-75, 42, -46, -50, -15, 127)
(-47, 56, -55, -19, 42, 127)
(-65, 82, -65, -5, 121, 110)
(-115, 98, -55, -9, 127, 97)
(-127, 103, -50, -19, 108, 106)
BatchID:  8




(-30, 47, -15, -6, -21, 7)
(-26, 47, -15, -8, -25, 9)
(-26, 47, -15, -8, -25, 9)
(-25, 46, -17, -8, -22, 9)
(-25, 46, -16, -7, -18, 8)
(-25, 46, -16, -5, -12, 6)
(-27, 46, -16, -2, -6, 4)
(-28, 47, -16, 0, -1, 1)
(-30, 48, -15, 0, 5, -2)
(-32, 49, -14, 0, 5, -2)
(-32, 47, -14, -1, 3, -2)
(-33, 47, -14, 0, 0, -2)
(-34, 46, -15, 1, 0, 0)
(-37, 48, -15, 2, 1, 0)
(-39, 48, -14, 3, 4, -2)
(-56, 57, -15, 10, 9, -9)
(-77, 69, -13, 14, 11, -17)
(-99, 78, -15, 20, 10, -32)
(-119, 89, -24, 33, 18, -57)
(-127, 109, -38, 36, 38, -93)
(-127, 118, -52, 33, 47, -127)
(-127, 117, -64, 30, 49, -127)
(-127, 108, -74, 39, 46, -127)
(-127, 102, -78, 55, 39, -127)
(-127, 95, -76, 75, 21, -127)
(-127, 91, -78, 90, -10, -127)
(-123, 85, -77, 96, -42, -127)
(-98, 80, -74, 102, -64, -127)
(-70, 76, -69, 101, -76, -127)
(-49, 71, -65, 97, -79, -127)
(-30, 63, -58, 89, -82, -127)
(-11, 51, -48, 86, -86, -127)
(5, 43, -41, 85, -85, -127)
(20, 37, -35, 78, -78, -127)
(29, 29, -25, 69, -71, -116)
(31, 21, -16, 57, -67, -100)
(30, 5, -5, 42, -64, -74)
(32, 2, -3, 37, -63, -63)
(35, 0, 0, 33, -60, -51)
(38, -3, 0, 29, -53, -40)
(40, -4, 3, 24, -42, -30)
(39, -6, 7, 21, -31, -20)
(41, -6, 9, 17, -23, -12)
(42, -5, 9, 10, -13, -4)
(45, -5, 8, 2, 0, 3)
(44, -6, 8, -4, 14, 11)
(39, -9, 10, -7, 25, 23)
(32, -9, 12, -7, 28, 36)
(27, -8, 12, -9, 26, 48)
(25, -8, 12, -13, 22, 59)
(26, -6, 12, -20, 21, 68)
(26, -7, 10, -25, 22, 78)
(27, -4, 5, -32, 27, 88)
(26, -2, 0, -37, 34, 97)
(24, 0, -6, -41, 43, 106)
(20, 4, -12, -45, 52, 116)
(7, 10, -21, -47, 61, 127)
(-9, 17, -25, -50, 59, 127)
(-20, 26, -29, -61, 45, 127)
(-24, 32, -40, -61, 37, 127)
(-43, 37, -47, -50, 41, 127)
(-70, 58, -34, -57, 27, 127)
(-83, 54, -31, -70, 0, 127)
(-82, 52, -40, -47, -36, 127)
(-78, 70, -56, -20, -22, 127)
(-84, 91, -73, -14, 31, 127)
BatchID:  9




(-24, 51, -14, -2, -1, 1)
(-26, 50, -14, -3, 0, 0)
(-27, 49, -15, -2, -1, 0)
(-27, 49, -15, -1, -1, 0)
(-26, 49, -15, -1, -1, -1)
(-25, 50, -16, -2, 0, -3)
(-24, 49, -16, -4, 1, -5)
(-24, 48, -15, -4, 2, -6)
(-25, 47, -15, -3, 2, -6)
(-24, 46, -15, -1, 1, -5)
(-24, 46, -15, 0, 0, -4)
(-24, 46, -14, 0, 0, -3)
(-23, 46, -14, 0, 1, -2)
(-24, 46, -14, 1, 1, -2)
(-25, 47, -15, 0, 3, -2)
(-26, 46, -14, 0, 4, -2)
(-27, 46, -14, 0, 3, -1)
(-29, 46, -14, 2, 2, 0)
(-29, 46, -14, 3, 0, 0)
(-29, 47, -13, 3, 0, 0)
(-28, 47, -15, 2, 0, 0)
(-29, 48, -15, 2, 0, -1)
(-30, 48, -15, 0, 0, -2)
(-30, 48, -15, 0, 0, -3)
(-30, 48, -16, 0, 0, -4)
(-28, 47, -16, 0, -1, -5)
(-28, 47, -16, 0, -1, -6)
(-28, 47, -16, 0, -1, -6)
(-28, 47, -16, 0, -2, -6)
(-29, 46, -16, 0, -3, -6)
(-28, 47, -16, 1, -5, -5)
(-28, 47, -16, 1, -5, -5)
(-26, 47, -14, 0, -6, -5)
(-24, 47, -15, -1, -5, -7)
(-24, 46, -16, -2, -2, -8)
(-23, 44, -16, -3, 0, -9)
(-24, 45, -17, -1, 3, -10)
(-27, 45, -18, 2, 5, -8)
(-38, 49, -18, 11, 6, -6)
(-57, 60, -18, 29, 8, -5)
(-80, 77, -16, 37, 14, -15)
(-105, 86, -16, 30, 21, -44)
(-122, 87, -20, 26, 35, -84)
(-127, 94, -37, 29, 50, -120)
(-127, 105, -63, 33, 61, -127)
(-127, 109, -82, 41, 60, -127)
(-127, 102, -90, 56, 39, -127)
(-127, 102, -89, 80, 18, -127)
(-127, 106, -96, 90, -17, -127)
(-127, 100, -96, 95, -47, -127)
(-127, 96, -88, 103, -73, -127)
(-105, 93, -85, 107, -90, -127)
(-71, 90, -78, 106, -100, -127)
(-37, 87, -67, 106, -111, -127)
(-5, 85, -63, 96, -109, -127)
(16, 73, -56, 80, -96, -127)
(38, 42, -29, 61, -85, -127)
(37, 33, -21, 60, -80, -115)
(34, 26, -15, 55, -73, -98)
(35, 21, -11, 46, -73, -85)
(39, 16, -8, 34, -72, -74)
(53, 5, -2, 13, -51, -53)
(53, 0, 2, 10, -37, -41)
(51, -3, 5, 13, -25, -26)
(50, -4, 7, 15, -14, -12)
(50, -3, 7, 12, -9, -2)
(50, -2, 7, 4, -2, 9)
BatchID:  10




(-99, 62, -23, 10, 8, -99)
(-92, 60, -22, 10, -5, -101)
(-82, 58, -21, 7, -20, -99)
(-71, 52, -21, 1, -33, -96)
(-61, 45, -20, -2, -43, -92)
(-49, 38, -20, -3, -54, -88)
(-26, 30, -25, -4, -61, -72)
(-17, 25, -27, -9, -57, -64)
(-13, 17, -25, -12, -53, -57)
(-12, 11, -24, -5, -49, -47)
(-13, 12, -27, 2, -41, -37)
(-14, 11, -28, 0, -32, -31)
(-20, 7, -28, 8, -16, -27)
(-73, 28, -32, 21, 26, -34)
(-106, 25, -40, 12, 35, -58)
(-121, 6, -42, 20, 49, -89)
(-127, 4, -44, 54, 72, -113)
(-127, 9, -58, 74, 70, -125)
(-127, 9, -70, 74, 66, -127)
(-127, 2, -65, 73, 47, -127)
(-127, 1, -63, 80, 8, -127)
(-127, 6, -60, 80, -25, -127)
(-96, 7, -54, 80, -47, -127)
(-65, 9, -47, 80, -54, -127)
(-42, 10, -35, 78, -52, -126)
(-28, 11, -25, 76, -53, -121)
(0, 7, -11, 62, -55, -106)
(10, 6, -6, 54, -51, -96)
(18, 4, -3, 44, -48, -83)
(20, -1, 1, 36, -50, -66)
(22, -7, 3, 32, -52, -51)
(21, -13, 10, 31, -56, -28)
(23, -11, 13, 29, -59, -18)
(26, -12, 17, 24, -58, -10)
(29, -11, 22, 16, -53, -3)
(32, -12, 25, 4, -44, 3)
(37, -14, 27, -6, -32, 9)
(42, -17, 28, -14, -13, 14)
(40, -20, 28, -18, 10, 19)
(34, -21, 28, -20, 27, 26)
(27, -21, 26, -25, 35, 35)
(23, -20, 23, -30, 35, 44)
(20, -19, 19, -35, 34, 54)
(19, -15, 15, -42, 29, 65)
(23, -13, 8, -52, 27, 76)
(25, -10, 3, -56, 35, 89)
(21, -8, -3, -56, 47, 101)
(12, -3, -9, -52, 56, 112)
(2, 3, -17, -51, 55, 123)
(-9, 11, -26, -53, 45, 127)
(-20, 19, -33, -61, 34, 127)
(-30, 25, -35, -68, 25, 127)
(-40, 27, -36, -76, 9, 127)
(-33, 28, -51, -66, 7, 127)
(-36, 36, -68, -57, 37, 127)
(-63, 42, -74, -35, 65, 127)
(-95, 61, -59, -10, 57, 127)
(-117, 58, -54, -23, 30, 127)
(-98, 61, -54, 2, 33, 127)
(-99, 81, -54, 6, 53, 127)
(-114, 85, -52, -6, 55, 127)
(-127, 86, -39, -27, 38, 127)
(-118, 77, -34, -21, 7, 127)
(-100, 84, -41, -11, 11, 122)
(-97, 83, -44, -19, 25, 108)
(-97, 71, -41, -13, 45, 87)
(-100, 75, -39, 0, 56, 67)
BatchID:  11




(-27, 44, -19, 0, 0, 0)
(-28, 45, -20, 0, 0, 0)
(-28, 44, -20, 0, 0, 0)
(-28, 44, -20, 0, 0, 0)
(-28, 45, -21, 0, 0, 0)
(-30, 44, -20, 0, 0, 0)
(-28, 45, -20, 0, 0, 0)
(-28, 45, -21, 0, -1, 0)
(-27, 44, -20, 0, -1, 0)
(-27, 44, -22, 0, -1, 1)
(-27, 44, -22, 0, -1, 1)
(-28, 43, -22, 3, -2, 3)
(-29, 44, -20, 3, -3, 3)
(-29, 45, -20, 3, -4, 4)
(-30, 45, -18, 2, -4, 3)
(-34, 47, -15, 3, -5, 2)
(-43, 54, -11, 1, -3, -3)
(-60, 69, -4, -5, -1, -16)
(-80, 80, 3, -18, -5, -33)
(-68, 76, 11, -13, 9, -54)
(-83, 85, 1, -2, 48, -76)
(-111, 88, -12, -4, 78, -102)
(-127, 85, -23, 2, 93, -127)
(-127, 87, -38, 12, 81, -127)
(-127, 94, -60, 23, 42, -127)
(-127, 98, -83, 20, -3, -127)
(-127, 89, -96, 18, -32, -127)
(-127, 73, -101, 30, -32, -127)
(-118, 67, -100, 52, -22, -127)
(-101, 63, -100, 71, -16, -127)
(-84, 56, -93, 91, -9, -127)
(-71, 56, -84, 116, -15, -127)
(-55, 64, -79, 127, -28, -127)
(-37, 64, -76, 120, -36, -127)
(-24, 52, -61, 110, -48, -127)
(-13, 42, -44, 115, -62, -127)
(-3, 45, -30, 114, -76, -127)
(15, 45, -28, 88, -82, -113)
(24, 33, -25, 72, -75, -100)
(29, 25, -14, 56, -66, -88)
(31, 19, -6, 49, -55, -81)
(29, 12, 0, 44, -46, -72)
(28, 9, 3, 41, -41, -62)
(29, 6, 5, 34, -39, -52)
(31, 3, 6, 26, -32, -42)
(32, 0, 9, 18, -24, -33)
(31, -3, 12, 12, -19, -23)
(29, -6, 15, 8, -17, -12)
(30, -8, 15, 6, -14, -1)
(30, -9, 16, 2, -9, 9)
(27, -9, 17, -2, -3, 20)
(27, -11, 17, -7, 0, 30)
(26, -14, 18, -12, 5, 40)
(24, -17, 19, -16, 13, 49)
(21, -19, 20, -15, 21, 58)
(19, -18, 20, -14, 27, 67)
(18, -15, 17, -17, 32, 74)
(22, -10, 13, -26, 38, 80)
(25, -6, 8, -38, 52, 86)
(18, -6, 4, -49, 71, 97)
(7, -1, -2, -51, 84, 105)
(-8, 5, -13, -53, 85, 113)
(-21, 16, -26, -62, 73, 122)
(-29, 24, -43, -84, 54, 127)
(-33, 28, -56, -107, 49, 127)
(-57, 20, -58, -106, 48, 127)
(-77, 17, -61, -76, 30, 127)
(-82, 29, -62, -54, 20, 127)
BatchID:  12




(-30, 42, -24, 0, 0, 0)
(-31, 42, -25, 0, -1, 0)
(-30, 42, -24, 0, -1, 1)
(-30, 42, -25, 0, -1, 1)
(-30, 42, -24, 0, -1, 0)
(-30, 42, -24, 0, -1, 0)
(-30, 42, -24, 0, -1, 1)
(-30, 42, -24, 0, 0, 1)
(-30, 42, -24, 0, 0, 1)
(-30, 42, -24, 0, 0, 0)
(-30, 42, -24, 0, 0, 0)
(-30, 42, -24, 0, 0, 0)
(-31, 42, -24, 0, 0, 0)
(-30, 42, -24, 0, 0, 0)
(-30, 42, -23, 0, 0, 0)
(-30, 43, -24, 0, 0, 0)
(-31, 43, -23, -1, 0, 0)
(-32, 43, -23, -1, 0, -1)
(-37, 45, -21, -1, 0, -2)
(-68, 66, -11, -1, 0, -14)
(-85, 73, -7, -6, -2, -28)
(-85, 74, -3, -1, 12, -44)
(-110, 82, -9, 4, 39, -68)
(-127, 89, -17, 9, 51, -93)
(-127, 94, -29, 13, 38, -116)
(-127, 101, -45, 19, 13, -127)
(-127, 106, -72, 31, -23, -127)
(-127, 109, -95, 32, -43, -127)
(-127, 101, -107, 33, -49, -127)
(-127, 85, -113, 50, -40, -127)
(-127, 76, -112, 74, -31, -127)
(-103, 68, -110, 96, -26, -127)
(-80, 67, -107, 122, -23, -127)
(-59, 69, -101, 127, -36, -127)
(-34, 68, -94, 127, -47, -127)
(-14, 61, -79, 127, -60, -127)
(0, 54, -63, 127, -75, -127)
(17, 53, -50, 127, -87, -127)
(30, 51, -38, 106, -91, -109)
(38, 44, -24, 73, -98, -90)
(46, 21, -9, 41, -82, -71)
(48, 16, 0, 33, -72, -62)
(51, 11, 5, 28, -64, -54)
(53, 7, 10, 21, -54, -44)
(52, 3, 14, 17, -42, -34)
(49, 0, 18, 18, -31, -21)
(44, 1, 18, 10, -19, 0)
(45, 0, 17, -3, -13, 7)
(46, -2, 19, -12, -5, 16)
(49, -5, 16, -16, 4, 26)
(48, -5, 15, -19, 18, 36)
(40, -7, 14, -18, 27, 48)
(32, -6, 12, -18, 27, 60)
(29, -4, 9, -23, 20, 74)
(31, -1, 5, -34, 16, 87)
(35, -1, 0, -43, 20, 99)
(34, 0, -7, -43, 33, 109)
(27, 3, -17, -43, 44, 119)
(18, 8, -31, -47, 52, 127)
(8, 14, -42, -55, 59, 127)
(-7, 18, -47, -59, 59, 127)
(-21, 25, -46, -51, 53, 127)
(-35, 34, -49, -47, 48, 127)
(-40, 41, -52, -44, 45, 127)
BatchID:  13




(-30, 39, -28, 1, 0, 1)
(-30, 40, -28, 1, 0, 1)
(-31, 41, -27, 0, 0, 1)
(-32, 41, -26, 0, 0, 1)
(-31, 41, -27, 0, 0, 1)
(-31, 41, -26, 0, 0, 1)
(-32, 41, -27, -1, 0, 0)
(-32, 41, -26, -1, 0, 0)
(-31, 41, -27, -1, 0, 0)
(-31, 40, -28, -2, 0, 0)
(-31, 40, -29, -2, 0, 0)
(-31, 39, -29, -1, 0, 0)
(-32, 39, -29, 0, 0, 0)
(-32, 41, -27, 0, -1, 0)
(-33, 42, -26, 0, -1, 0)
(-38, 45, -22, -2, 0, -2)
(-42, 49, -19, -4, 0, -8)
(-48, 53, -18, -9, 4, -15)
(-66, 60, -12, -14, 7, -21)
(-86, 70, -10, -9, 5, -28)
(-111, 78, -24, 8, 8, -36)
(-127, 90, -36, 3, 18, -57)
(-127, 93, -40, 6, 1, -80)
(-127, 95, -52, 19, -25, -108)
(-127, 100, -69, 31, -36, -127)
(-127, 105, -86, 44, -29, -127)
(-127, 100, -104, 52, -17, -127)
(-127, 82, -103, 65, -13, -127)
(-127, 77, -109, 98, -19, -127)
(-127, 82, -114, 109, -40, -127)
(-95, 74, -109, 118, -55, -127)
(-60, 69, -101, 127, -67, -127)
(-30, 68, -95, 127, -75, -127)
(-2, 63, -85, 127, -78, -127)
(14, 54, -71, 127, -80, -127)
(24, 46, -55, 127, -84, -127)
(29, 42, -40, 116, -89, -113)
(36, 40, -28, 95, -93, -92)
(44, 39, -16, 56, -96, -76)
(50, 23, -15, 30, -100, -68)
(60, 15, -9, 12, -90, -61)
(64, 7, -3, 5, -69, -53)
(61, 1, 3, 7, -51, -43)
(57, -2, 8, 22, -28, -21)
(53, 0, 9, 24, -16, -10)
(51, 4, 11, 17, -11, 0)
(50, 5, 13, 7, -4, 11)
(48, 4, 14, 0, 2, 21)
(47, 3, 13, -7, 9, 31)
(45, 3, 13, -13, 20, 41)
(44, 3, 13, -18, 32, 50)
(39, 4, 13, -22, 42, 57)
(33, 5, 13, -26, 50, 65)
(28, 7, 10, -33, 54, 72)
(23, 11, 6, -42, 52, 81)
(20, 13, 0, -53, 48, 91)
(19, 16, -7, -64, 47, 104)
(13, 21, -16, -72, 47, 120)
(2, 28, -26, -77, 45, 127)
(-12, 36, -36, -85, 37, 127)
(-22, 42, -45, -92, 27, 127)
(-31, 47, -55, -90, 25, 127)
(-89, 71, -71, -59, 25, 127)
(-123, 78, -74, -82, 8, 127)
(-127, 68, -74, -59, -9, 127)
BatchID:  14



(-24, 45, -24, 0, 0, 0)
(-24, 46, -24, 0, 0, 0)
(-24, 45, -24, 0, 0, 0)
(-24, 45, -24, 0, 0, 0)
(-24, 45, -23, 0, 0, 0)
(-24, 45, -24, 0, 0, 0)
(-24, 45, -24, 0, 0, 0)
(-23, 45, -24, 0, 0, 0)
(-23, 45, -24, 0, 0, 0)
(-24, 45, -24, 0, 0, 0)
(-24, 46, -24, 0, 0, 0)
(-24, 45, -24, 0, 0, 0)
(-24, 45, -24, 0, 0, 0)
(-25, 45, -25, 0, 0, 0)
(-28, 48, -23, 0, 1, -1)
(-34, 55, -17, 0, 6, -8)
(-41, 77, 1, -7, 30, -23)
(-59, 98, 16, -21, 57, -51)
(-60, 92, 13, -11, 102, -106)
(-114, 100, 0, 13, 127, -127)
(-127, 110, -23, 34, 127, -127)
(-127, 127, -55, 29, 118, -127)
(-127, 127, -72, 9, 1, -127)
(-127, 127, -93, 12, -92, -127)
(-127, 127, -111, 32, -124, -127)
(-127, 118, -125, 37, -111, -127)
(-109, 108, -127, 31, -84, -127)
(-88, 95, -127, 42, -50, -127)
(-63, 87, -126, 71, -53, -127)
(-29, 85, -118, 91, -65, -127)
(-1, 78, -106, 98, -76, -127)
(16, 67, -89, 94, -92, -127)
(29, 55, -75, 84, -100, -127)
(33, 45, -63, 77, -96, -127)
(34, 37, -53, 69, -89, -116)
(40, 31, -45, 61, -80, -104)
(42, 26, -36, 53, -69, -93)
(42, 19, -27, 43, -56, -82)
(40, 12, -23, 38, -41, -74)
(36, 4, -20, 41, -29, -65)
(30, 2, -16, 44, -21, -54)
(27, 3, -11, 45, -16, -41)
(24, 4, -5, 41, -21, -29)
(22, 1, 1, 30, -32, -16)
(25, -1, 5, 28, -37, -5)
(31, -3, 10, 24, -36, 2)
(36, -3, 11, 21, -30, 9)
(41, -3, 13, 15, -13, 16)
(41, -5, 17, 11, 6, 22)
(37, -7, 20, 10, 19, 28)
(33, -8, 22, 9, 26, 36)
(31, -7, 22, 6, 29, 44)
(32, -8, 19, -3, 30, 53)
(35, -10, 16, -8, 35, 61)
(37, -10, 14, -13, 46, 71)
(34, -8, 11, -17, 56, 82)
(32, -4, 5, -27, 63, 94)
(28, -2, -4, -35, 68, 104)
(25, 1, -13, -40, 73, 114)
(21, 6, -27, -47, 82, 123)
BatchID:  2




(-27, 43, -25, 0, 0, 0)
(-27, 42, -26, 0, 0, 0)
(-27, 43, -25, 0, 0, 0)
(-27, 43, -25, 0, 0, 0)
(-27, 43, -26, 0, 0, 0)
(-27, 42, -26, 0, 0, 0)
(-28, 43, -26, 0, 0, 0)
(-28, 43, -26, 0, 0, 0)
(-28, 43, -26, 0, -1, 0)
(-27, 43, -25, 0, 0, 0)
(-27, 43, -26, 0, 0, 0)
(-27, 42, -25, 0, 0, 0)
(-27, 43, -26, 0, 0, 0)
(-27, 43, -26, 0, 0, 0)
(-32, 44, -27, 0, 0, -1)
(-34, 46, -25, 2, 0, -2)
(-39, 49, -26, 5, 0, -4)
(-49, 56, -22, 11, 4, -7)
(-59, 66, -18, 17, 22, -13)
(-68, 77, -19, 27, 46, -26)
(-106, 81, -24, 24, 60, -51)
(-127, 87, -25, 25, 49, -78)
(-127, 99, -37, 31, 6, -94)
(-127, 118, -57, 24, -44, -103)
(-127, 116, -86, 31, -77, -115)
(-127, 111, -113, 34, -65, -127)
(-127, 99, -126, 39, -41, -127)
(-127, 80, -118, 52, -33, -127)
(-127, 66, -104, 94, -30, -127)
(-115, 78, -96, 127, -51, -127)
(-96, 91, -90, 127, -89, -127)
(-72, 85, -83, 101, -117, -127)
(-59, 69, -73, 76, -127, -121)
(-44, 53, -60, 58, -127, -114)
(-30, 43, -53, 50, -127, -115)
(-15, 37, -51, 42, -127, -117)
(0, 31, -50, 31, -127, -118)
(13, 23, -49, 24, -117, -119)
(21, 17, -46, 22, -93, -117)
(24, 13, -42, 19, -75, -114)
(30, 11, -43, 10, -62, -112)
(33, 3, -42, 4, -52, -107)
(36, -2, -39, 11, -45, -96)
(35, -3, -30, 29, -41, -79)
(32, 0, -20, 43, -46, -60)
(44, 4, -16, 43, -51, -46)
(65, 1, -6, 22, -17, -32)
(62, -1, 4, 20, 3, -21)
(52, -6, 7, 27, 13, -9)
(48, 0, 9, 24, 15, 4)
(47, 0, 13, 13, 14, 18)
(44, -5, 20, 9, 15, 33)
(43, -6, 23, 8, 18, 46)
(42, -4, 22, 4, 25, 58)
(41, -3, 19, -3, 38, 66)
(37, -2, 16, -12, 56, 70)
BatchID:  3




(-33, 37, -31, 1, -1, 0)
(-33, 37, -30, 1, -1, 0)
(-33, 37, -31, 0, 0, 0)
(-32, 37, -31, 0, 0, 0)
(-32, 37, -31, 0, 0, 0)
(-33, 37, -31, 1, 0, 0)
(-33, 37, -31, 0, -1, 0)
(-34, 38, -30, 0, -1, 0)
(-33, 37, -30, 0, 0, 0)
(-33, 37, -30, 0, 0, 0)
(-32, 37, -31, 0, 0, 0)
(-33, 37, -31, 0, 0, 0)
(-32, 37, -31, 0, 0, 0)
(-33, 37, -31, 0, 0, 0)
(-33, 38, -31, 0, 0, 0)
(-33, 37, -31, 0, 0, 0)
(-37, 39, -29, 0, 0, 0)
(-44, 45, -27, 0, 0, -2)
(-58, 56, -20, -4, 2, -5)
(-81, 67, -10, -12, 1, -8)
(-121, 84, 0, 1, 0, -28)
(-127, 93, -6, -8, 0, -54)
(-127, 97, -15, -9, -3, -90)
(-127, 104, -29, -10, -2, -123)
(-127, 106, -47, -8, -11, -127)
(-127, 101, -72, 0, -21, -127)
(-127, 96, -95, 12, -24, -127)
(-127, 86, -119, 23, -13, -127)
(-127, 76, -127, 31, -11, -127)
(-127, 61, -127, 50, -2, -127)
(-112, 46, -127, 91, -4, -127)
(-86, 47, -127, 127, -20, -127)
(-57, 60, -123, 127, -38, -127)
(-29, 63, -110, 127, -64, -127)
(-3, 60, -90, 127, -89, -127)
(8, 59, -71, 127, -109, -117)
(17, 59, -53, 127, -127, -88)
(28, 54, -39, 103, -127, -68)
(39, 43, -29, 64, -127, -57)
(51, 29, -24, 38, -127, -56)
(63, 17, -18, 25, -119, -58)
(68, 10, -10, 22, -78, -59)
(63, 6, 2, 27, -45, -57)
(53, 3, 14, 32, -26, -50)
(46, 2, 10, 40, -17, -40)
(46, 11, 10, 27, -13, -29)
(48, 9, 11, 11, -15, -18)
(50, 3, 14, 4, -11, -5)
(51, 3, 15, 2, -5, 8)
(52, 2, 12, -1, -2, 19)
(55, 1, 12, -7, 4, 31)
(52, -1, 12, -7, 12, 45)
(48, 1, 13, -7, 16, 60)
(44, 1, 11, -11, 16, 74)
(43, 1, 8, -17, 17, 86)
(44, 0, 6, -25, 24, 96)
(44, -1, 3, -30, 36, 104)
(43, 0, -3, -34, 54, 110)
(40, 4, -13, -40, 74, 112)
(32, 7, -25, -47, 96, 116)
(15, 10, -39, -51, 117, 122)
(-6, 16, -54, -54, 121, 127)
(-25, 24, -65, -61, 103, 127)
(-37, 34, -69, -65, 90, 127)
(-61, 44, -75, -54, 85, 127)
(-94, 50, -82, -48, 68, 127)
(-103, 46, -76, -51, 61, 127)
(-95, 41, -69, -32, 88, 127)
BatchID:  4




(-31, 36, -35, 0, -1, 1)
(-32, 36, -35, 0, -1, 1)
(-31, 36, -34, 0, -1, 0)
(-31, 36, -34, 0, 0, 0)
(-31, 36, -34, 0, 0, 0)
(-30, 36, -35, 0, 0, 0)
(-31, 35, -35, 0, 0, 0)
(-30, 36, -35, 0, 0, 0)
(-31, 36, -35, 0, 0, 0)
(-32, 36, -34, 0, -1, 1)
(-32, 35, -34, 0, -1, 1)
(-32, 37, -34, 0, -1, 0)
(-31, 36, -34, 0, -1, 0)
(-30, 36, -34, 0, 1, 0)
(-31, 36, -34, -1, 1, 0)
(-35, 38, -34, 0, 2, -1)
(-46, 45, -29, 0, 4, -2)
(-68, 64, -17, -11, 7, -7)
(-97, 76, -7, -29, 1, -15)
(-113, 82, 4, -29, -11, -30)
(-117, 84, 1, -10, 4, -66)
(-127, 96, -13, -10, 40, -111)
(-127, 93, -33, -12, 72, -127)
(-127, 84, -47, -7, 74, -127)
(-127, 83, -72, 11, 46, -127)
(-127, 85, -103, 26, 0, -127)
(-127, 82, -127, 24, -42, -127)
(-127, 75, -127, 16, -78, -127)
(-127, 54, -127, 31, -93, -127)
(-118, 44, -127, 73, -80, -127)
(-85, 47, -127, 113, -65, -127)
(-66, 49, -127, 127, -56, -127)
(-49, 51, -122, 127, -60, -127)
(-31, 53, -104, 127, -76, -127)
(-12, 57, -85, 127, -98, -127)
(7, 58, -67, 127, -116, -114)
(23, 56, -50, 126, -127, -88)
(39, 48, -36, 90, -127, -73)
(50, 34, -27, 58, -127, -70)
(59, 19, -21, 42, -113, -68)
(63, 9, -13, 41, -84, -64)
(59, 5, -1, 50, -58, -57)
(51, 6, 10, 52, -42, -46)
(42, 3, 8, 58, -36, -37)
(39, 12, 10, 48, -32, -26)
(40, 11, 13, 30, -34, -19)
(47, 6, 14, 16, -29, -14)
(52, 3, 16, 8, -17, -6)
(55, 3, 15, 4, -1, 2)
(46, 3, 15, -3, 17, 24)
(43, 3, 16, -7, 18, 35)
(43, 3, 16, -11, 21, 45)
(43, 2, 14, -15, 20, 57)
(46, 4, 12, -22, 23, 72)
(51, 5, 9, -31, 31, 86)
(46, 6, -1, -43, 66, 104)
(41, 6, -15, -48, 82, 108)
(37, 11, -29, -56, 99, 112)
(27, 15, -47, -70, 119, 119)
BatchID:  5




(-29, 37, -31, 0, 0, 0)
(-30, 38, -32, 0, 1, 0)
(-31, 38, -32, 0, 1, 0)
(-32, 37, -32, 0, 1, 0)
(-32, 38, -32, 0, 1, 0)
(-32, 38, -32, 0, 0, 0)
(-31, 38, -32, 0, 0, 0)
(-31, 38, -32, 0, 0, 0)
(-31, 38, -32, 0, 0, 0)
(-31, 38, -31, 0, 0, 0)
(-31, 37, -31, 0, 0, 0)
(-32, 38, -32, 0, 0, 0)
(-31, 37, -32, 0, 0, 0)
(-31, 37, -32, 0, 0, 0)
(-31, 38, -32, 0, 0, 0)
(-32, 38, -33, 0, 0, 0)
(-32, 38, -32, -1, -1, 0)
(-34, 39, -31, -1, -1, 0)
(-35, 41, -29, -3, 0, -3)
(-42, 46, -26, -6, 4, -7)
(-50, 56, -22, -14, 10, -16)
(-63, 61, -24, -27, 16, -28)
(-79, 63, -24, -29, 16, -37)
(-93, 59, -23, -20, 32, -44)
(-127, 64, -26, 3, 34, -60)
(-127, 76, -36, 13, 8, -78)
(-127, 85, -47, 16, -13, -99)
(-127, 89, -56, 16, -24, -118)
(-127, 91, -69, 23, -33, -127)
(-127, 92, -89, 32, -39, -127)
(-127, 90, -104, 35, -44, -127)
(-127, 83, -114, 45, -47, -127)
(-127, 81, -120, 60, -47, -127)
(-127, 81, -122, 74, -58, -127)
(-112, 77, -120, 89, -69, -127)
(-80, 72, -113, 106, -74, -127)
(-43, 72, -110, 122, -73, -127)
(-9, 71, -110, 127, -55, -127)
(7, 57, -91, 127, -46, -127)
(12, 51, -67, 127, -52, -127)
(16, 57, -51, 127, -62, -127)
(27, 77, -30, 112, -82, -114)
(46, 47, -37, 85, -106, -99)
(70, 34, -27, 60, -95, -88)
(82, 24, -13, 44, -65, -77)
(82, 15, 1, 47, -48, -66)
(75, 9, 12, 63, -34, -50)
(68, 13, 19, 74, -21, -31)
(65, 25, 21, 60, -23, -15)
(65, 23, 27, 33, -23, 0)
(65, 18, 31, 15, -18, 13)
(59, 15, 29, -10, 0, 37)
(51, 14, 25, -23, 5, 50)
(45, 11, 23, -31, 7, 62)
(42, 11, 19, -36, 9, 74)
(41, 10, 15, -41, 12, 85)
(41, 11, 11, -47, 21, 95)
(42, 11, 7, -57, 34, 104)
(41, 10, 0, -65, 51, 111)
(34, 12, -10, -69, 75, 116)
(19, 16, -24, -69, 93, 121)
(0, 26, -40, -75, 98, 127)
(-23, 35, -58, -97, 85, 127)
(-37, 33, -74, -117, 62, 127)
BatchID:  6




(-31, 37, -33, 0, 0, 0)
(-32, 36, -34, 0, 0, 0)
(-31, 37, -34, 0, 0, 0)
(-31, 36, -34, 0, 0, 0)
(-31, 36, -33, 0, 0, 0)
(-31, 36, -33, 0, 0, 0)
(-30, 37, -33, 0, 0, 0)
(-31, 36, -34, 0, 0, 0)
(-31, 36, -34, 0, 0, 0)
(-31, 36, -33, 0, 0, 0)
(-31, 37, -34, 0, 0, 0)
(-32, 36, -34, 0, 0, 0)
(-32, 36, -34, 0, -1, 0)
(-31, 37, -33, 0, -1, 0)
(-32, 37, -33, 0, -1, 0)
(-33, 38, -32, 0, 0, 0)
(-35, 40, -31, -1, 0, -3)
(-43, 45, -31, -5, 3, -7)
(-56, 50, -30, -9, 3, -14)
(-66, 53, -27, -16, 0, -24)
(-68, 50, -24, -21, -7, -31)
(-66, 48, -24, -12, -2, -36)
(-88, 57, -30, 5, 14, -41)
(-127, 68, -38, 17, 13, -52)
(-127, 75, -51, 35, 7, -71)
(-127, 85, -62, 40, 1, -99)
(-127, 89, -75, 32, -8, -127)
(-127, 84, -85, 29, -15, -127)
(-127, 76, -93, 38, -26, -127)
(-127, 70, -97, 50, -40, -127)
(-127, 70, -100, 63, -63, -127)
(-123, 68, -102, 69, -89, -127)
(-96, 65, -105, 70, -108, -127)
(-68, 56, -104, 69, -107, -127)
(-43, 47, -101, 76, -97, -127)
(-24, 39, -89, 85, -89, -127)
(-13, 32, -75, 90, -85, -127)
(-1, 28, -61, 93, -82, -127)
(9, 24, -50, 91, -79, -122)
(14, 22, -40, 83, -76, -107)
(20, 18, -33, 72, -71, -95)
(26, 12, -26, 58, -61, -89)
(32, 7, -21, 49, -46, -84)
(32, 1, -18, 44, -29, -79)
(27, -3, -15, 49, -17, -69)
(21, -1, -11, 53, -16, -56)
(20, 2, -8, 49, -25, -43)
(22, 0, -6, 42, -31, -33)
(25, 0, -2, 35, -32, -23)
(27, 0, 1, 30, -34, -14)
(32, 0, 5, 23, -32, -7)
(36, -1, 9, 16, -25, 0)
(38, -2, 14, 11, -16, 7)
(38, -3, 17, 7, -7, 17)
(37, -4, 20, 3, 2, 26)
(33, -4, 22, -2, 9, 35)
(30, -4, 24, -9, 13, 44)
(28, -5, 25, -17, 15, 53)
(30, -5, 23, -26, 18, 61)
(33, -5, 18, -36, 28, 70)
(31, -5, 14, -44, 43, 78)
(22, -2, 5, -51, 55, 89)
(12, 3, -2, -58, 60, 101)
(6, 8, -10, -65, 59, 112)
(1, 12, -22, -69, 58, 122)
BatchID:  7




(-31, 34, -37, 0, -1, 1)
(-31, 35, -36, 0, 0, 0)
(-30, 34, -37, 0, 0, 0)
(-30, 35, -38, 0, 0, 0)
(-31, 34, -38, 0, 0, 0)
(-33, 35, -38, 0, -2, 1)
(-32, 35, -37, 0, -3, 1)
(-31, 34, -37, 0, -3, 0)
(-30, 35, -37, 0, -3, 0)
(-29, 35, -35, 0, -3, 1)
(-29, 34, -37, 0, -2, 1)
(-30, 35, -37, 0, -2, 1)
(-30, 34, -37, 0, -2, 2)
(-31, 34, -37, 0, -2, 2)
(-31, 35, -36, 0, -2, 2)
(-33, 36, -36, 0, -1, 1)
(-35, 38, -35, 0, 0, 0)
(-44, 45, -32, -3, 0, -3)
(-64, 56, -28, -12, -4, -5)
(-87, 64, -24, -24, -16, -7)
(-116, 69, -17, -22, -40, -9)
(-119, 75, -22, -10, -48, -21)
(-127, 75, -31, -4, -25, -53)
(-127, 81, -37, 5, -2, -95)
(-127, 86, -51, 14, 18, -127)
(-127, 85, -68, 22, 29, -127)
(-127, 83, -80, 29, 23, -127)
(-127, 81, -93, 38, -10, -127)
(-127, 78, -108, 41, -52, -127)
(-127, 71, -124, 49, -81, -127)
(-119, 65, -127, 59, -95, -127)
(-94, 61, -127, 70, -101, -127)
(-69, 53, -127, 84, -94, -127)
(-50, 43, -121, 105, -83, -127)
(-25, 40, -107, 126, -72, -127)
(-8, 39, -95, 127, -60, -127)
(4, 37, -83, 127, -55, -127)
(13, 35, -65, 127, -60, -127)
(22, 35, -51, 127, -70, -110)
(28, 34, -37, 124, -83, -89)
(36, 36, -22, 88, -95, -71)
(44, 21, -20, 64, -103, -63)
(52, 16, -12, 47, -94, -58)
(56, 11, -3, 36, -77, -53)
(57, 5, 2, 36, -63, -49)
(56, 3, 6, 39, -46, -43)
(55, 5, 11, 38, -30, -35)
(56, 5, 14, 31, -22, -26)
(58, 5, 17, 23, -12, -17)
(58, 5, 22, 16, 2, -5)
(53, 5, 25, 10, 14, 6)
(48, 6, 27, 3, 23, 18)
(43, 7, 27, -7, 30, 29)
(41, 6, 28, -17, 37, 37)
(38, 6, 26, -28, 46, 45)
(32, 6, 23, -40, 54, 52)
(29, 5, 17, -54, 60, 59)
(25, 5, 9, -66, 67, 67)
(15, 5, 0, -76, 71, 79)
(6, 7, -11, -83, 68, 92)
(3, 11, -24, -92, 62, 104)
(0, 15, -43, -107, 67, 112)
(-11, 11, -59, -114, 80, 122)
(-33, 7, -68, -97, 82, 127)
(-56, 18, -62, -69, 67, 127)
(-66, 37, -60, -63, 59, 127)
(-72, 44, -74, -77, 44, 127)
(-67, 40, -86, -87, 39, 127)
(-73, 38, -90, -71, 68, 127)
(-101, 45, -82, -36, 82, 127)
BatchID:  8




(-30, 39, -30, 0, 0, 0)
(-31, 39, -30, 0, -1, 1)
(-30, 39, -30, 0, -1, 1)
(-31, 39, -31, 0, -2, 1)
(-31, 39, -31, 0, -2, 1)
(-31, 39, -31, 0, -3, 1)
(-30, 39, -30, 0, -3, 2)
(-30, 39, -29, 1, -2, 1)
(-30, 40, -29, 0, -2, 0)
(-30, 40, -29, 0, -1, 0)
(-29, 40, -29, 0, -1, 0)
(-30, 39, -30, 0, -2, 0)
(-29, 39, -30, 0, -2, 1)
(-29, 39, -31, 0, -1, 1)
(-28, 38, -32, 0, -1, 1)
(-29, 38, -31, 0, -1, 1)
(-29, 38, -32, 0, 0, 1)
(-31, 39, -32, 1, 0, 1)
(-32, 40, -28, 1, -1, 1)
(-32, 41, -27, 2, 0, 0)
(-35, 46, -24, 0, 2, -2)
(-40, 50, -21, -8, 4, -9)
(-46, 54, -21, -17, 8, -19)
(-60, 59, -18, -23, 11, -27)
(-78, 63, -13, -21, 11, -34)
(-86, 68, -11, -8, 14, -40)
(-108, 74, -16, 4, 24, -52)
(-127, 78, -21, 1, 20, -68)
(-127, 79, -24, 0, 11, -86)
(-127, 85, -29, 0, -6, -103)
(-127, 90, -35, -3, -25, -114)
(-127, 87, -44, -5, -40, -122)
(-127, 84, -53, -2, -44, -127)
(-127, 85, -65, 5, -48, -127)
(-127, 84, -76, 7, -58, -127)
(-127, 84, -86, 8, -73, -127)
(-123, 78, -96, 8, -87, -127)
(-102, 70, -98, 12, -89, -127)
(-82, 63, -94, 20, -78, -127)
(-62, 56, -88, 29, -66, -127)
(-42, 48, -80, 38, -50, -127)
(-27, 40, -71, 56, -36, -127)
(-12, 35, -61, 72, -24, -127)
(-5, 33, -50, 82, -24, -127)
(6, 36, -38, 76, -33, -127)
(16, 27, -33, 74, -29, -127)
(19, 21, -26, 70, -33, -127)
(25, 19, -19, 68, -36, -111)
(28, 16, -13, 64, -38, -97)
(31, 13, -9, 59, -42, -84)
(35, 10, -5, 49, -45, -72)
(40, 2, 4, 32, -43, -47)
(43, 0, 8, 29, -41, -34)
(46, -1, 12, 26, -36, -22)
(48, -1, 14, 20, -29, -12)
(52, -2, 15, 11, -19, -2)
(55, -5, 16, 2, -4, 7)
(52, -9, 19, 0, 13, 18)
(47, -10, 21, 0, 26, 30)
(41, -8, 21, -1, 33, 42)
(36, -7, 19, -9, 37, 52)
(34, -8, 16, -17, 40, 63)
(35, -7, 10, -27, 47, 73)
(34, -5, 4, -35, 56, 82)
(31, -1, -2, -44, 70, 92)
(11, 10, -25, -55, 94, 110)
(-6, 16, -38, -62, 94, 121)
(-17, 23, -49, -76, 87, 127)
(-25, 24, -58, -92, 80, 127)
(-33, 22, -60, -86, 76, 127)
(-50, 29, -59, -61, 75, 127)
(-70, 47, -61, -46, 64, 127)
BatchID:  9




(-31, 36, -35, 0, 1, 0)
(-32, 36, -35, 0, 0, 0)
(-32, 35, -35, 0, 0, 0)
(-31, 36, -35, 0, 0, 0)
(-31, 35, -35, 0, 0, 0)
(-30, 36, -34, 0, 0, 0)
(-31, 36, -34, 0, 0, 0)
(-31, 36, -34, 0, 0, 0)
(-31, 35, -34, 0, 0, 0)
(-32, 36, -34, 0, 0, 0)
(-31, 36, -34, 0, 0, 0)
(-31, 36, -35, 0, 0, 0)
(-31, 36, -35, 0, 0, 0)
(-31, 36, -35, 0, 0, 0)
(-31, 36, -35, 0, 0, 0)
(-31, 36, -34, 0, 0, 0)
(-31, 36, -35, 0, 0, 0)
(-31, 36, -34, 0, 0, 0)
(-31, 36, -34, 0, 0, 0)
(-31, 36, -34, 0, 0, 0)
(-31, 36, -34, 0, 0, 0)
(-31, 36, -35, 0, 0, 0)
(-31, 35, -35, 0, 0, 0)
(-31, 35, -34, 0, 0, 0)
(-31, 36, -35, 0, 0, 0)
(-31, 36, -34, 0, 0, 0)
(-30, 36, -34, 0, 0, 0)
(-31, 36, -34, 0, 0, 0)
(-31, 36, -34, 0, 0, 0)
(-31, 36, -35, 0, 0, 0)
(-31, 36, -34, 0, 0, 0)
(-32, 37, -35, 0, 0, 0)
(-34, 37, -35, 0, 0, 0)
(-36, 37, -35, 0, 0, -1)
(-44, 39, -36, 2, 0, -5)
(-56, 45, -36, 1, -5, -10)
(-68, 48, -36, 0, -7, -17)
(-78, 53, -33, -2, -5, -25)
(-89, 63, -29, 2, 0, -28)
(-111, 68, -32, 12, 7, -37)
(-127, 75, -35, 17, 7, -56)
(-127, 84, -38, 18, -3, -80)
(-127, 89, -44, 16, -20, -104)
(-127, 93, -59, 16, -36, -127)
(-127, 97, -87, 20, -41, -127)
(-127, 95, -108, 16, -40, -127)
(-127, 76, -114, 26, -35, -127)
(-127, 63, -114, 59, -27, -127)
(-112, 68, -112, 85, -33, -127)
(-81, 67, -113, 95, -38, -127)
(-51, 62, -115, 113, -41, -127)
(-29, 58, -112, 123, -46, -127)
(-15, 48, -96, 127, -55, -127)
(-7, 47, -78, 127, -68, -127)
(2, 48, -68, 127, -82, -127)
(13, 43, -57, 116, -99, -109)
(27, 35, -46, 98, -112, -91)
(38, 30, -34, 81, -112, -78)
(42, 22, -24, 64, -102, -68)
(41, 15, -17, 55, -92, -61)
(44, 11, -10, 46, -85, -53)
(47, 7, -5, 37, -75, -46)
(46, 4, 0, 30, -62, -37)
(44, 1, 7, 26, -52, -26)
(42, 0, 13, 25, -47, -15)
(43, -1, 15, 21, -41, -6)
(44, -1, 16, 14, -29, 1)
(43, -3, 19, 6, -17, 9)
(41, -6, 21, -5, 6, 22)
(40, -7, 21, -11, 18, 28)
(38, -8, 19, -17, 28, 34)
(36, -8, 17, -22, 37, 43)
(29, -9, 15, -27, 40, 54)
(24, -7, 13, -36, 34, 68)
(27, -6, 9, -50, 28, 83)
(27, -5, 0, -60, 30, 97)
(21, -4, -8, -65, 34, 111)
(15, -2, -20, -68, 33, 123)
(13, 3, -33, -74, 38, 127)
(5, 5, -43, -82, 51, 127)
BatchID:  10




(-31, 35, -36, -1, -1, 0)
(-31, 35, -36, 0, -1, 0)
(-30, 35, -36, 0, -1, 0)
(-30, 35, -36, 0, -1, 0)
(-30, 36, -35, 0, -2, 1)
(-30, 37, -34, 1, -2, 1)
(-30, 37, -34, 0, -1, 1)
(-30, 37, -34, 0, -1, 0)
(-31, 37, -33, 0, 0, 0)
(-31, 37, -34, 0, 0, -1)
(-30, 37, -34, 0, 0, -1)
(-29, 36, -35, 0, 1, -2)
(-29, 37, -35, -1, 1, -1)
(-28, 35, -36, -1, 1, -1)
(-29, 35, -36, 0, 1, 0)
(-30, 35, -36, 0, 0, 0)
(-31, 35, -36, 0, 0, 0)
(-32, 35, -36, 0, 0, 0)
(-32, 36, -35, 1, -1, 1)
(-32, 37, -34, 0, -1, 0)
(-31, 37, -33, 0, -2, 0)
(-31, 36, -34, 0, -1, 0)
(-34, 38, -35, 0, -1, 0)
(-45, 47, -30, -3, 0, -3)
(-64, 59, -25, -12, -3, -6)
(-87, 71, -22, -17, -7, -13)
(-125, 89, -10, -14, -2, -17)
(-127, 93, -6, -4, -1, -44)
(-127, 101, -19, 0, 0, -95)
(-127, 117, -43, -10, 17, -127)
(-127, 116, -61, -21, 33, -127)
(-127, 99, -72, -9, 25, -127)
(-127, 93, -99, 25, 4, -127)
(-127, 89, -126, 42, -19, -127)
(-127, 80, -127, 57, -33, -127)
(-106, 68, -127, 82, -45, -127)
(-72, 69, -127, 113, -32, -127)
(-48, 67, -127, 127, -23, -127)
(-33, 53, -123, 127, -38, -127)
(-20, 57, -102, 127, -46, -127)
(-4, 66, -88, 127, -66, -127)
(17, 68, -74, 127, -91, -127)
(31, 73, -45, 127, -116, -109)
(47, 51, -36, 95, -116, -93)
(46, 36, -23, 75, -115, -80)
(50, 28, -15, 63, -113, -69)
(55, 23, -9, 52, -101, -63)
(58, 19, -2, 40, -84, -57)
(61, 13, 3, 27, -66, -53)
(62, 6, 11, 17, -46, -47)
(63, -1, 16, 15, -26, -38)
(62, -5, 19, 21, -7, -25)
(57, -2, 19, 22, 6, -11)
(51, 0, 19, 14, 11, 4)
(47, 0, 20, 3, 10, 20)
(44, 0, 22, -4, 9, 34)
(43, -1, 20, -11, 7, 47)
(44, 0, 18, -18, 8, 60)
BatchID:  11




(-28, 42, -28, -2, 0, -1)
(-26, 41, -29, -3, 1, -2)
(-25, 40, -31, -2, 1, -2)
(-26, 40, -32, -1, 2, -1)
(-27, 39, -34, -1, 0, 0)
(-28, 39, -34, 0, -1, 1)
(-29, 39, -32, 1, -4, 2)
(-30, 40, -31, 1, -5, 2)
(-30, 41, -29, 1, -5, 2)
(-30, 41, -28, 0, -5, 1)
(-29, 41, -27, 0, -3, 0)
(-27, 41, -27, 0, -1, 0)
(-26, 40, -29, 0, 0, 0)
(-26, 40, -30, 0, 0, 0)
(-27, 40, -31, 0, 0, 1)
(-28, 40, -31, 0, 0, 1)
(-29, 40, -30, 0, 0, 1)
(-30, 41, -30, 0, 0, 0)
(-29, 41, -30, 0, -1, 0)
(-29, 41, -29, 0, 0, 0)
(-30, 42, -30, 0, 0, -1)
(-30, 42, -30, -1, 0, -2)
(-29, 41, -30, -1, -1, -2)
(-27, 40, -30, -1, -2, -1)
(-26, 39, -30, -1, -2, 0)
(-26, 39, -30, 0, -2, 1)
(-27, 39, -30, 0, -2, 1)
(-32, 40, -28, 1, -1, 1)
(-38, 44, -26, 2, -1, 0)
(-57, 57, -28, 5, 10, -11)
(-84, 66, -33, 5, 27, -23)
(-124, 71, -36, 15, 39, -41)
(-127, 84, -38, 32, 43, -69)
(-127, 94, -51, 40, 31, -110)
(-127, 103, -68, 37, 15, -127)
(-127, 108, -80, 30, -2, -127)
(-127, 101, -103, 47, -53, -127)
(-127, 95, -126, 59, -63, -127)
(-127, 86, -127, 69, -54, -127)
(-101, 76, -127, 89, -44, -127)
(-82, 73, -125, 118, -35, -127)
(-34, 75, -113, 127, -50, -127)
(-10, 67, -98, 127, -62, -127)
(6, 60, -80, 127, -73, -127)
(16, 61, -60, 127, -90, -127)
(33, 59, -49, 111, -106, -110)
(38, 42, -41, 90, -107, -93)
(45, 34, -31, 74, -108, -81)
(52, 26, -22, 64, -99, -72)
(51, 18, -16, 58, -87, -63)
(48, 14, -11, 53, -76, -53)
(45, 11, -5, 46, -66, -44)
(45, 9, 0, 35, -61, -36)
(48, 6, 5, 26, -55, -27)
(54, 2, 8, 21, -45, -19)
(55, 1, 11, 13, -12, 0)
(49, 2, 12, 7, 0, 12)
(43, 1, 15, 0, 3, 24)
(40, 0, 17, -5, 4, 35)
(41, 0, 18, -10, 6, 45)
(42, 1, 16, -24, 20, 66)
(40, 1, 15, -31, 28, 77)
(36, 3, 12, -40, 35, 87)
(34, 5, 8, -49, 40, 97)
(36, 6, 0, -59, 48, 106)
(34, 8, -9, -64, 65, 113)
(28, 14, -20, -65, 83, 122)
(12, 28, -37, -66, 95, 127)
(-12, 41, -54, -77, 94, 127)
(-37, 48, -68, -98, 74, 127)
(-58, 44, -72, -104, 50, 127)
(-71, 38, -74, -88, 36, 127)
(-78, 40, -77, -65, 41, 127)
(-87, 51, -73, -42, 61, 127)
(-108, 74, -71, -39, 75, 127)
(-127, 83, -92, -20, 70, 127)
BatchID:  12




(-32, 35, -36, 1, -3, 1)
(-31, 35, -35, 1, -3, 1)
(-31, 35, -35, 1, -4, 1)
(-30, 36, -35, 0, -3, 1)
(-29, 36, -35, 0, -2, 1)
(-30, 36, -35, 0, -1, 0)
(-29, 36, -35, 0, 0, 0)
(-30, 36, -35, 0, 1, 0)
(-31, 36, -35, 0, 1, 0)
(-31, 35, -36, 0, 1, 0)
(-31, 35, -36, 0, 1, 0)
(-31, 35, -37, 0, 0, 0)
(-31, 35, -36, 0, 0, 0)
(-30, 36, -36, 0, 0, 0)
(-30, 36, -36, 0, 0, 0)
(-30, 35, -35, 0, 0, 0)
(-31, 36, -36, 0, 0, 0)
(-32, 35, -35, 0, 0, 0)
(-33, 36, -35, 0, 0, 0)
(-35, 37, -35, 0, 1, -1)
(-46, 42, -32, -1, 3, -7)
(-57, 50, -28, -3, 4, -11)
(-66, 54, -27, -11, 2, -17)
(-72, 50, -27, -13, 1, -22)
(-87, 48, -28, -3, 9, -30)
(-120, 59, -32, 7, 9, -38)
(-127, 65, -37, 7, -5, -48)
(-127, 77, -54, 20, -43, -72)
(-127, 85, -71, 19, -54, -86)
(-127, 86, -80, 19, -59, -105)
(-127, 85, -88, 31, -58, -127)
(-127, 90, -100, 45, -63, -127)
(-127, 93, -111, 44, -73, -127)
(-127, 84, -111, 45, -79, -127)
(-104, 75, -106, 58, -81, -127)
(-85, 75, -107, 68, -83, -127)
(-63, 71, -109, 65, -90, -127)
(-42, 59, -100, 61, -99, -127)
(-17, 48, -90, 69, -100, -127)
(1, 44, -80, 77, -98, -127)
(15, 42, -70, 76, -99, -127)
(27, 37, -59, 68, -100, -127)
(33, 30, -47, 62, -95, -121)
(35, 26, -35, 54, -89, -107)
(35, 22, -29, 47, -85, -96)
(39, 19, -25, 37, -83, -86)
(48, 13, -21, 23, -77, -80)
(57, 6, -15, 10, -62, -74)
(64, -1, -6, 7, -42, -66)
(65, -7, 0, 14, -21, -53)
(60, -10, 6, 28, -2, -38)
(51, -4, 9, 35, 7, -23)
(51, 0, 10, 27, 9, -10)
(52, -3, 13, 17, 14, 0)
(52, -5, 17, 11, 24, 11)
(48, -5, 21, 7, 32, 25)
(42, -4, 22, 2, 38, 38)
(37, -2, 21, -7, 39, 50)
(34, -1, 19, -20, 39, 62)
(33, -2, 15, -30, 39, 73)
(34, 0, 11, -41, 44, 83)
(35, 2, 4, -52, 53, 93)
(27, 8, -12, -62, 77, 111)
(20, 15, -23, -60, 88, 121)
(3, 26, -39, -60, 100, 127)
(-18, 41, -55, -70, 102, 127)
(-54, 47, -64, -87, 80, 127)
(-70, 43, -63, -94, 42, 127)
BatchID:  13




(-31, 36, -35, 0, 0, 0)
(-31, 35, -35, 0, 0, 0)
(-31, 35, -36, 0, 1, 0)
(-31, 35, -37, 0, 0, 0)
(-32, 35, -36, 0, 0, 0)
(-31, 35, -36, 0, 0, 0)
(-31, 36, -37, 0, 0, 0)
(-31, 35, -36, 0, -1, 0)
(-32, 35, -36, 0, -1, 0)
(-31, 35, -36, 0, -2, 0)
(-31, 36, -35, 0, -2, 0)
(-31, 35, -35, 0, -2, 0)
(-30, 36, -35, 0, -1, 0)
(-31, 35, -34, 0, -1, 0)
(-30, 35, -35, 0, 0, 0)
(-30, 35, -35, 0, 0, 0)
(-31, 35, -35, 0, 0, 0)
(-31, 35, -36, 0, 0, 0)
(-31, 35, -35, 0, 0, 0)
(-31, 35, -36, 0, 0, 0)
(-32, 35, -36, 0, 0, 0)
(-32, 35, -36, 0, 0, 0)
(-31, 35, -36, 0, -1, 0)
(-31, 35, -36, 0, -1, 0)
(-30, 35, -36, 0, -1, 0)
(-30, 36, -35, 0, -1, 0)
(-31, 35, -35, 0, 0, 0)
(-30, 35, -35, 0, 0, 0)
(-31, 35, -35, 0, 0, 0)
(-31, 36, -35, 0, 0, 0)
(-32, 36, -36, 0, 0, 0)
(-32, 36, -36, 0, 0, 0)
(-34, 36, -36, 0, -1, 0)
(-40, 40, -34, 1, 0, -2)
(-127, 101, -127, 2, -52, -127)
(-127, 74, -127, 24, -43, -127)
(-124, 68, -120, 71, -42, -127)
(-85, 76, -112, 107, -49, -127)
(-42, 77, -103, 127, -54, -127)
(-9, 74, -92, 127, -62, -127)
(12, 72, -78, 127, -74, -127)
(27, 69, -60, 127, -84, -127)
(33, 61, -44, 127, -84, -127)
(36, 51, -32, 112, -87, -122)
(42, 38, -23, 90, -94, -107)
(52, 28, -18, 71, -95, -95)
(61, 17, -13, 54, -83, -81)
(63, 8, -8, 44, -68, -64)
(58, 3, 0, 42, -54, -47)
(48, 1, 8, 41, -45, -32)
(40, 0, 13, 41, -42, -19)
(38, 2, 12, 21, -43, -3)
(44, -1, 13, 2, -39, 2)
(48, -4, 14, -10, -27, 9)
(48, -8, 15, -14, -9, 18)
(43, -12, 17, -10, 9, 28)
(34, -10, 16, -5, 21, 38)
(29, -3, 17, -13, 22, 48)
BatchID:  14



(-12, 53, -5, 2, 3, 1)
(-13, 53, -4, 1, 4, 1)
(-13, 54, -5, 0, 3, 0)
(-14, 53, -5, 0, 3, 0)
(-14, 53, -5, 0, 2, 0)
(-13, 52, -5, -1, 2, 0)
(-13, 53, -5, -1, 2, 0)
(-12, 53, -5, -1, 2, 0)
(-12, 52, -5, -1, 2, -1)
(-13, 52, -6, -1, 2, 0)
(-12, 52, -6, 0, 2, 0)
(-12, 51, -6, 0, 2, 0)
(-12, 51, -7, 0, 2, 0)
(-11, 52, -6, 0, 3, 0)
(-12, 52, -6, 1, 4, 0)
(-12, 52, -6, 1, 4, 0)
(-13, 52, -6, 1, 5, 0)
(-13, 53, -6, 0, 5, 0)
(-15, 53, -6, 0, 5, 0)
(-18, 54, -6, 0, 4, 0)
(-21, 55, -5, 0, 0, -2)
(-24, 58, 0, -4, -1, -7)
(-29, 63, 8, -4, -3, -17)
(-34, 69, 13, 0, 0, -30)
(-37, 78, 11, 17, 26, -44)
(-59, 89, 8, 28, 80, -59)
(-102, 102, 8, 44, 118, -87)
(-127, 117, 0, 47, 101, -118)
(-127, 127, -13, 33, 50, -127)
(-127, 127, -17, 22, 8, -127)
(-127, 127, -27, 26, -22, -127)
(-113, 127, -36, 33, -19, -127)
(-105, 118, -41, 37, 0, -127)
(-116, 103, -43, 45, 12, -127)
(-122, 95, -45, 56, 5, -127)
(-89, 85, -58, 67, -58, -127)
(-74, 80, -57, 62, -70, -127)
(-52, 67, -53, 50, -78, -127)
(-34, 57, -49, 57, -83, -127)
(-17, 54, -47, 56, -83, -127)
(-1, 47, -47, 46, -73, -127)
(7, 33, -40, 42, -64, -127)
(15, 24, -33, 48, -59, -127)
(19, 19, -26, 54, -51, -127)
(22, 15, -19, 53, -47, -125)
(26, 11, -16, 49, -47, -105)
(28, 8, -13, 43, -46, -89)
(28, 4, -8, 35, -41, -75)
(29, -4, -3, 20, -33, -53)
(30, -7, 0, 17, -28, -43)
(30, -7, 0, 16, -22, -33)
(31, -7, 2, 13, -17, -23)
(29, -7, 4, 9, -11, -11)
(29, -7, 6, 3, -9, 0)
(34, -9, 4, -11, 3, 18)
(32, -13, 7, -15, 16, 27)
(30, -15, 7, -15, 27, 36)
(28, -16, 7, -15, 37, 45)
(27, -15, 7, -17, 45, 54)
(24, -13, 5, -20, 51, 64)
(21, -10, 0, -26, 57, 76)
(16, -6, -5, -31, 60, 87)
(11, -1, -11, -38, 61, 98)
(2, 3, -17, -41, 61, 110)
(-6, 7, -22, -44, 60, 124)
(-17, 12, -28, -49, 55, 127)
(-21, 15, -32, -52, 50, 127)
BatchID:  2




(-18, 50, -14, 0, -1, 0)
(-18, 50, -14, 0, -2, 0)
(-18, 50, -14, 0, -3, 0)
(-19, 50, -13, 1, -3, 1)
(-17, 50, -12, 1, -2, 0)
(-17, 51, -13, 0, -1, 0)
(-17, 50, -12, 0, 0, 0)
(-17, 50, -14, 0, 0, 0)
(-17, 50, -14, 0, 1, 0)
(-18, 50, -14, 0, 2, 0)
(-19, 51, -13, 0, -1, 0)
(-19, 50, -12, 0, -1, 0)
(-19, 51, -13, 0, -1, 0)
(-18, 50, -13, -1, -1, 0)
(-18, 49, -14, 0, -1, 0)
(-18, 49, -15, 0, -1, 0)
(-18, 50, -12, 0, 1, 0)
(-18, 51, -12, 0, 1, 0)
(-21, 51, -12, 0, 0, 0)
(-24, 52, -13, 0, 1, -2)
(-36, 57, -11, 2, 1, -8)
(-43, 67, -4, 0, 5, -22)
(-57, 81, 5, 0, 13, -41)
(-100, 102, 14, 10, 79, -91)
(-127, 114, 12, -1, 99, -124)
(-127, 117, 2, -5, 84, -127)
(-127, 125, -7, -1, 47, -127)
(-127, 127, -21, 0, 9, -127)
(-127, 123, -35, 5, -7, -127)
(-127, 115, -48, 17, -8, -127)
(-127, 107, -62, 27, 0, -127)
(-127, 95, -71, 40, 0, -127)
(-127, 87, -72, 61, -8, -127)
(-115, 88, -74, 76, -29, -127)
(-91, 90, -79, 83, -55, -127)
(-65, 85, -78, 78, -77, -127)
(-39, 77, -74, 76, -90, -127)
(-15, 64, -68, 71, -95, -127)
(1, 52, -60, 71, -93, -127)
(10, 43, -51, 76, -88, -127)
(20, 37, -42, 74, -83, -127)
(30, 32, -33, 65, -76, -127)
(38, 26, -26, 51, -66, -113)
(41, 16, -18, 40, -56, -98)
(36, 3, -10, 43, -36, -69)
(35, 2, -6, 40, -29, -55)
(37, 0, -4, 33, -24, -44)
(38, -1, 0, 25, -14, -32)
(37, -3, 4, 20, -5, -21)
(33, -4, 7, 18, 2, -10)
(29, -4, 8, 16, 6, -1)
(28, -3, 8, 10, 8, 7)
(26, -5, 9, 4, 12, 16)
(26, -6, 11, 0, 16, 24)
(26, -7, 10, -2, 22, 30)
(26, -8, 10, -6, 30, 37)
(26, -10, 10, -11, 39, 43)
(26, -12, 7, -13, 48, 49)
(23, -12, 6, -16, 59, 57)
(16, -10, 5, -18, 63, 67)
(9, -3, 2, -24, 59, 80)
(3, 2, -1, -34, 50, 95)
(0, 6, -6, -45, 42, 110)
(0, 6, -14, -54, 38, 121)
BatchID:  3




(-24, 48, -12, -8, -4, -11)
(-25, 48, -12, -7, 0, -11)
(-26, 49, -13, -6, 2, -11)
(-29, 50, -10, -7, 6, -12)
(-31, 49, -9, -5, 8, -12)
(-34, 50, -9, -4, 8, -13)
(-36, 51, -9, -4, 6, -14)
(-36, 51, -8, -4, 2, -14)
(-36, 51, -7, -5, 0, -15)
(-37, 51, -7, -6, -1, -16)
(-36, 51, -8, -9, -6, -16)
(-35, 51, -8, -11, -8, -16)
(-33, 49, -9, -12, -9, -16)
(-31, 47, -10, -11, -8, -17)
(-29, 46, -11, -10, -5, -18)
(-29, 45, -13, -8, -3, -17)
(-31, 46, -14, -5, -1, -16)
(-36, 46, -14, 0, 1, -15)
(-43, 50, -14, 10, 10, -16)
(-58, 61, -13, 17, 29, -24)
(-79, 66, -11, 23, 47, -42)
(-102, 73, -12, 30, 62, -71)
(-127, 81, -17, 35, 68, -98)
(-127, 86, -35, 27, 42, -127)
(-127, 82, -40, 29, 23, -127)
(-127, 79, -45, 37, 4, -127)
(-127, 76, -53, 43, -14, -127)
(-127, 75, -64, 51, -25, -127)
(-115, 62, -70, 46, -37, -127)
(-104, 54, -65, 57, -44, -127)
(-92, 56, -66, 68, -54, -127)
(-74, 52, -63, 69, -64, -127)
(-56, 47, -58, 71, -67, -127)
(-42, 41, -52, 72, -63, -127)
(-35, 34, -44, 72, -62, -127)
(-28, 29, -30, 69, -68, -127)
(-16, 24, -22, 68, -73, -127)
(-6, 21, -17, 65, -76, -127)
(5, 19, -15, 58, -75, -118)
(18, 16, -10, 43, -65, -106)
(26, 0, 0, 31, -37, -84)
(24, -4, 1, 35, -22, -73)
(18, -2, 1, 34, -16, -60)
(15, -3, 2, 27, -18, -48)
(13, -6, 4, 23, -21, -37)
(14, -6, 6, 20, -27, -26)
(16, -6, 6, 14, -30, -16)
(19, -6, 6, 7, -29, -8)
(23, -6, 6, 0, -25, -1)
(24, -8, 6, -6, -17, 4)
(28, -9, 6, -12, -9, 10)
(28, -10, 5, -15, 0, 17)
(27, -12, 5, -17, 8, 26)
(27, -12, 5, -19, 14, 35)
(26, -12, 4, -21, 18, 46)
(24, -11, 2, -29, 19, 68)
(28, -8, 0, -34, 23, 80)
(30, -4, -4, -40, 34, 91)
(30, 0, -11, -45, 49, 103)
(23, 3, -17, -49, 63, 114)
(12, 10, -22, -49, 68, 127)
(-4, 19, -24, -50, 66, 127)
(-21, 32, -24, -59, 51, 127)
(-31, 37, -32, -65, 22, 127)
(-27, 48, -45, -66, 17, 127)
(-36, 61, -61, -71, 38, 127)
(-61, 68, -64, -79, 51, 127)
BatchID:  4




(-44, 37, -12, 0, -2, 2)
(-43, 37, -12, -1, -3, 2)
(-43, 36, -11, 0, -3, 1)
(-43, 37, -11, 0, -1, 1)
(-42, 37, -12, 0, 0, 1)
(-43, 37, -10, 0, 1, 1)
(-44, 38, -10, 0, 1, 1)
(-45, 38, -10, 0, 0, 1)
(-44, 38, -10, 0, -2, 1)
(-43, 38, -9, 0, -2, 0)
(-43, 38, -10, 0, -1, 0)
(-43, 38, -10, -1, 0, 0)
(-43, 37, -10, 0, 0, 0)
(-43, 38, -10, 0, 0, 0)
(-43, 38, -10, 0, -1, 0)
(-43, 38, -10, 0, -1, 0)
(-42, 38, -10, 0, -2, 0)
(-42, 37, -10, -1, -1, 0)
(-42, 37, -10, 0, -1, 0)
(-42, 37, -10, 0, -1, 0)
(-42, 37, -10, 0, -2, 0)
(-42, 37, -10, 0, -2, 0)
(-43, 37, -10, 0, -1, 0)
(-43, 38, -10, 0, -1, 0)
(-44, 38, -10, 0, -1, 0)
(-47, 39, -10, 2, 1, 0)
(-51, 40, -10, 8, 10, 0)
(-54, 44, -12, 20, 33, -4)
(-71, 54, -14, 28, 70, -19)
(-107, 59, -19, 30, 83, -40)
(-127, 63, -22, 24, 66, -55)
(-127, 66, -25, 20, 31, -66)
(-127, 66, -28, 22, 0, -75)
(-127, 65, -30, 29, -6, -85)
(-127, 65, -34, 39, 6, -100)
(-127, 68, -41, 42, 21, -121)
(-127, 67, -47, 42, 19, -127)
(-127, 63, -54, 44, 0, -127)
(-127, 60, -54, 53, -18, -127)
(-127, 62, -56, 65, -38, -127)
(-127, 67, -58, 70, -60, -127)
(-116, 65, -60, 68, -75, -127)
(-94, 59, -55, 67, -83, -127)
(-68, 54, -53, 67, -84, -127)
(-48, 50, -49, 63, -81, -127)
(-27, 45, -44, 58, -80, -127)
(-6, 39, -40, 51, -73, -127)
(10, 31, -37, 44, -64, -127)
(26, 23, -33, 39, -52, -127)
(36, 14, -29, 37, -37, -127)
(35, 6, -24, 42, -30, -118)
(35, 2, -22, 46, -27, -99)
(35, 0, -17, 45, -27, -81)
(36, -1, -10, 42, -32, -64)
(37, -3, -2, 40, -41, -49)
(44, -4, 1, 37, -50, -35)
(55, -3, 4, 30, -51, -21)
(70, -5, 12, 13, -23, 9)
(71, -8, 14, 7, -1, 23)
(71, -8, 15, 4, 19, 33)
(67, -6, 15, 0, 35, 45)
(62, -4, 14, -3, 46, 60)
(54, -2, 11, -8, 52, 76)
(46, 0, 5, -11, 52, 109)
(42, 4, 1, -15, 49, 123)
(40, 7, -3, -19, 48, 127)
(43, 11, -14, -20, 59, 127)
(36, 15, -29, -12, 84, 127)
(18, 21, -44, -6, 93, 127)
(0, 28, -58, -5, 88, 127)
(-19, 37, -62, 0, 84, 127)
(-39, 47, -55, 14, 84, 127)
(-71, 66, -48, 33, 74, 127)
(-96, 85, -45, -42, 35, 127)
BatchID:  5




(-29, 42, -25, 0, 0, 0)
(-29, 42, -25, 0, 0, 0)
(-28, 42, -26, 0, 0, 0)
(-29, 42, -25, 0, 0, 0)
(-28, 43, -26, 0, 0, 0)
(-28, 42, -25, 0, 0, 0)
(-29, 42, -25, 0, 0, 0)
(-28, 43, -25, 0, 0, 0)
(-28, 42, -26, 0, 0, 0)
(-28, 42, -25, 0, 0, 0)
(-28, 42, -25, 0, 0, 0)
(-28, 42, -26, 0, 0, 0)
(-28, 43, -25, 0, 1, 0)
(-28, 42, -25, -1, 1, 0)
(-29, 42, -25, 0, 1, 0)
(-29, 42, -26, 0, 0, 0)
(-31, 43, -24, 0, 1, 0)
(-35, 44, -21, 0, 1, 0)
(-42, 50, -20, 2, 1, -1)
(-57, 59, -16, 5, 3, -3)
(-72, 71, -4, 10, 15, -9)
(-99, 80, -6, 12, 25, -29)
(-127, 86, -11, -2, 31, -59)
(-127, 91, -22, -1, 29, -93)
(-127, 102, -45, 3, 28, -127)
(-127, 105, -73, 6, 23, -127)
(-127, 99, -89, 16, 16, -127)
(-127, 94, -103, 43, 7, -127)
(-127, 94, -118, 62, -3, -127)
(-127, 93, -121, 74, -25, -127)
(-127, 84, -113, 89, -46, -127)
(-109, 82, -110, 111, -62, -127)
(-84, 87, -106, 119, -81, -127)
(-59, 87, -99, 113, -96, -127)
(-33, 79, -92, 104, -104, -127)
(-13, 64, -78, 99, -111, -127)
(7, 55, -66, 105, -112, -127)
(23, 50, -56, 108, -101, -127)
(32, 44, -45, 100, -92, -127)
(37, 36, -33, 89, -86, -114)
(41, 31, -19, 75, -81, -99)
(43, 22, -13, 59, -73, -86)
(48, 15, -8, 47, -68, -72)
(54, 9, -3, 35, -60, -59)
(56, 3, 2, 27, -46, -46)
(53, -2, 10, 26, -33, -33)
(53, -5, 14, 29, -25, -21)
(56, -4, 15, 30, -15, -10)
(59, -2, 17, 12, 16, 11)
(56, -3, 16, 7, 30, 23)
(47, -1, 13, 4, 38, 35)
(42, 0, 8, -3, 37, 48)
(40, 0, 6, -10, 32, 60)
(39, 1, 6, -16, 31, 74)
(40, 4, 4, -23, 30, 88)
(44, 7, 0, -30, 36, 102)
(43, 9, -9, -35, 49, 112)
(36, 13, -17, -39, 64, 121)
(27, 18, -24, -44, 72, 127)
(21, 24, -31, -50, 73, 127)
(16, 32, -38, -56, 75, 127)
(7, 40, -45, -56, 82, 127)
(-14, 54, -56, -49, 88, 127)
(-49, 77, -78, -40, 91, 127)
(-111, 103, -95, -70, 65, 127)
(-127, 98, -76, -127, -13, 127)
(-127, 50, -54, -106, -105, 127)
(-123, 47, -62, -7, -126, 127)
(-51, 81, -67, 39, -17, 127)
BatchID:  6




(-23, 43, -25, 0, -3, 0)
(-24, 43, -26, 0, -1, -1)
(-24, 44, -24, 0, 0, 0)
(-23, 44, -23, 1, 0, 0)
(-24, 43, -24, 2, 0, 1)
(-25, 45, -24, 2, 0, 1)
(-25, 44, -24, 1, 0, 2)
(-26, 45, -23, 2, 0, 2)
(-27, 45, -22, 2, 0, 2)
(-28, 46, -22, 1, 0, 1)
(-28, 46, -21, 0, -1, 1)
(-28, 45, -21, 0, -1, 0)
(-26, 45, -23, -1, -1, 0)
(-25, 44, -23, -1, -1, 0)
(-24, 44, -23, -1, 0, 0)
(-24, 44, -24, 0, 0, 0)
(-25, 44, -25, 0, 1, 0)
(-27, 44, -24, 0, 1, 0)
(-30, 45, -21, 0, 2, -1)
(-32, 49, -19, 0, 3, -5)
(-49, 61, -9, -9, 7, -22)
(-58, 65, -7, -6, 29, -34)
(-95, 73, -16, 7, 53, -49)
(-127, 86, -28, 16, 61, -72)
(-127, 91, -51, 23, 57, -106)
(-127, 101, -74, 30, 50, -127)
(-127, 106, -96, 32, 24, -127)
(-127, 101, -105, 43, -4, -127)
(-127, 100, -113, 70, -29, -127)
(-127, 99, -116, 85, -47, -127)
(-127, 91, -102, 101, -63, -127)
(-122, 94, -95, 118, -82, -127)
(-93, 101, -87, 117, -100, -127)
(-66, 104, -80, 108, -116, -127)
(-40, 100, -77, 91, -127, -127)
(-20, 88, -69, 68, -127, -127)
(-2, 69, -57, 54, -127, -127)
(13, 57, -47, 49, -125, -127)
(28, 48, -43, 43, -106, -127)
(43, 38, -36, 32, -79, -127)
(49, 27, -26, 24, -60, -127)
(50, 15, -18, 25, -42, -122)
(43, 3, -8, 36, -12, -89)
(38, 2, -7, 36, -13, -71)
(39, 2, -4, 29, -17, -53)
(39, 0, -1, 21, -23, -36)
(43, -2, 0, 15, -27, -21)
(46, -3, 0, 9, -24, -7)
(45, -4, 1, 5, -20, 6)
(48, -5, 1, -2, -9, 29)
(47, -5, 2, -4, 0, 41)
(46, -5, 2, -6, 10, 54)
(42, -3, 3, -7, 18, 67)
(38, -1, 3, -9, 22, 80)
(35, 1, 3, -13, 25, 92)
(34, 3, 0, -19, 29, 102)
(34, 5, -2, -24, 35, 111)
(35, 9, -8, -30, 48, 121)
(36, 13, -14, -33, 62, 127)
(34, 20, -23, -33, 82, 127)
(22, 33, -36, -31, 101, 127)
(0, 48, -49, -32, 113, 127)
(-28, 63, -65, -44, 109, 127)
(-57, 70, -76, -64, 93, 127)
(-79, 66, -68, -73, 70, 127)
(-93, 67, -55, -72, 53, 127)
(-105, 84, -64, -39, 35, 127)
(-121, 114, -87, -29, 38, 127)
(-127, 118, -96, -60, 50, 127)
(-121, 77, -64, -54, 71, 127)
BatchID:  7




(-26, 45, -21, 0, -2, 0)
(-26, 45, -21, -1, -1, 0)
(-26, 45, -21, -1, -1, 0)
(-26, 45, -20, -1, -1, 0)
(-26, 45, -21, -1, -2, 0)
(-26, 45, -21, -1, -2, 0)
(-25, 44, -21, -1, -1, 0)
(-24, 44, -22, -1, 0, 0)
(-25, 44, -23, 0, 0, 1)
(-25, 43, -23, 0, 0, 1)
(-25, 43, -23, 0, 0, 1)
(-25, 43, -23, 1, 0, 2)
(-27, 45, -23, 1, 1, 2)
(-28, 45, -22, 1, 1, 1)
(-29, 45, -22, 0, 1, 0)
(-33, 48, -19, 0, 1, -1)
(-40, 51, -15, 0, 0, -4)
(-52, 63, -8, 2, 7, -13)
(-93, 78, -13, 7, 38, -42)
(-122, 85, -19, 5, 48, -71)
(-127, 92, -27, 4, 44, -98)
(-127, 99, -36, 4, 19, -119)
(-127, 105, -48, 10, -4, -127)
(-127, 105, -63, 20, -19, -127)
(-127, 101, -73, 31, -23, -127)
(-127, 99, -84, 45, -24, -127)
(-127, 93, -87, 54, -26, -127)
(-127, 82, -82, 67, -37, -127)
(-115, 81, -80, 85, -51, -127)
(-91, 83, -81, 91, -65, -127)
(-70, 80, -81, 88, -74, -127)
(-35, 59, -62, 80, -97, -127)
(-17, 56, -60, 80, -95, -127)
(-2, 50, -53, 68, -96, -127)
(13, 40, -43, 59, -92, -127)
(26, 31, -34, 54, -75, -127)
(33, 23, -25, 50, -59, -127)
(35, 17, -18, 50, -47, -114)
(37, 12, -14, 46, -37, -101)
(38, 7, -13, 40, -25, -89)
(38, 3, -10, 33, -17, -78)
(37, 0, -5, 28, -13, -65)
(34, -3, -1, 28, -11, -51)
(29, -2, 1, 26, -16, -38)
(27, -1, 3, 19, -29, -23)
(33, -1, 4, 10, -40, -10)
(40, -2, 4, 0, -42, 0)
(47, -4, 2, -10, -34, 11)
(51, -8, 3, -16, -19, 23)
(50, -12, 6, -16, -1, 35)
(46, -11, 7, -13, 13, 46)
(41, -8, 7, -14, 24, 56)
(39, -6, 6, -20, 30, 66)
(39, -4, 6, -26, 37, 76)
(37, -1, 3, -31, 47, 87)
(34, 3, 0, -36, 52, 99)
(31, 9, -4, -42, 55, 111)
(31, 14, -11, -47, 57, 122)
(34, 20, -19, -52, 62, 127)
(26, 42, -48, -53, 104, 127)
(0, 59, -62, -52, 118, 127)
(-48, 84, -76, -56, 107, 127)
(-117, 104, -93, -91, 60, 127)
BatchID:  8




(-28, 42, -28, 0, 0, 0)
(-28, 42, -28, 0, 0, 0)
(-28, 42, -27, 0, 0, 0)
(-28, 42, -28, 0, 0, 0)
(-28, 42, -28, 0, 0, 0)
(-28, 41, -27, 0, 0, 0)
(-28, 42, -28, 0, 0, 0)
(-28, 42, -27, 0, 0, 0)
(-28, 42, -27, 0, 0, 0)
(-28, 42, -27, 0, 0, 0)
(-27, 42, -27, 0, 0, 0)
(-28, 42, -28, 0, 0, 0)
(-28, 41, -28, 0, 0, 0)
(-29, 41, -28, 0, -1, 0)
(-29, 42, -28, 0, -1, 0)
(-28, 42, -28, 0, -1, 0)
(-28, 42, -27, 0, -1, 0)
(-28, 42, -27, 0, -1, 0)
(-28, 41, -27, 0, 0, 0)
(-29, 42, -28, 0, 0, 0)
(-29, 42, -27, 0, 0, -1)
(-37, 43, -26, 0, 0, -3)
(-43, 47, -26, 0, 0, -8)
(-54, 51, -29, 1, 0, -16)
(-70, 57, -28, 0, 2, -23)
(-85, 60, -30, 13, 13, -28)
(-113, 70, -40, 23, 21, -46)
(-127, 78, -48, 20, 16, -66)
(-127, 79, -52, 22, 12, -90)
(-127, 81, -58, 39, 0, -112)
(-127, 91, -70, 51, -5, -127)
(-127, 99, -85, 57, -17, -127)
(-127, 101, -98, 51, -37, -127)
(-127, 91, -98, 50, -58, -127)
(-125, 87, -98, 83, -86, -127)
(-95, 87, -90, 86, -95, -127)
(-70, 85, -81, 87, -106, -127)
(-42, 80, -75, 81, -114, -127)
(-14, 70, -70, 73, -113, -127)
(3, 59, -61, 64, -109, -127)
(23, 36, -43, 58, -96, -127)
(29, 29, -37, 55, -89, -121)
(35, 23, -32, 49, -77, -109)
(41, 16, -26, 41, -61, -100)
(45, 9, -20, 34, -43, -91)
(45, 3, -14, 32, -26, -80)
(41, 0, -10, 33, -13, -67)
(30, -2, -5, 29, -6, -40)
(30, -3, -2, 22, -11, -29)
(31, -4, 0, 16, -15, -19)
(34, -5, 1, 9, -16, -8)
(37, -7, 2, 3, -14, 2)
(37, -8, 5, 0, -10, 14)
(36, -10, 6, -3, -5, 26)
(37, -10, 6, -7, 0, 37)
(37, -11, 7, -13, 8, 46)
(36, -12, 8, -16, 18, 56)
(34, -10, 6, -18, 27, 65)
(34, -8, 5, -21, 36, 73)
(33, -5, 0, -27, 46, 82)
(32, -2, -3, -33, 55, 93)
BatchID:  9




(-27, 40, -31, 0, 0, 0)
(-28, 40, -31, 0, 0, 0)
(-27, 41, -31, 0, -1, 0)
(-28, 41, -31, 0, -1, 0)
(-27, 40, -31, 0, -1, 0)
(-27, 41, -31, 0, -1, 0)
(-27, 41, -31, 0, -1, 0)
(-27, 40, -31, 0, -2, 1)
(-28, 41, -31, 0, -2, 1)
(-27, 41, -30, 0, -3, 0)
(-27, 40, -30, 0, -3, 0)
(-27, 40, -30, 0, -2, 0)
(-26, 41, -30, 0, -2, 0)
(-27, 41, -30, -1, -1, 0)
(-26, 41, -30, -1, 0, 0)
(-27, 41, -30, 0, 0, 0)
(-27, 41, -31, 0, 0, 0)
(-31, 42, -31, 0, -1, 0)
(-41, 47, -28, 0, -1, -3)
(-60, 59, -24, -3, -4, -9)
(-75, 67, -22, -10, -12, -22)
(-88, 69, -22, -14, -2, -35)
(-118, 71, -27, -1, 15, -55)
(-127, 88, -66, 10, 32, -109)
(-127, 87, -72, 14, 19, -127)
(-127, 84, -79, 33, -2, -127)
(-127, 96, -105, 65, -37, -127)
(-127, 97, -110, 72, -45, -127)
(-127, 86, -107, 80, -59, -127)
(-103, 78, -101, 98, -68, -127)
(-81, 82, -99, 114, -78, -127)
(-26, 74, -91, 108, -83, -127)
(-9, 63, -77, 110, -87, -127)
(6, 54, -63, 108, -86, -127)
(19, 46, -54, 103, -83, -127)
(29, 38, -47, 98, -75, -124)
(35, 31, -35, 87, -67, -109)
(41, 23, -25, 78, -58, -95)
(42, 17, -18, 71, -49, -83)
(38, 12, -11, 64, -41, -68)
(33, 9, -4, 56, -41, -53)
(28, 6, -2, 46, -46, -39)
(28, 4, 0, 36, -54, -26)
(34, 2, 0, 25, -57, -17)
(39, 0, 0, 14, -52, -10)
(44, -4, 1, 6, -41, -3)
(45, -7, 3, 4, -26, 5)
(41, -9, 5, 6, -14, 14)
(37, -8, 6, 2, -1, 35)
(37, -9, 6, -4, 7, 44)
(37, -11, 7, -9, 18, 54)
(34, -11, 8, -12, 30, 63)
(30, -10, 8, -15, 38, 71)
(29, -6, 6, -21, 44, 79)
(28, -4, 2, -29, 52, 88)
(28, 0, -1, -36, 60, 97)
(26, 2, -6, -43, 71, 107)
(14, 10, -11, -44, 85, 120)
(-4, 23, -17, -45, 86, 127)
(-29, 35, -25, -51, 68, 127)
(-54, 45, -34, -67, 40, 127)
(-53, 40, -46, -79, 17, 127)
(-42, 39, -57, -52, 82, 127)
(-64, 55, -50, -32, 115, 127)
(-101, 70, -48, -13, 115, 127)
(-112, 82, -59, -4, 93, 127)
BatchID:  10




(-23, 40, -22, -1, -10, 4)
(-23, 40, -22, 0, -8, 5)
(-24, 41, -21, 0, -6, 7)
(-25, 41, -20, 0, -5, 7)
(-25, 41, -20, 1, -4, 8)
(-24, 43, -20, 1, -2, 8)
(-26, 43, -19, 0, 0, 9)
(-27, 43, -18, 1, 1, 9)
(-28, 44, -18, 1, 2, 9)
(-29, 45, -18, 1, 3, 9)
(-30, 45, -19, 0, 4, 9)
(-32, 45, -18, 1, 5, 9)
(-33, 46, -19, 1, 6, 8)
(-34, 46, -18, 1, 6, 7)
(-36, 46, -18, 2, 6, 5)
(-39, 48, -18, 2, 5, 4)
(-38, 48, -18, 3, 5, -1)
(-36, 48, -20, 4, 13, -4)
(-37, 47, -21, 4, 22, -8)
(-40, 45, -22, 6, 29, -13)
(-44, 45, -22, 7, 30, -17)
(-46, 46, -22, 7, 26, -18)
(-51, 48, -22, 9, 11, -18)
(-59, 53, -29, 16, 12, -17)
(-69, 57, -35, 18, 18, -21)
(-75, 54, -34, 17, 23, -33)
(-83, 52, -30, 23, 26, -51)
(-92, 58, -36, 32, 21, -68)
(-104, 71, -46, 35, 15, -76)
(-127, 93, -63, 49, -11, -90)
(-127, 101, -77, 52, -17, -118)
(-127, 99, -91, 46, -4, -127)
(-127, 84, -96, 51, 15, -127)
(-127, 77, -93, 73, 17, -127)
(-127, 79, -93, 91, -6, -127)
(-127, 82, -95, 104, -41, -127)
(-104, 78, -90, 108, -75, -127)
(-72, 76, -85, 114, -100, -127)
(-36, 75, -79, 108, -114, -127)
(-7, 69, -70, 96, -121, -127)
(12, 59, -59, 89, -123, -127)
(31, 47, -50, 82, -116, -127)
(42, 28, -30, 68, -92, -118)
(45, 20, -20, 58, -83, -103)
(45, 13, -12, 49, -75, -87)
(44, 8, -5, 41, -72, -70)
(44, 2, 0, 31, -70, -55)
(43, -1, 2, 22, -65, -42)
(45, -5, 4, 16, -61, -29)
(49, -7, 4, 9, -53, -18)
(51, -9, 4, 3, -39, -7)
(52, -12, 4, 0, -22, 3)
(49, -14, 5, 0, -5, 14)
(43, -13, 6, 0, 6, 26)
(35, -11, 4, -4, 16, 47)
(32, -11, 4, -7, 18, 59)
(31, -11, 4, -9, 21, 72)
(31, -9, 3, -12, 27, 83)
(29, -7, 0, -16, 34, 93)
(25, -5, -2, -21, 42, 103)
(20, -3, -5, -25, 50, 113)
(11, 7, -21, -28, 65, 127)
(1, 14, -28, -32, 77, 127)
(-12, 22, -35, -35, 81, 127)
(-29, 28, -42, -41, 80, 127)
(-44, 33, -43, -50, 73, 127)
(-50, 36, -44, -55, 61, 127)
(-47, 38, -53, -51, 52, 127)
(-70, 63, -66, -27, 90, 127)
(-104, 79, -54, -48, 83, 127)
(-126, 77, -44, -55, 32, 127)
BatchID:  11




(-27, 43, -26, 0, 0, 0)
(-27, 43, -26, 0, 0, 0)
(-27, 43, -25, 0, 0, 0)
(-27, 43, -26, 0, 0, 0)
(-26, 43, -26, -1, 0, 0)
(-27, 43, -26, -1, 0, 0)
(-27, 43, -26, 0, 0, 0)
(-27, 43, -26, 0, 0, 0)
(-29, 44, -26, 0, 0, 0)
(-29, 44, -25, -1, -1, -2)
(-29, 44, -24, -2, -1, -2)
(-28, 43, -25, -2, -1, -3)
(-27, 43, -25, -3, 0, -3)
(-26, 43, -25, -3, 0, -3)
(-25, 42, -26, -3, 0, -2)
(-26, 43, -26, -2, 0, -1)
(-28, 44, -25, -2, 0, -1)
(-40, 50, -20, -4, 1, -4)
(-49, 56, -19, -4, -1, -9)
(-64, 61, -23, -6, -1, -16)
(-73, 65, -33, -1, 12, -22)
(-113, 77, -34, 3, 29, -30)
(-127, 86, -32, 8, 11, -40)
(-127, 88, -30, 13, -15, -70)
(-127, 94, -30, 19, -29, -113)
(-127, 109, -38, 21, -23, -127)
(-127, 114, -48, 16, -4, -127)
(-127, 106, -60, 22, 12, -127)
(-127, 96, -73, 33, 15, -127)
(-127, 85, -86, 71, -29, -127)
(-121, 92, -93, 89, -51, -127)
(-93, 90, -96, 91, -67, -127)
(-60, 78, -91, 92, -72, -127)
(-41, 68, -80, 99, -75, -127)
(-21, 62, -69, 106, -78, -127)
(1, 57, -64, 106, -76, -127)
(20, 49, -57, 99, -69, -127)
(31, 39, -47, 90, -65, -127)
(43, 28, -35, 84, -57, -127)
(49, 20, -25, 80, -46, -108)
(45, 13, -14, 78, -44, -84)
(40, 10, -8, 72, -44, -62)
(36, 8, -4, 61, -46, -46)
(41, 1, 1, 32, -56, -24)
(48, -2, 3, 22, -50, -15)
(49, -6, 5, 17, -36, -5)
(48, -7, 7, 17, -21, 5)
(44, -5, 8, 15, -11, 15)
(42, -4, 8, 8, -2, 24)
(40, -4, 9, 0, 5, 32)
(40, -6, 10, -4, 14, 40)
(36, -5, 11, -9, 24, 48)
(32, -5, 11, -13, 31, 57)
(30, -4, 10, -20, 36, 66)
(31, -3, 7, -28, 42, 73)
(32, -3, 4, -37, 51, 79)
(31, 0, 0, -45, 62, 86)
(18, 11, -10, -60, 67, 109)
(10, 19, -18, -66, 63, 125)
(-1, 28, -29, -72, 57, 127)
(-12, 36, -40, -79, 55, 127)
(-27, 42, -47, -86, 55, 127)
(-50, 49, -49, -81, 49, 127)
(-81, 59, -48, -81, 32, 127)
(-92, 61, -54, -70, 6, 127)
(-69, 67, -64, -55, 25, 127)
(-60, 79, -73, -39, 91, 127)
(-86, 92, -70, -30, 127, 127)
BatchID:  12




(-33, 40, -24, -2, 3, -2)
(-33, 39, -24, -2, 3, -2)
(-33, 39, -24, -1, 3, -1)
(-33, 39, -24, -1, 3, -1)
(-34, 39, -25, 0, 2, 0)
(-34, 40, -24, 0, 1, 0)
(-34, 39, -24, 0, 0, 0)
(-34, 40, -24, 0, 0, 0)
(-34, 40, -24, 0, 0, 0)
(-33, 40, -23, 0, 0, 0)
(-34, 40, -24, 0, 1, 0)
(-34, 40, -24, 0, 0, 0)
(-34, 40, -24, 0, 0, 0)
(-34, 40, -24, 0, 0, 0)
(-33, 41, -24, 0, 0, 0)
(-34, 40, -24, 0, 1, -1)
(-34, 41, -24, 0, 2, -1)
(-34, 41, -24, 0, 4, -2)
(-37, 42, -24, 1, 6, -3)
(-41, 44, -23, 4, 8, -4)
(-47, 48, -26, 9, 10, -5)
(-64, 60, -26, 15, 18, -10)
(-84, 65, -30, 15, 20, -23)
(-95, 68, -33, 15, 24, -43)
(-104, 71, -37, 16, 33, -65)
(-118, 74, -37, 16, 33, -82)
(-127, 79, -39, 24, 19, -90)
(-127, 87, -45, 29, -6, -93)
(-127, 90, -53, 29, -39, -94)
(-127, 89, -60, 28, -63, -102)
(-127, 89, -70, 27, -73, -119)
(-127, 85, -76, 21, -71, -127)
(-127, 74, -74, 23, -66, -127)
(-124, 64, -73, 33, -63, -127)
(-109, 64, -75, 47, -68, -127)
(-93, 61, -71, 49, -82, -127)
(-66, 54, -68, 52, -94, -127)
(-44, 48, -66, 55, -99, -127)
(-27, 43, -62, 53, -103, -127)
(-8, 36, -54, 51, -105, -127)
(4, 30, -45, 53, -104, -127)
(16, 27, -39, 49, -100, -127)
(26, 21, -30, 36, -95, -121)
(34, 13, -24, 26, -85, -110)
(39, 6, -18, 21, -69, -101)
(39, 0, -13, 20, -53, -91)
(36, -2, -7, 18, -39, -81)
(33, -3, -4, 15, -32, -71)
(32, -5, -1, 11, -30, -60)
(34, -7, 0, 8, -29, -49)
(38, -8, 0, 4, -22, -39)
(43, -9, -1, 0, -11, -30)
(44, -11, 0, -2, 5, -20)
(42, -15, 1, -2, 19, -11)
(38, -16, 3, 0, 27, 0)
(36, -15, 3, -1, 31, 11)
(35, -14, 4, -5, 35, 23)
(32, -15, 6, -9, 37, 36)
(29, -14, 6, -12, 36, 48)
(28, -12, 7, -17, 35, 61)
(31, -10, 4, -25, 36, 73)
(31, -8, 1, -32, 42, 85)
(28, -5, -2, -37, 49, 98)
(24, -1, -7, -42, 52, 112)
(20, 5, -14, -47, 56, 126)
(14, 11, -20, -52, 62, 127)
(1, 22, -25, -58, 62, 127)
(-14, 32, -30, -64, 49, 127)
(-26, 40, -37, -65, 27, 127)
(-30, 52, -50, -65, 17, 127)
BatchID:  13




(-29, 41, -27, 0, 0, 0)
(-28, 41, -27, 0, 0, 0)
(-29, 41, -27, 0, 1, 0)
(-29, 41, -27, 0, 1, 0)
(-29, 42, -28, 0, 1, 0)
(-30, 41, -28, 0, 1, 0)
(-30, 41, -28, 0, 0, 0)
(-29, 41, -28, 0, 0, 0)
(-29, 41, -28, 0, -1, 0)
(-28, 41, -28, 0, -1, 0)
(-29, 41, -28, 0, -1, 0)
(-28, 42, -26, 0, 0, 0)
(-29, 41, -27, 0, 0, 0)
(-29, 42, -27, 0, 0, 0)
(-29, 42, -28, 0, 0, 0)
(-29, 42, -27, 0, 0, 0)
(-30, 42, -26, -1, 0, 0)
(-34, 44, -25, 0, 0, -1)
(-42, 48, -25, 0, 0, -4)
(-57, 57, -21, -3, 0, -10)
(-76, 65, -11, -6, -1, -16)
(-79, 67, -12, 6, 2, -24)
(-97, 76, -22, 6, 21, -46)
(-118, 79, -29, 3, 39, -72)
(-127, 79, -35, 6, 45, -95)
(-127, 84, -43, 13, 31, -114)
(-127, 90, -52, 22, 4, -125)
(-127, 94, -64, 27, -23, -127)
(-127, 94, -78, 31, -43, -127)
(-127, 90, -87, 32, -45, -127)
(-127, 81, -87, 38, -44, -127)
(-115, 72, -85, 54, -43, -127)
(-99, 70, -84, 70, -48, -127)
(-79, 68, -85, 79, -48, -127)
(-53, 61, -84, 78, -39, -127)
(-24, 52, -86, 77, -11, -127)
(-7, 34, -87, 83, 31, -127)
(0, 13, -79, 109, 69, -127)
(-13, 9, -68, 127, 82, -127)
(-30, 27, -57, 127, 61, -127)
(-30, 47, -37, 127, 7, -119)
(-29, 40, -25, 110, -80, -78)
(-8, 30, -23, 95, -127, -52)
(19, 25, -26, 80, -127, -33)
(41, 24, -29, 54, -127, -25)
(59, 16, -26, 24, -127, -26)
(64, 5, -14, 8, -127, -29)
(62, -5, -3, 9, -113, -30)
(58, -11, 3, 23, -84, -27)
(54, -9, 8, 34, -62, -20)
(52, -4, 9, 30, -49, -9)
(51, -3, 12, 19, -41, 1)
(50, -3, 16, 10, -30, 14)
(46, -3, 14, -1, -24, 28)
(43, -5, 13, -15, -22, 42)
(40, -9, 12, -25, -19, 55)
(38, -13, 11, -29, -15, 69)
(39, -13, 7, -29, -8, 82)
(36, -12, 3, -28, 2, 96)
(33, -9, 0, -27, 13, 109)
(32, -6, -3, -25, 23, 118)
(31, 0, -9, -24, 40, 127)
(29, 6, -15, -22, 60, 127)
(19, 16, -20, -17, 85, 127)
(3, 26, -26, -12, 105, 127)
(-15, 36, -34, -10, 108, 127)
(-30, 49, -44, -14, 106, 127)
(-49, 58, -53, -26, 99, 127)
(-75, 66, -51, -41, 78, 127)
(-93, 66, -50, -38, 49, 127)
BatchID:  14

