
(21, -64, -31, -2, 0, -1)
(21, -68, -30, 2, 3, 0)
(18, -70, -28, 8, 4, 0)
(15, -68, -25, 11, 0, 0)
(16, -65, -24, 11, -3, 0)
(18, -62, -23, 7, -5, 0)
(19, -62, -23, 1, -5, 0)
(18, -65, -23, 0, -4, -1)
(17, -65, -25, -1, -3, -1)
(17, -64, -27, -2, -3, 0)
(16, -63, -27, -3, -3, 0)
(16, -63, -27, -4, -2, 0)
(15, -62, -29, -4, -2, 0)
(15, -62, -29, -4, -2, -1)
(15, -61, -29, -5, -4, -2)
(17, -62, -31, -7, -4, -3)
(18, -62, -32, -5, -3, -3)
(19, -61, -33, -3, -2, -2)
(21, -61, -33, -2, 0, 0)
(20, -63, -34, 0, 2, 1)
(18, -64, -33, 1, 2, 2)
(17, -67, -32, 3, 0, 2)
(17, -65, -31, 5, -2, 1)
(19, -64, -31, 3, -2, 0)
(20, -64, -32, 2, 0, 0)
(21, -65, -34, 0, 1, 1)
(24, -66, -40, -4, 7, 4)
(27, -67, -48, -5, 17, 8)
(30, -67, -57, -5, 30, 13)
(27, -66, -68, -3, 39, 17)
(26, -68, -78, 0, 43, 19)
(26, -68, -86, -4, 46, 20)
(30, -70, -96, -5, 54, 21)
(28, -82, -114, 5, 80, 6)
(25, -83, -109, 15, 68, 1)
(25, -82, -107, 28, 53, 5)
(28, -80, -109, 50, 37, 14)
(28, -73, -105, 71, 26, 27)
(12, -28, -55, 127, 22, 63)
(0, 4, -43, 127, 13, 59)
(-3, 15, -35, 127, 5, 60)
(-3, 23, -27, 127, 0, 62)
(-4, 27, -17, 127, -4, 62)
(-2, 30, -10, 127, -6, 59)
(-1, 58, 12, 127, -1, 54)
(-10, 43, 8, 127, -14, 54)
(-6, 45, 14, 127, -33, 51)
(-4, 46, 23, 127, -26, 50)
(-2, 52, 31, 127, -17, 50)
(0, 61, 40, 127, -12, 45)
(-16, 60, 75, 127, -4, 36)
(-25, 47, 97, 127, -28, 34)
(-19, 52, 104, 110, -53, 30)
(-4, 52, 112, 76, -63, 24)
(8, 41, 113, 47, -62, 16)
(27, 27, 111, 25, -38, 10)
BatchID:  2




(12, -41, -53, 0, 1, 0)
(13, -40, -54, -3, 1, 0)
(13, -41, -56, -5, 2, 1)
(12, -42, -57, -6, 2, 1)
(14, -43, -57, -4, 2, 2)
(14, -44, -57, -2, 3, 3)
(14, -42, -58, 0, 5, 4)
(13, -43, -57, 1, 4, 3)
(12, -43, -56, 1, 3, 2)
(13, -44, -55, 1, 1, 0)
(13, -45, -53, 1, 0, -2)
(13, -45, -54, 0, 0, -3)
(14, -46, -54, 0, -1, -4)
(16, -44, -54, -1, 0, -2)
(16, -44, -54, -2, 2, 0)
(15, -45, -54, -3, 3, 1)
(15, -45, -55, -3, 5, 3)
(15, -43, -54, -2, 7, 5)
(14, -43, -54, -3, 7, 5)
(14, -42, -56, -4, 6, 5)
(16, -42, -58, -4, 6, 5)
(17, -43, -63, -4, 7, 6)
(20, -46, -69, -4, 10, 7)
(22, -50, -75, 0, 15, 7)
(22, -53, -83, -2, 21, 9)
(24, -55, -91, -6, 26, 10)
(28, -57, -105, -11, 36, 14)
(33, -58, -121, -17, 54, 17)
(38, -63, -127, -21, 74, 17)
(34, -73, -127, -10, 86, 9)
(34, -76, -127, 13, 84, -6)
(35, -69, -127, 37, 72, -22)
(38, -64, -127, 57, 56, -30)
(47, -54, -121, 92, 37, -22)
(47, -56, -117, 110, 30, -2)
(46, -56, -108, 127, 23, 24)
(49, -54, -99, 127, 29, 53)
(56, -42, -92, 127, 47, 72)
(52, -27, -89, 127, 56, 83)
(42, -16, -88, 127, 54, 89)
(30, -2, -82, 127, 59, 93)
(12, 12, -77, 127, 54, 92)
(0, 24, -72, 127, 32, 88)
(-8, 29, -65, 127, 7, 81)
(-11, 20, -59, 127, -15, 78)
(-11, 12, -59, 127, -32, 77)
(-5, 15, -60, 127, -31, 72)
(-4, 22, -59, 127, -28, 67)
(-3, 26, -53, 127, -26, 64)
(-5, 29, -51, 127, -22, 63)
(-10, 43, -30, 127, -21, 46)
(-7, 42, -26, 127, -22, 38)
(0, 39, -30, 127, -11, 23)
BatchID:  3




(6, -65, -35, -7, 2, -1)
(5, -67, -35, -6, 3, -1)
(7, -63, -36, -5, 2, -3)
(5, -66, -35, -5, 1, -5)
(6, -66, -34, -4, 0, -6)
(8, -65, -36, -6, -2, -7)
(8, -67, -35, -6, -1, -7)
(8, -66, -36, -6, 0, -7)
(9, -65, -37, -7, 0, -6)
(9, -63, -37, -6, 2, -5)
(8, -63, -37, -6, 3, -4)
(7, -63, -36, -5, 4, -3)
(6, -62, -36, -3, 4, -3)
(6, -60, -35, -3, 3, -4)
(6, -57, -33, -4, 1, -6)
(8, -55, -36, -7, 0, -6)
(9, -58, -38, -8, -2, -5)
(11, -60, -41, -5, 0, -2)
(9, -66, -40, 7, 0, 0)
(9, -62, -37, 11, -1, 1)
(9, -62, -36, 10, -3, 1)
(9, -62, -33, 10, -2, 0)
(9, -61, -32, 4, -3, -1)
(11, -64, -36, -3, -1, -2)
(22, -89, -76, -26, 28, -24)
(29, -89, -88, -31, 29, -32)
(35, -87, -101, -29, 31, -38)
(41, -83, -112, -32, 39, -38)
(44, -81, -117, -32, 45, -36)
(44, -79, -119, -29, 45, -29)
(45, -80, -122, -18, 47, -16)
(41, -75, -122, -1, 53, 1)
(39, -68, -120, 15, 61, 18)
(30, -66, -114, 32, 58, 27)
(22, -67, -105, 51, 47, 33)
(17, -62, -97, 79, 42, 39)
(16, -49, -92, 103, 36, 43)
(13, -36, -88, 114, 20, 43)
(13, -25, -83, 118, 11, 45)
(15, -18, -77, 125, 4, 49)
(17, -12, -72, 127, -1, 53)
(11, -4, -67, 127, -5, 58)
(6, 1, -60, 127, -5, 63)
(1, 9, -51, 127, -3, 68)
(-2, 20, -43, 127, -2, 68)
(-3, 29, -41, 127, -6, 66)
(-7, 34, -41, 127, -17, 61)
(-8, 34, -41, 127, -26, 57)
(-7, 35, -40, 127, -25, 54)
(-7, 37, -38, 127, -18, 51)
(-9, 40, -34, 127, -15, 45)
(-10, 40, -29, 127, -19, 39)
(-10, 40, -26, 127, -22, 35)
(-12, 41, -24, 127, -26, 34)
(-5, 43, -23, 127, -25, 31)
(3, 43, -22, 127, -19, 22)
(11, 44, -20, 127, -8, 13)
(18, 45, -17, 127, 9, 7)
(22, 45, -11, 127, 32, 6)
BatchID:  4




(0, -63, -34, 0, 0, -4)
(0, -64, -33, -1, 0, -5)
(0, -64, -32, -2, -1, -4)
(1, -63, -33, -3, 0, -4)
(2, -65, -35, -5, 3, -1)
(0, -68, -35, -3, 3, -2)
(0, -68, -35, -1, 1, -2)
(0, -65, -35, 0, 0, -3)
(1, -65, -35, 0, 0, -3)
(1, -64, -35, -1, 1, -3)
(1, -63, -36, -1, 1, -3)
(1, -62, -35, -3, 2, -1)
(2, -63, -35, -1, 3, -1)
(0, -62, -35, -1, 2, -1)
(0, -62, -34, -1, 1, -1)
(1, -61, -33, -2, 0, -1)
(3, -60, -33, -3, 0, -1)
(4, -61, -34, -3, 0, 0)
(3, -62, -35, -3, 1, 1)
(3, -63, -36, -3, 2, 2)
(3, -63, -36, -2, 2, 3)
(3, -64, -36, -2, 2, 3)
(2, -67, -36, -1, 0, 2)
(2, -68, -37, 0, 0, 1)
(1, -68, -37, 0, -1, 1)
(10, -98, -70, -33, 38, -38)
(34, -85, -110, -39, 68, -34)
(31, -81, -125, -38, 88, -26)
(28, -81, -127, -31, 91, -20)
(28, -77, -127, -13, 89, -13)
(25, -69, -127, 4, 81, -7)
(26, -64, -127, 17, 71, -2)
(26, -62, -119, 40, 56, 3)
(25, -57, -109, 65, 41, 10)
(24, -48, -97, 92, 30, 20)
(27, -36, -87, 115, 24, 34)
(30, -22, -81, 127, 25, 47)
(26, -5, -73, 127, 30, 61)
(20, 8, -61, 127, 32, 71)
(13, 20, -51, 127, 30, 79)
(4, 26, -41, 115, 24, 83)
(-2, 25, -32, 105, 13, 86)
(-6, 20, -26, 105, 5, 82)
(-8, 13, -22, 114, -1, 75)
(-8, 12, -23, 127, -8, 64)
(0, 24, -29, 127, -19, 42)
(10, 18, -34, 127, -9, 30)
BatchID:  5




(13, -61, -38, 2, -2, 5)
(14, -62, -40, 2, -6, 3)
(15, -62, -39, 3, -7, 1)
(18, -59, -41, 0, -5, 2)
(18, -59, -43, -1, -2, 4)
(17, -59, -44, -4, 0, 6)
(16, -62, -45, -6, 2, 7)
(14, -66, -45, -5, 3, 7)
(15, -63, -46, -2, 5, 8)
(15, -60, -45, -3, 7, 8)
(14, -60, -45, -2, 8, 7)
(12, -59, -43, -2, 7, 5)
(10, -60, -41, -1, 3, 1)
(11, -58, -41, -1, 0, -1)
(12, -55, -41, -2, 0, -2)
(14, -54, -42, -3, 2, -1)
(12, -57, -41, -2, 4, 0)
(11, -58, -40, 0, 3, 0)
(11, -58, -40, 1, 1, 0)
(12, -56, -37, 2, 0, 0)
(12, -53, -37, 2, 0, -1)
(13, -52, -38, 0, -2, -1)
(15, -51, -39, 0, -2, 0)
(15, -54, -41, 0, -3, 0)
(15, -59, -42, 1, -3, 2)
(16, -60, -45, 3, -1, 4)
(19, -61, -49, 0, 2, 7)
(22, -65, -56, -1, 9, 10)
(23, -72, -67, -6, 13, 11)
(23, -81, -77, -8, 16, 12)
(28, -90, -87, -9, 15, 9)
(32, -93, -94, -4, 19, 8)
(41, -86, -103, -6, 38, 9)
(49, -80, -115, -16, 64, 8)
(45, -81, -122, -24, 87, 2)
(35, -85, -117, -16, 90, -6)
(32, -73, -112, 0, 81, -11)
(37, -60, -114, 13, 65, -11)
(40, -54, -118, 24, 47, -7)
(45, -57, -111, 38, 34, -1)
(46, -56, -100, 67, 20, 5)
(42, -45, -94, 98, 7, 19)
(41, -36, -93, 120, -1, 36)
(41, -30, -89, 127, -3, 52)
(34, -24, -81, 127, -4, 66)
(25, -14, -71, 127, 0, 77)
(13, -1, -61, 127, 2, 86)
(1, 14, -44, 127, -8, 83)
(-4, 17, -38, 127, -23, 76)
(-5, 23, -36, 127, -27, 70)
(-6, 28, -32, 127, -24, 66)
(-8, 25, -22, 127, -24, 61)
(-7, 23, -14, 127, -24, 57)
(-7, 24, -11, 127, -22, 57)
(-8, 26, -9, 127, -24, 58)
(-6, 25, -9, 127, -35, 55)
(-7, 23, -11, 127, -45, 50)
(-2, 27, -12, 127, -36, 50)
(-2, 33, -12, 127, -19, 53)
(0, 36, -9, 127, -13, 53)
(2, 40, 2, 127, -8, 46)
(0, 32, 6, 127, -9, 40)
(4, 35, 10, 127, -6, 34)
(7, 37, 13, 127, -1, 29)
(4, 41, 24, 124, 6, 31)
(-1, 48, 42, 127, 8, 34)
(-7, 63, 55, 127, -5, 34)
(-7, 75, 68, 127, -24, 30)
(-3, 72, 89, 108, -36, 19)
(9, 77, 100, 93, -29, 4)
BatchID:  6




(0, -67, -40, -17, -5, -23)
(0, -70, -41, -18, -4, -25)
(-2, -73, -40, -18, -6, -29)
(-1, -69, -41, -21, -7, -33)
(0, -70, -43, -27, -6, -36)
(3, -69, -46, -31, -4, -40)
(6, -67, -51, -33, 0, -42)
(8, -63, -55, -34, 4, -44)
(11, -57, -59, -38, 10, -44)
(12, -56, -64, -43, 13, -46)
(11, -55, -67, -45, 17, -45)
(10, -53, -66, -42, 20, -41)
(11, -45, -63, -38, 23, -34)
(13, -38, -62, -34, 28, -27)
(12, -36, -58, -28, 31, -21)
(11, -33, -54, -18, 29, -17)
(12, -29, -52, -11, 24, -14)
(13, -33, -49, -4, 17, -12)
(12, -40, -44, 4, 11, -11)
(13, -39, -40, 13, 5, -11)
(16, -34, -42, 9, 2, -9)
(23, -36, -52, 0, 8, -4)
(27, -43, -61, -8, 21, 2)
(31, -49, -72, -8, 31, 7)
(29, -61, -89, -8, 35, 7)
(28, -72, -99, 0, 30, 1)
(45, -54, -109, 15, 25, -3)
(52, -45, -120, 7, 41, 5)
(53, -41, -127, -4, 59, 18)
(46, -45, -127, -7, 71, 28)
(38, -49, -126, 0, 70, 37)
(31, -48, -126, 18, 62, 49)
(28, -42, -124, 45, 53, 62)
(25, -37, -121, 72, 44, 74)
(23, -34, -113, 103, 36, 80)
(20, -31, -100, 127, 31, 83)
(18, -23, -89, 127, 29, 85)
(19, -11, -80, 127, 29, 87)
(16, 4, -73, 127, 31, 92)
(12, 17, -66, 127, 28, 98)
(5, 30, -59, 127, 26, 102)
(3, 45, -53, 127, 24, 106)
(2, 55, -46, 127, 24, 105)
(-2, 52, -34, 127, 12, 100)
(-7, 45, -25, 127, 0, 95)
(-8, 41, -20, 127, -9, 89)
(-6, 42, -20, 127, -12, 82)
(-6, 46, -21, 127, -15, 78)
(-4, 50, -19, 127, -15, 73)
(-5, 64, -3, 127, -12, 70)
(-13, 55, 2, 127, -21, 69)
(-18, 53, 14, 127, -29, 67)
(-21, 52, 31, 127, -35, 59)
(-22, 49, 53, 127, -51, 49)
(-11, 55, 64, 127, -65, 31)
(-8, 68, 69, 127, -51, 22)
(-10, 63, 91, 105, -48, 17)
(-3, 47, 106, 91, -57, 9)
(8, 50, 102, 73, -35, 2)
(10, 48, 101, 59, -11, -2)
(10, 39, 104, 51, 9, -6)
(10, 33, 106, 53, 33, -9)
(6, 35, 107, 52, 52, -12)
(-3, 39, 112, 47, 59, -13)
(-14, 42, 118, 38, 55, -12)
(-22, 45, 121, 25, 43, -12)
(-23, 43, 124, 11, 30, -16)
(-16, 42, 123, 1, 31, -22)
(-15, 40, 124, -2, 40, -29)
(-22, 43, 127, -5, 52, -34)
(-35, 47, 127, -13, 51, -42)
BatchID:  7




(18, -49, -40, -4, 16, -11)
(21, -50, -44, -6, 20, -9)
(21, -55, -43, -4, 23, -8)
(24, -53, -47, -3, 22, -8)
(24, -60, -47, 0, 18, -11)
(24, -56, -46, 1, 12, -14)
(29, -54, -45, -3, 7, -15)
(33, -52, -46, -10, 10, -14)
(34, -59, -51, -25, 22, -8)
(28, -61, -47, -26, 25, -7)
(25, -61, -44, -29, 22, -4)
(27, -55, -45, -30, 25, 1)
(28, -52, -46, -34, 32, 7)
(24, -55, -44, -33, 37, 10)
(19, -56, -41, -31, 34, 9)
(19, -51, -38, -25, 30, 7)
(21, -42, -38, -26, 26, 7)
(22, -41, -37, -27, 25, 8)
(21, -43, -36, -24, 25, 10)
(21, -45, -38, -21, 24, 11)
(22, -47, -38, -16, 23, 12)
(26, -42, -42, -14, 23, 14)
(36, -40, -50, -12, 26, 17)
(40, -42, -58, -8, 27, 18)
(42, -46, -64, -3, 20, 13)
(45, -47, -67, 0, 9, 10)
(49, -49, -74, 9, -7, 10)
(57, -42, -84, 22, -18, 20)
(70, -30, -106, 33, -12, 39)
(64, -31, -127, 31, 2, 64)
(52, -53, -111, 47, -1, 69)
(47, -54, -102, 93, 0, 74)
(43, -41, -107, 119, -6, 81)
(41, -35, -103, 127, -8, 88)
(37, -30, -90, 127, -13, 93)
(29, -22, -79, 127, -21, 100)
(23, -16, -71, 127, -26, 110)
(19, -6, -59, 127, -23, 117)
(16, 9, -48, 127, -16, 120)
(12, 27, -42, 127, -15, 116)
(7, 43, -37, 127, -22, 110)
(4, 54, -31, 127, -28, 105)
(2, 96, -1, 127, -28, 104)
(-1, 70, -17, 127, -65, 104)
(11, 74, -18, 127, -66, 96)
(8, 81, -12, 127, -46, 94)
(2, 82, -5, 127, -49, 92)
(-1, 79, 5, 127, -54, 90)
(-4, 80, 16, 127, -58, 88)
(-1, 92, 34, 127, -79, 71)
(3, 93, 43, 127, -74, 57)
(7, 86, 60, 117, -62, 42)
(6, 67, 80, 99, -57, 28)
(14, 61, 76, 96, -34, 17)
(15, 66, 71, 77, 7, 4)
(8, 65, 77, 65, 25, -9)
(7, 63, 78, 57, 43, -20)
(8, 64, 81, 54, 57, -28)
(4, 67, 85, 45, 67, -31)
(-7, 63, 100, 41, 63, -28)
(-21, 66, 107, 40, 48, -21)
(-26, 81, 111, 27, 29, -18)
(-23, 85, 117, 8, 17, -25)
(-17, 85, 123, -4, 23, -36)
(-8, 81, 127, -16, 43, -48)
(-13, 78, 127, -25, 70, -57)
(-29, 84, 127, -36, 86, -62)
(-41, 88, 127, -51, 87, -66)
(-37, 87, 127, -68, 89, -73)
(-36, 78, 127, -80, 95, -79)
(-46, 79, 119, -98, 96, -78)
(-54, 75, 108, -124, 84, -73)
(-53, 62, 93, -127, 72, -67)
BatchID:  8




(1, -61, -37, -3, 5, -9)
(1, -61, -38, -2, 4, -8)
(2, -63, -37, -1, 4, -6)
(3, -63, -35, 1, 4, -5)
(2, -62, -34, 2, 5, -5)
(1, -62, -34, 1, 4, -4)
(2, -62, -35, 0, 4, -4)
(1, -65, -33, 0, 2, -4)
(1, -66, -33, 0, 1, -5)
(1, -65, -34, 0, 1, -5)
(2, -63, -34, 0, 2, -5)
(2, -63, -34, -2, 4, -4)
(1, -63, -35, -4, 6, -4)
(1, -64, -35, -4, 7, -3)
(0, -63, -35, -3, 7, -2)
(0, -62, -36, -3, 7, -1)
(0, -61, -36, -2, 8, 0)
(0, -62, -37, -1, 8, 0)
(0, -63, -33, 1, 7, -4)
(0, -63, -32, 0, 4, -7)
(2, -63, -33, -1, 0, -10)
(5, -64, -33, -2, -1, -13)
(6, -65, -34, -3, -2, -14)
(8, -65, -35, -3, -2, -14)
(10, -66, -36, -5, -2, -14)
(14, -67, -39, -9, 0, -13)
(17, -70, -44, -13, 4, -10)
(19, -77, -51, -16, 8, -9)
(18, -85, -56, -14, 11, -8)
(18, -88, -59, -8, 13, -8)
(22, -84, -63, -8, 16, -8)
(31, -78, -71, -13, 22, -8)
(38, -75, -82, -13, 26, -11)
(40, -78, -98, -23, 31, -13)
(39, -82, -107, -22, 39, -14)
(41, -86, -109, -17, 44, -12)
(37, -84, -111, -5, 47, -7)
(34, -77, -116, 6, 50, 3)
(30, -70, -121, 17, 54, 14)
(21, -69, -121, 25, 53, 20)
(15, -71, -112, 47, 43, 24)
(12, -66, -104, 76, 32, 26)
(11, -56, -100, 102, 22, 30)
(13, -49, -93, 125, 16, 34)
(12, -40, -83, 127, 10, 39)
(10, -27, -73, 127, 6, 48)
(7, -13, -68, 127, 7, 57)
(4, 1, -61, 127, 6, 65)
(0, 22, -49, 127, -4, 69)
(-1, 23, -40, 127, -13, 67)
(-6, 32, -21, 127, -12, 59)
(-6, 35, -18, 127, -17, 63)
(-7, 39, -15, 127, -21, 63)
(-8, 40, -10, 127, -25, 64)
(-9, 40, -5, 127, -20, 63)
(-13, 58, 14, 127, -12, 57)
(-24, 42, 23, 127, -45, 56)
(-11, 38, 32, 127, -74, 46)
(-6, 46, 33, 127, -67, 40)
(-7, 56, 43, 127, -62, 37)
(0, 61, 57, 127, -64, 31)
(5, 62, 70, 125, -56, 24)
(6, 57, 78, 119, -40, 16)
(11, 56, 78, 108, -14, 10)
(16, 54, 83, 95, 23, 1)
(15, 50, 93, 95, 63, -11)
(7, 55, 100, 96, 91, -22)
(10, 63, 97, 78, 104, -29)
(0, 62, 98, 61, 102, -29)
BatchID:  9




(-10, -62, -37, -2, -3, -3)
(-10, -62, -37, -3, -2, -3)
(-10, -61, -38, -3, -1, -3)
(-10, -61, -39, -3, 0, -3)
(-10, -62, -40, -3, 0, -2)
(-10, -63, -40, -3, 0, -2)
(-10, -63, -39, -1, 0, -3)
(-10, -62, -38, 0, 0, -3)
(-9, -61, -39, -1, 0, -3)
(-10, -62, -38, -2, 0, -4)
(-9, -63, -38, -1, -1, -6)
(-9, -63, -37, -1, -1, -6)
(-8, -63, -38, -2, -1, -6)
(-8, -63, -37, -2, 0, -6)
(-8, -63, -38, -3, 0, -6)
(-8, -63, -38, -3, 0, -6)
(-7, -63, -39, -3, -1, -5)
(-6, -62, -39, -3, 0, -5)
(-6, -62, -39, -3, 1, -3)
(-7, -63, -39, -3, 1, -2)
(-7, -62, -39, -3, 2, -2)
(-7, -63, -39, -3, 2, -2)
(-7, -64, -39, -2, 2, -2)
(-8, -64, -39, -1, 2, -2)
(-8, -64, -39, -2, 1, -3)
(0, -86, -78, -20, 26, -22)
(3, -85, -88, -23, 33, -23)
(9, -82, -95, -16, 43, -23)
(12, -76, -102, -14, 52, -27)
(14, -71, -103, -9, 62, -31)
(16, -64, -102, -2, 67, -33)
(18, -59, -107, 1, 66, -32)
(24, -53, -107, 33, 55, -10)
(24, -50, -108, 44, 51, 1)
(22, -52, -105, 55, 47, 13)
(18, -55, -95, 74, 39, 22)
(17, -51, -84, 96, 31, 27)
(15, -42, -77, 118, 22, 34)
(14, -30, -71, 127, 14, 43)
(16, -18, -66, 127, 10, 50)
(15, -9, -62, 127, 4, 57)
(12, -6, -57, 127, -2, 63)
(9, -5, -50, 127, -4, 69)
(4, 0, -44, 127, -7, 73)
(1, 7, -39, 127, -9, 77)
(1, 17, -36, 127, -10, 79)
(0, 30, -33, 127, -8, 79)
(0, 38, -29, 127, -7, 79)
(-3, 43, -22, 127, -9, 79)
(-5, 45, -16, 127, -9, 80)
(-7, 46, -10, 127, -10, 80)
(-10, 57, -1, 127, -13, 79)
(-14, 49, -1, 127, -33, 77)
(-13, 50, 2, 127, -38, 69)
(-20, 55, 9, 127, -38, 62)
(-23, 58, 20, 127, -49, 53)
(-23, 57, 36, 127, -67, 46)
(-19, 65, 47, 127, -85, 39)
(-13, 74, 54, 127, -95, 35)
(-1, 66, 66, 100, -99, 29)
(7, 50, 84, 86, -95, 19)
(17, 44, 85, 92, -70, 7)
BatchID:  10




(-7, -65, -35, 0, 1, -3)
(-7, -64, -35, -1, 2, -3)
(-7, -65, -35, -1, 3, -4)
(-8, -64, -36, -2, 3, -4)
(-6, -64, -37, -2, 4, -4)
(-6, -64, -38, -1, 7, -4)
(-6, -63, -37, 0, 8, -4)
(-5, -63, -37, 0, 8, -5)
(-3, -63, -37, -1, 11, -1)
(-3, -64, -37, -2, 10, -1)
(-3, -66, -36, -1, 9, -2)
(-4, -66, -37, -1, 8, -1)
(-2, -65, -37, -2, 10, -1)
(-3, -67, -36, -1, 12, -2)
(-3, -65, -35, -2, 12, -3)
(-3, -64, -36, -4, 13, -3)
(-3, -65, -36, -6, 12, -4)
(-3, -66, -36, -5, 12, -5)
(-3, -65, -37, -5, 12, -6)
(-1, -63, -38, -5, 11, -6)
(0, -62, -39, -7, 12, -6)
(0, -65, -40, -7, 13, -6)
(0, -66, -39, -5, 14, -6)
(0, -64, -42, -6, 13, -7)
(4, -63, -48, -11, 15, -6)
(24, -61, -97, -20, 61, -5)
(21, -64, -104, -15, 61, 2)
(18, -67, -104, -3, 58, 10)
(17, -66, -102, 12, 54, 16)
(18, -64, -99, 30, 50, 20)
(17, -52, -89, 68, 31, 18)
(19, -49, -86, 88, 15, 21)
(29, -33, -77, 127, -3, 37)
(31, -25, -75, 127, -8, 49)
(31, -17, -69, 127, -9, 58)
(27, -8, -61, 127, -6, 69)
(19, 3, -51, 127, -2, 83)
(12, 15, -42, 127, 0, 93)
(1, 36, -31, 127, 3, 100)
(-4, 43, -25, 127, 1, 99)
(-9, 49, -19, 127, -1, 100)
BatchID:  11




(1, -62, -31, -9, 9, -21)
(10, -64, -41, -11, 11, -17)
(10, -70, -43, -8, 13, -15)
(10, -71, -41, -1, 14, -14)
(10, -68, -39, 1, 13, -13)
(12, -63, -40, 0, 15, -13)
(14, -61, -44, -5, 16, -12)
(18, -63, -50, -12, 20, -9)
(21, -70, -56, -14, 26, -5)
(21, -75, -57, -7, 33, -1)
(16, -73, -50, 2, 36, 1)
(14, -66, -46, 3, 34, 5)
(15, -60, -43, 2, 36, 7)
(12, -59, -39, -3, 38, 8)
(8, -60, -34, -5, 39, 7)
(5, -61, -28, -7, 35, 5)
(5, -57, -25, -6, 31, 3)
(3, -54, -23, -6, 28, 4)
(1, -54, -18, -7, 26, 5)
(2, -53, -16, -8, 24, 6)
(4, -52, -19, -13, 23, 6)
(10, -54, -28, -17, 27, 8)
(23, -49, -43, -21, 38, 14)
(34, -52, -61, -24, 48, 19)
(33, -63, -79, -15, 56, 23)
(29, -72, -89, -3, 47, 27)
(31, -69, -93, 16, 30, 29)
(38, -62, -101, 27, 23, 32)
(42, -60, -110, 29, 26, 34)
(40, -60, -109, 33, 35, 37)
(33, -61, -103, 47, 34, 40)
(27, -63, -97, 63, 24, 42)
(25, -61, -91, 81, 12, 45)
(24, -58, -85, 99, 2, 51)
(21, -42, -70, 127, -3, 66)
(16, -34, -59, 127, -6, 72)
(13, -25, -47, 127, -8, 75)
(8, -15, -39, 127, -12, 77)
(5, -7, -32, 127, -19, 79)
(3, 1, -25, 127, -22, 82)
(2, 10, -20, 127, -18, 84)
(1, 21, -16, 127, -15, 84)
(1, 35, -14, 127, -10, 85)
(-2, 84, 15, 127, -7, 89)
(-8, 65, 1, 127, -54, 92)
(0, 60, 6, 127, -65, 88)
(-4, 65, 14, 127, -52, 85)
(-9, 73, 24, 127, -60, 85)
(-6, 78, 36, 127, -74, 81)
(-6, 79, 49, 127, -81, 74)
(-6, 79, 68, 127, -90, 63)
(-7, 76, 85, 127, -100, 51)
(-2, 71, 94, 127, -103, 40)
(13, 69, 95, 95, -84, 29)
(26, 65, 95, 54, -49, 19)
(22, 31, 92, 21, 42, -2)
(11, 26, 91, 34, 67, -10)
(3, 29, 90, 44, 75, -13)
(-1, 36, 93, 48, 71, -13)
(-6, 38, 99, 39, 57, -10)
(-14, 38, 108, 29, 37, -8)
(-17, 38, 113, 17, 13, -7)
(-5, 42, 114, 6, 2, -7)
(7, 41, 112, -2, 18, -10)
(9, 36, 114, -3, 48, -13)
(-5, 36, 116, -3, 75, -16)
(-22, 34, 120, -5, 80, -18)
(-41, 38, 127, -8, 77, -23)
(-53, 51, 127, -18, 59, -32)
(-48, 63, 127, -42, 39, -43)
BatchID:  12




(-9, -67, -35, 2, 0, -8)
(-9, -67, -33, 2, 0, -9)
(-9, -64, -32, 0, 0, -9)
(-9, -64, -32, -4, 2, -10)
(-8, -64, -34, -8, 4, -9)
(-9, -67, -35, -8, 6, -9)
(-8, -67, -35, -7, 6, -9)
(-9, -67, -35, -5, 6, -11)
(-8, -63, -34, -5, 5, -12)
(-7, -63, -34, -7, 4, -14)
(-6, -62, -35, -7, 3, -15)
(-5, -63, -35, -7, 1, -16)
(-4, -63, -36, -6, 0, -16)
(-3, -63, -36, -3, 0, -16)
(-2, -62, -35, -2, 0, -15)
(-1, -61, -36, -2, 1, -14)
(-1, -62, -35, -1, 1, -13)
(0, -61, -36, -1, 2, -12)
(0, -62, -35, 0, 4, -10)
(0, -60, -35, 0, 6, -9)
(0, -62, -35, 0, 6, -8)
(0, -63, -36, 0, 4, -8)
(0, -64, -37, 0, 2, -8)
(2, -65, -41, -2, 2, -7)
(5, -66, -48, -8, 6, -5)
(9, -70, -59, -15, 14, -1)
(10, -76, -70, -15, 25, 4)
(8, -80, -75, -9, 33, 7)
(8, -80, -82, -2, 33, 6)
(10, -77, -90, 2, 31, 3)
(14, -74, -98, 1, 35, 0)
(21, -67, -107, 0, 49, -3)
(23, -65, -114, 4, 53, 1)
(22, -68, -114, 13, 54, 7)
(20, -73, -108, 30, 53, 14)
(14, -72, -102, 55, 49, 22)
(-6, -18, -48, 127, 16, 49)
(-13, -15, -28, 127, 1, 47)
(-12, -9, -21, 127, -6, 48)
(-10, -3, -17, 127, -16, 51)
(-7, 2, -13, 127, -21, 52)
(-6, 6, -10, 127, -21, 54)
(-5, 11, -7, 127, -15, 57)
(-4, 17, -2, 127, -5, 57)
(-6, 36, 15, 127, 0, 54)
(-23, 25, 22, 127, -29, 52)
(-13, 22, 24, 127, -68, 45)
(-8, 25, 23, 127, -66, 42)
(-11, 33, 27, 127, -73, 42)
(-6, 34, 37, 127, -84, 39)
(0, 36, 49, 127, -82, 31)
(2, 38, 61, 124, -80, 22)
(4, 39, 71, 112, -74, 17)
(6, 35, 79, 99, -66, 13)
(8, 27, 89, 93, -60, 11)
BatchID:  13




(-8, -65, -34, 0, 1, -3)
(-7, -63, -33, 0, 1, -3)
(-7, -64, -33, -1, 2, -3)
(-7, -67, -34, 0, 4, -3)
(-7, -67, -35, 0, 5, -2)
(-7, -66, -35, 1, 6, -3)
(-9, -66, -34, 0, 5, -3)
(-8, -66, -34, 0, 4, -4)
(-6, -67, -35, -1, 5, -4)
(-6, -68, -36, 0, 7, -4)
(-6, -67, -35, 0, 7, -5)
(-6, -68, -37, 0, 7, -5)
(-5, -68, -38, 0, 8, -6)
(-5, -69, -38, 1, 9, -6)
(-4, -68, -38, 2, 10, -7)
(-4, -66, -39, 1, 11, -7)
(-3, -67, -41, 0, 12, -8)
(-3, -69, -42, 0, 14, -7)
(-3, -71, -40, 3, 16, -8)
(-4, -69, -39, 6, 17, -9)
(-2, -64, -38, 5, 17, -11)
(-1, -64, -39, 3, 18, -12)
(-2, -67, -36, 4, 17, -13)
(-2, -65, -35, 3, 15, -15)
(1, -62, -37, 0, 15, -15)
(3, -63, -40, -2, 18, -15)
(5, -64, -43, -6, 22, -14)
(10, -65, -50, -10, 27, -10)
(11, -71, -56, -11, 33, -7)
(13, -75, -60, -8, 39, -4)
(15, -76, -66, -2, 39, -2)
(16, -75, -70, 3, 39, -2)
(17, -72, -72, 7, 38, -3)
(21, -68, -71, 11, 37, -2)
(23, -66, -81, 9, 37, 6)
(23, -67, -87, 16, 40, 18)
(23, -66, -91, 27, 43, 28)
(21, -65, -92, 41, 47, 34)
(13, -65, -87, 54, 44, 38)
(10, -66, -80, 71, 40, 41)
(8, -61, -74, 92, 32, 44)
(7, -56, -74, 110, 23, 48)
(7, -50, -72, 127, 18, 54)
(4, -41, -63, 127, 15, 60)
(2, -33, -55, 127, 12, 64)
(0, -23, -48, 127, 8, 66)
(-3, -13, -42, 127, 1, 67)
(-4, -6, -35, 127, -5, 70)
(-2, -2, -28, 127, -10, 71)
(-2, 4, -22, 127, -12, 72)
(-1, 14, -17, 127, -12, 76)
(0, 28, -14, 127, -6, 81)
(3, 43, -14, 127, 0, 87)
(-5, 70, 1, 127, -2, 89)
(-5, 70, 4, 127, -39, 91)
(-1, 69, 13, 127, -36, 89)
(-6, 74, 24, 127, -23, 87)
(-11, 80, 34, 127, -31, 82)
(-15, 83, 43, 127, -43, 74)
(-21, 82, 53, 127, -51, 66)
(-28, 75, 68, 113, -65, 62)
(-25, 67, 83, 103, -86, 56)
(-13, 62, 87, 90, -90, 45)
(-1, 57, 89, 70, -75, 30)
BatchID:  14


(4, -62, -38, -1, 0, 0)
(4, -64, -38, -1, 0, 0)
(4, -64, -38, 0, 0, 0)
(4, -63, -37, 0, 1, 0)
(5, -62, -37, 0, 0, 0)
(6, -61, -38, -1, 0, 0)
(6, -62, -38, -1, 1, 0)
(4, -63, -37, 0, 1, 0)
(3, -62, -35, 0, -1, 0)
(3, -64, -33, 5, -8, 0)
(5, -62, -37, 5, -7, 1)
(8, -61, -44, 3, 0, 2)
(6, -64, -48, 0, 3, 2)
(5, -69, -54, 0, 5, 1)
(8, -67, -59, 3, 6, 0)
(11, -64, -67, 5, 6, -3)
(11, -67, -78, 8, 4, -3)
(11, -71, -88, 8, -5, -4)
(22, -70, -98, 17, -5, 0)
(32, -65, -105, 23, 17, 3)
(33, -61, -102, 24, 38, 5)
(27, -65, -98, 27, 51, 5)
(16, -58, -97, 42, 50, 8)
(17, -55, -98, 44, 43, 11)
(17, -54, -98, 50, 39, 14)
(16, -55, -95, 61, 33, 19)
(14, -54, -94, 76, 28, 28)
(14, -54, -89, 93, 26, 38)
(14, -48, -84, 108, 34, 47)
(11, -43, -76, 121, 42, 53)
(5, -36, -65, 127, 46, 55)
(-3, -26, -55, 127, 43, 55)
(-10, -19, -48, 127, 35, 54)
(-11, -15, -41, 127, 26, 56)
(-12, -12, -34, 127, 18, 57)
(-12, -7, -28, 127, 8, 58)
(-13, -2, -24, 127, -2, 58)
(-12, 0, -19, 127, -14, 58)
(-9, 4, -15, 127, -22, 62)
(-2, 10, -12, 127, -20, 68)
(3, 19, -12, 127, -6, 78)
(6, 29, -11, 127, 17, 88)
(5, 63, 3, 127, 46, 92)
(-32, 79, 21, 127, -6, 83)
(-34, 67, 38, 127, -30, 71)
(-38, 62, 51, 127, -51, 63)
(-31, 72, 57, 127, -75, 62)
(-23, 83, 68, 127, -78, 63)
(-16, 80, 86, 109, -77, 60)
(-8, 69, 100, 92, -71, 46)
(0, 65, 103, 71, -45, 26)
(4, 64, 102, 45, -18, 9)
(5, 53, 100, 23, 13, -1)
(0, 36, 100, 17, 43, -4)
(-4, 28, 99, 27, 60, -9)
(-11, 28, 101, 35, 64, -14)
(-18, 35, 106, 35, 52, -17)
(-25, 40, 112, 23, 27, -17)
(-24, 38, 114, 7, -1, -14)
(-18, 30, 117, -4, -20, -12)
(-12, 26, 119, -7, -27, -11)
(-4, 26, 121, -9, -22, -12)
(0, 31, 124, -13, -3, -16)
(-2, 34, 126, -22, 17, -19)
BatchID:  2




(8, -66, -31, 2, 0, 3)
(9, -67, -30, 3, 0, 2)
(9, -65, -30, 2, 0, 2)
(10, -64, -31, 1, 1, 2)
(10, -65, -31, 0, 4, 4)
(8, -67, -31, 0, 5, 4)
(7, -68, -31, 0, 3, 3)
(9, -66, -32, 0, 1, 1)
(9, -66, -32, 0, 2, 0)
(9, -66, -33, 0, 2, 0)
(9, -67, -33, 0, 2, 0)
(8, -68, -32, 1, 1, 0)
(8, -67, -31, 2, 0, 0)
(10, -64, -31, 2, 0, 0)
(11, -63, -32, 0, 1, 0)
(11, -64, -33, 0, 4, 1)
(10, -66, -33, 0, 4, 2)
(9, -68, -34, 0, 4, 2)
(8, -68, -32, 1, 4, 1)
(9, -65, -32, 0, 3, 0)
(11, -62, -32, -3, 6, 0)
(11, -63, -34, -7, 8, 0)
(9, -64, -35, -8, 9, 0)
(9, -65, -36, -8, 8, 0)
(10, -65, -37, -6, 9, 0)
(11, -64, -37, -4, 10, 1)
(12, -61, -37, -4, 12, 2)
(13, -60, -41, -5, 15, 3)
(15, -61, -44, -6, 19, 4)
(17, -61, -47, -7, 22, 4)
(20, -65, -58, -4, 23, 5)
(17, -66, -68, 0, 17, 7)
(19, -65, -80, 14, 4, 12)
(34, -64, -101, 11, 48, 24)
(31, -64, -102, 23, 67, 26)
(25, -61, -106, 35, 76, 24)
(19, -61, -102, 56, 54, 14)
(20, -62, -97, 72, 37, 15)
(24, -59, -90, 89, 26, 23)
(27, -56, -83, 103, 24, 34)
(24, -52, -74, 118, 25, 46)
(21, -47, -66, 127, 30, 56)
(16, -40, -56, 127, 35, 63)
(10, -33, -47, 127, 35, 67)
(5, -26, -40, 127, 34, 69)
(-1, -18, -33, 127, 31, 71)
(-6, -10, -25, 127, 23, 73)
(-5, 2, -10, 127, 8, 82)
(-1, 6, -4, 127, 11, 87)
(0, 10, 0, 127, 23, 91)
(-9, 35, 27, 127, 33, 92)
(-20, 29, 27, 127, -1, 88)
(-15, 31, 29, 127, -15, 80)
(-17, 34, 38, 127, -14, 70)
(-16, 44, 44, 127, -21, 71)
(-10, 50, 50, 127, -11, 80)
(-15, 52, 60, 122, 0, 85)
(-26, 48, 67, 113, 0, 85)
(-34, 43, 75, 108, -5, 79)
(-41, 46, 81, 102, -22, 66)
(-37, 48, 86, 87, -41, 52)
(-30, 45, 90, 68, -50, 40)
(-24, 39, 95, 52, -49, 35)
(-13, 32, 97, 39, -36, 33)
(-4, 23, 98, 40, -7, 29)
(-5, 23, 101, 45, 30, 22)
BatchID:  3




(3, -66, -35, -2, 9, 2)
(3, -66, -35, -2, 10, 3)
(3, -64, -35, -3, 12, 4)
(1, -67, -34, -2, 13, 4)
(0, -66, -32, 0, 11, 2)
(1, -63, -32, 0, 8, 1)
(3, -60, -32, 0, 7, 1)
(4, -58, -32, -1, 8, 1)
(3, -58, -31, -2, 8, 1)
(4, -62, -32, 4, 1, 3)
(4, -65, -30, 11, 0, 5)
(3, -67, -27, 17, 0, 5)
(2, -66, -23, 20, -3, 5)
(3, -64, -23, 16, -4, 3)
(4, -70, -22, 5, -4, 1)
(3, -74, -23, 3, -4, 0)
(3, -74, -25, 0, -4, -1)
(6, -72, -29, -4, -1, 0)
(10, -71, -36, -10, 6, 2)
(12, -72, -46, -17, 16, 8)
(9, -79, -58, -17, 23, 13)
(5, -81, -66, -7, 26, 14)
(7, -77, -70, 2, 23, 9)
(13, -70, -71, 6, 25, 1)
(16, -68, -71, 11, 25, -4)
(19, -63, -80, 6, 26, -7)
(22, -62, -90, 5, 27, 0)
(28, -62, -99, 9, 33, 11)
(32, -60, -104, 23, 48, 19)
(32, -55, -105, 37, 58, 24)
(25, -56, -103, 49, 56, 26)
(20, -60, -97, 66, 50, 30)
(17, -59, -91, 87, 42, 36)
(15, -57, -84, 103, 35, 40)
(12, -53, -76, 118, 27, 44)
(8, -49, -67, 127, 20, 47)
(8, -43, -57, 127, 13, 48)
(6, -36, -47, 127, 6, 48)
(2, -28, -37, 127, -4, 48)
(2, -24, -30, 127, -10, 51)
(1, -24, -23, 127, -14, 54)
(0, -25, -15, 127, -17, 57)
(0, -22, -9, 127, -16, 60)
(0, -16, -2, 127, -15, 62)
(0, -2, 0, 127, -17, 68)
(3, 9, 1, 127, -10, 77)
(4, 47, 25, 127, 3, 84)
(-3, 42, 18, 127, -11, 94)
(0, 51, 27, 127, -16, 97)
(-5, 57, 42, 127, -7, 96)
(-16, 65, 50, 127, -15, 92)
(-21, 76, 57, 127, -35, 86)
(-24, 84, 68, 127, -56, 79)
(-22, 79, 81, 112, -72, 76)
(-19, 66, 94, 96, -77, 74)
(-12, 55, 106, 93, -71, 66)
(-3, 57, 109, 82, -45, 54)
(-5, 50, 110, 43, 31, 28)
(-13, 44, 104, 21, 67, 14)
(-26, 32, 101, 9, 84, 2)
(-41, 22, 100, 6, 76, -10)
(-49, 16, 106, 8, 46, -19)
(-46, 23, 115, 6, 10, -25)
(-33, 25, 122, -7, -22, -28)
(-8, 13, 127, -36, -30, -25)
BatchID:  4




(1, -59, -36, 1, 6, 9)
(0, -60, -35, 1, 7, 9)
(0, -60, -36, 0, 7, 9)
(-1, -61, -35, -1, 6, 7)
(-1, -62, -35, -1, 3, 5)
(-1, -62, -36, -2, 1, 2)
(0, -63, -36, -3, 0, 1)
(1, -62, -38, -3, 0, 1)
(1, -62, -39, -2, 1, 2)
(1, -64, -39, 0, 2, 3)
(1, -65, -38, 1, 3, 4)
(1, -64, -38, 3, 3, 4)
(0, -64, -36, 3, 2, 3)
(0, -65, -36, 3, 1, 1)
(0, -64, -34, 2, 0, 0)
(0, -65, -34, -1, -2, -3)
(0, -65, -36, -3, -2, -3)
(2, -65, -37, -3, 0, -2)
(2, -65, -37, -3, 2, 0)
(2, -66, -37, -2, 4, 0)
(2, -64, -38, 0, 6, 1)
(1, -62, -39, -2, 6, 1)
(1, -64, -39, -2, 5, 0)
(2, -65, -43, -6, 5, 0)
(3, -63, -47, -8, 8, 0)
(4, -66, -53, -11, 12, 0)
(2, -71, -56, -9, 16, 0)
(2, -72, -59, -6, 18, -2)
(9, -67, -69, -1, 22, -7)
(11, -64, -72, 0, 25, -8)
(15, -57, -77, -5, 34, -7)
(18, -54, -83, -10, 45, -4)
(16, -56, -89, -10, 51, -1)
(13, -60, -97, 0, 50, 2)
(16, -60, -103, 15, 49, 5)
(23, -56, -103, 30, 55, 5)
(25, -49, -98, 41, 65, 7)
(23, -47, -93, 46, 67, 12)
(21, -50, -90, 55, 68, 21)
(19, -51, -88, 66, 70, 33)
(15, -49, -84, 76, 72, 44)
(8, -50, -77, 82, 69, 52)
(2, -51, -67, 91, 63, 58)
(0, -52, -56, 100, 55, 61)
(0, -50, -48, 112, 51, 64)
(0, -47, -40, 125, 46, 66)
(-4, -19, -23, 120, 42, 71)
(-12, -21, -3, 92, 40, 79)
(-11, -24, 6, 100, 30, 80)
(-12, -20, 7, 104, 15, 77)
(-15, -18, 1, 101, 0, 74)
(-3, -2, 14, 127, 1, 85)
(-15, 26, 32, 127, 31, 93)
(-34, 28, 25, 127, 1, 93)
(-37, 29, 30, 111, -34, 88)
(-37, 20, 42, 113, -63, 83)
(-31, 30, 46, 116, -94, 86)
(-18, 42, 50, 104, -105, 90)
(-12, 36, 68, 100, -97, 92)
(-11, 33, 94, 111, -87, 86)
(-16, 47, 107, 110, -70, 75)
(-20, 50, 118, 92, -55, 60)
BatchID:  5




(16, -53, -41, -8, 2, -5)
(18, -52, -41, -8, 4, -4)
(18, -54, -42, -8, 5, -2)
(18, -56, -42, -7, 6, 0)
(19, -56, -44, -7, 7, 2)
(18, -59, -43, -5, 7, 3)
(18, -56, -44, -3, 7, 4)
(18, -57, -43, -2, 6, 5)
(19, -56, -42, 0, 6, 5)
(18, -56, -42, -1, 6, 5)
(16, -61, -41, 0, 5, 4)
(14, -63, -39, 2, 2, 2)
(14, -61, -38, 4, 0, 1)
(17, -59, -39, 2, 0, 0)
(19, -59, -41, 0, 2, 1)
(17, -63, -43, 0, 3, 0)
(18, -63, -43, 0, 2, 0)
(21, -59, -46, -1, 2, 0)
(22, -59, -48, -5, 4, -1)
(25, -58, -51, -9, 7, 0)
(28, -57, -57, -14, 10, 2)
(29, -60, -67, -19, 12, 6)
(30, -64, -71, -12, 14, 8)
(34, -57, -77, -11, 19, 12)
(38, -52, -86, -13, 27, 13)
(39, -50, -95, -18, 37, 13)
(38, -48, -101, -18, 43, 12)
(37, -48, -104, -14, 42, 11)
(39, -47, -106, -5, 37, 11)
(40, -44, -109, 6, 33, 11)
(41, -41, -111, 16, 31, 14)
(40, -39, -111, 25, 28, 18)
(40, -38, -111, 37, 26, 23)
(36, -39, -114, 63, 20, 40)
(32, -39, -110, 85, 12, 45)
(30, -36, -103, 106, 8, 49)
(30, -32, -96, 123, 4, 56)
(32, -26, -90, 127, 5, 62)
(30, -22, -85, 127, 5, 70)
(21, -11, -73, 127, 0, 85)
(15, -3, -59, 127, -1, 92)
(15, 9, -47, 127, 2, 97)
(12, 21, -42, 127, 4, 100)
(11, 32, -39, 127, 1, 101)
(6, 40, -37, 127, 0, 104)
(4, 48, -36, 127, 6, 107)
(2, 61, -36, 127, 16, 112)
(0, 96, -26, 127, 18, 116)
(-12, 92, -30, 127, -2, 121)
(-3, 91, -29, 127, -15, 119)
(-8, 85, -22, 127, 2, 114)
(-15, 87, -16, 127, -4, 106)
(-18, 87, -13, 127, -21, 95)
(-23, 89, -8, 127, -35, 86)
(-23, 93, -2, 127, -51, 81)
(-13, 90, 3, 127, -67, 72)
(-2, 91, 11, 127, -70, 61)
(2, 100, 21, 127, -67, 45)
(8, 108, 38, 127, -71, 25)
(27, 114, 59, 107, -67, 9)
(42, 116, 87, 78, -53, -7)
(52, 99, 106, 76, -29, -17)
(48, 102, 107, 81, 24, -16)
(26, 115, 114, 64, 46, -17)
(16, 110, 121, 40, 44, -19)
(2, 100, 127, 35, 53, -17)
(-17, 104, 127, 36, 48, -10)
(-28, 105, 127, 23, 23, -9)
BatchID:  6




(10, -62, -37, 0, 2, -1)
(10, -62, -37, 0, 3, 0)
(9, -63, -36, 0, 3, 0)
(9, -64, -36, 0, 3, 0)
(9, -62, -36, 0, 2, -1)
(10, -61, -35, -1, 2, -1)
(10, -61, -36, -3, 3, -1)
(10, -62, -36, -4, 3, 0)
(10, -63, -36, -4, 3, 0)
(9, -63, -37, -3, 4, 0)
(9, -62, -36, -2, 4, 1)
(9, -62, -36, -2, 4, 1)
(9, -62, -36, -2, 5, 0)
(9, -62, -36, -3, 4, 0)
(8, -62, -35, -3, 2, -1)
(9, -63, -36, -2, 2, -2)
(9, -63, -35, -3, 1, -3)
(10, -63, -35, -3, 1, -3)
(10, -63, -36, -3, 1, -3)
(10, -63, -36, -3, 1, -3)
(10, -63, -35, -2, 2, -3)
(10, -61, -35, -2, 2, -3)
(10, -61, -35, -3, 1, -3)
(11, -61, -36, -4, 1, -3)
(11, -62, -36, -4, 1, -3)
(11, -61, -37, -5, 2, -3)
(11, -62, -37, -6, 1, -4)
(13, -64, -41, -10, 2, -7)
(13, -68, -43, -13, 2, -10)
(15, -71, -46, -15, 3, -14)
(17, -73, -49, -19, 4, -18)
(23, -70, -56, -24, 7, -20)
(29, -68, -66, -31, 13, -18)
(33, -71, -77, -35, 19, -15)
(37, -72, -82, -30, 25, -13)
(42, -64, -87, -31, 35, -10)
(47, -55, -91, -33, 49, -6)
(46, -50, -99, -39, 60, -1)
(43, -49, -104, -43, 66, 0)
(42, -48, -103, -38, 60, 0)
(44, -42, -105, -31, 50, 1)
(46, -35, -112, -11, 32, 14)
(45, -36, -114, 2, 21, 26)
(46, -35, -114, 23, 18, 42)
(45, -32, -112, 45, 21, 58)
(41, -31, -109, 70, 24, 74)
(35, -34, -107, 101, 25, 87)
(23, -25, -92, 127, 30, 98)
(21, -13, -88, 127, 26, 98)
(17, 1, -83, 127, 22, 96)
(8, 10, -72, 127, 13, 96)
(6, 17, -64, 127, 4, 97)
(4, 24, -60, 127, 4, 100)
(0, 26, -42, 127, -2, 99)
(-1, 31, -36, 127, -4, 96)
(-1, 39, -32, 127, -3, 95)
(0, 47, -29, 127, 0, 94)
(-1, 54, -25, 127, 1, 93)
(-5, 77, -7, 127, 4, 95)
(-14, 66, -8, 127, -10, 100)
(-16, 78, 7, 127, -34, 95)
(-16, 84, 15, 127, -50, 90)
(-10, 90, 20, 127, -59, 80)
(-6, 90, 28, 127, -56, 71)
(-3, 86, 37, 127, -45, 62)
(-7, 85, 48, 120, -32, 54)
BatchID:  7




(-1, -66, -29, -9, 0, -10)
(-1, -65, -29, -9, -1, -10)
(0, -64, -30, -11, -2, -10)
(1, -64, -32, -12, 0, -10)
(1, -66, -33, -11, 0, -9)
(1, -66, -33, -9, 0, -9)
(2, -64, -35, -8, 0, -7)
(2, -65, -35, -6, 0, -6)
(2, -63, -36, -2, 1, -4)
(2, -64, -36, 0, 0, -3)
(3, -64, -36, 0, 1, -3)
(4, -63, -37, 1, 2, -2)
(3, -64, -36, 2, 3, -1)
(4, -66, -33, 0, 2, -3)
(6, -62, -33, -1, 1, -3)
(6, -60, -34, -4, 3, -2)
(6, -64, -36, -8, 9, 0)
(6, -63, -37, -7, 11, 1)
(5, -64, -38, -9, 11, 1)
(4, -66, -37, -9, 10, 0)
(4, -65, -37, -9, 8, 0)
(7, -63, -40, -12, 9, -1)
(9, -63, -42, -16, 13, 0)
(10, -66, -46, -19, 17, 0)
(10, -71, -51, -21, 21, -1)
(12, -74, -54, -20, 25, -3)
(17, -74, -62, -22, 30, -6)
(20, -77, -73, -24, 33, -9)
(20, -83, -77, -18, 32, -11)
(27, -76, -83, -14, 34, -14)
(35, -69, -91, -16, 40, -13)
(40, -67, -100, -22, 52, -8)
(39, -68, -106, -26, 63, -4)
(39, -70, -108, -14, 73, 0)
(36, -68, -107, -3, 71, 2)
(36, -66, -107, 10, 66, 6)
(36, -63, -108, 27, 58, 13)
(39, -60, -107, 45, 55, 20)
(39, -53, -103, 62, 48, 24)
(38, -48, -100, 77, 38, 30)
(35, -44, -98, 95, 25, 40)
(33, -41, -94, 112, 14, 54)
(32, -35, -84, 127, 8, 67)
(30, -27, -75, 127, 8, 79)
(29, -16, -67, 127, 10, 88)
(24, -4, -60, 127, 10, 94)
(17, 3, -55, 127, 6, 97)
(12, 10, -50, 127, 0, 96)
(7, 16, -44, 127, -7, 96)
(6, 24, -38, 127, -7, 98)
(7, 35, -34, 127, -3, 105)
(7, 46, -31, 127, 0, 109)
(6, 54, -30, 127, 0, 111)
(6, 60, -25, 127, 4, 107)
(-3, 74, -13, 127, 17, 99)
(-10, 68, -13, 127, 11, 95)
(-12, 70, -9, 127, 20, 87)
(-17, 71, -2, 127, 25, 79)
(-27, 70, 8, 127, 11, 75)
(-34, 64, 23, 127, -11, 81)
(-37, 55, 42, 127, -47, 93)
(-26, 56, 52, 127, -81, 98)
(-16, 83, 46, 127, -93, 95)
(-8, 98, 51, 127, -86, 84)
(0, 94, 65, 98, -68, 61)
(-1, 78, 89, 71, -42, 39)
(0, 61, 101, 77, -11, 20)
(-4, 69, 100, 75, 32, 10)
(-18, 73, 110, 68, 52, 6)
(-31, 70, 116, 62, 51, 4)
(-37, 71, 121, 48, 35, 0)
(-35, 72, 127, 32, 16, -5)
(-29, 65, 127, 17, 3, -9)
(-24, 59, 127, 8, -1, -7)
(-23, 52, 127, 10, 4, -5)
(-25, 55, 127, 13, 18, -6)
(-36, 65, 127, 8, 34, -15)
(-50, 78, 127, -9, 39, -29)
BatchID:  8




(6, -68, -26, -5, -5, -14)
(8, -65, -27, -7, -4, -14)
(8, -65, -29, -10, -3, -14)
(9, -66, -30, -11, -3, -13)
(10, -66, -31, -9, -2, -12)
(11, -67, -32, -7, -2, -11)
(11, -66, -33, -5, -2, -10)
(10, -67, -31, -3, -3, -10)
(9, -67, -29, 0, -6, -11)
(9, -64, -28, 0, -10, -12)
(10, -63, -28, -4, -11, -12)
(10, -64, -29, -7, -10, -12)
(9, -67, -28, -8, -10, -12)
(10, -66, -29, -8, -10, -11)
(10, -66, -30, -8, -7, -9)
(12, -64, -30, -8, -2, -6)
(12, -64, -33, -10, 2, -3)
(10, -65, -32, -8, 4, -2)
(9, -64, -32, -9, 4, -2)
(9, -65, -33, -9, 2, -3)
(9, -64, -33, -9, 1, -4)
(11, -63, -35, -11, 0, -5)
(14, -64, -39, -14, 2, -4)
(20, -63, -46, -19, 8, -1)
(24, -66, -57, -23, 17, 3)
(24, -74, -64, -20, 26, 7)
(25, -76, -67, -12, 29, 9)
(30, -72, -72, -8, 29, 8)
(37, -67, -85, -14, 32, 8)
(39, -65, -102, -22, 37, 8)
(36, -65, -114, -31, 44, 15)
(41, -69, -113, -30, 50, 22)
(41, -71, -112, -17, 55, 24)
(40, -71, -116, -2, 61, 23)
(39, -71, -120, 15, 61, 17)
(34, -70, -116, 31, 50, 11)
(33, -71, -113, 49, 33, 12)
(34, -68, -111, 72, 21, 25)
(35, -61, -107, 95, 17, 44)
(30, -48, -89, 127, 16, 78)
(26, -44, -81, 127, 14, 89)
(18, -36, -76, 127, 9, 99)
(12, -22, -68, 127, 6, 106)
(10, -8, -60, 127, 6, 107)
(4, 8, -58, 127, 0, 105)
(5, 35, -47, 127, -18, 92)
(9, 44, -38, 127, -11, 88)
(11, 50, -32, 127, -3, 86)
(12, 56, -28, 127, 2, 85)
(12, 62, -23, 127, 6, 86)
(10, 62, -18, 127, 6, 83)
(3, 62, -13, 127, 7, 85)
(-4, 61, -11, 127, 1, 89)
(-8, 62, -7, 127, -6, 89)
(-10, 63, -2, 127, -19, 86)
(-11, 71, 3, 127, -31, 82)
(-11, 75, 9, 127, -43, 75)
(-7, 77, 19, 127, -48, 69)
(-1, 85, 45, 122, -36, 56)
(-7, 89, 56, 106, -30, 48)
(-21, 86, 77, 84, -32, 41)
(-28, 66, 100, 85, -45, 30)
(-13, 70, 100, 81, -33, 14)
(-5, 79, 114, 64, -6, -4)
(0, 74, 127, 44, 16, -21)
(0, 66, 127, 35, 33, -20)
(-12, 60, 127, 31, 45, -14)
(-29, 65, 127, 27, 31, -11)
BatchID:  9




(3, -65, -35, -1, 3, -1)
(2, -65, -34, -1, 3, -1)
(2, -64, -34, -1, 2, -2)
(2, -64, -34, -1, 1, -3)
(3, -64, -35, -2, 1, -3)
(4, -65, -36, -2, 2, -2)
(4, -64, -35, -2, 3, -2)
(3, -65, -35, -1, 3, -2)
(4, -64, -35, -2, 3, -2)
(3, -64, -35, -2, 2, -2)
(4, -64, -35, -2, 2, -3)
(4, -64, -35, -3, 2, -3)
(4, -64, -36, -3, 2, -3)
(4, -64, -36, -3, 3, -2)
(5, -63, -36, -3, 4, -2)
(5, -63, -37, -3, 5, -2)
(3, -65, -37, -2, 6, -2)
(3, -65, -36, -1, 5, -3)
(4, -63, -36, -1, 4, -3)
(6, -62, -37, -3, 5, -3)
(5, -64, -38, -4, 5, -4)
(6, -65, -39, -6, 5, -5)
(8, -67, -42, -8, 7, -6)
(9, -68, -45, -13, 9, -7)
(11, -71, -51, -19, 12, -8)
(13, -75, -59, -26, 18, -11)
(14, -78, -66, -29, 24, -13)
(18, -79, -75, -30, 30, -16)
(25, -77, -84, -22, 33, -19)
(35, -71, -108, -24, 45, -29)
(39, -68, -104, -18, 51, -33)
(41, -61, -102, -8, 47, -32)
(44, -57, -106, -2, 41, -23)
(48, -54, -110, 8, 41, -7)
(50, -53, -111, 21, 44, 9)
(50, -51, -112, 37, 50, 28)
(45, -50, -112, 56, 55, 45)
(36, -47, -109, 79, 59, 59)
(28, -41, -102, 100, 54, 66)
(22, -35, -95, 121, 44, 70)
(18, -33, -89, 127, 32, 74)
(16, -28, -80, 127, 21, 76)
(13, -11, -62, 127, 13, 82)
(12, 0, -55, 127, 7, 86)
(11, 12, -51, 127, 1, 91)
(11, 21, -45, 127, -3, 96)
(9, 28, -37, 127, -2, 100)
(6, 33, -30, 127, 0, 104)
(4, 40, -27, 127, 4, 105)
(3, 52, -26, 127, 7, 106)
(3, 66, -23, 127, 11, 107)
(-6, 84, -12, 127, 7, 107)
(-3, 77, -11, 127, -15, 106)
(-11, 71, -4, 127, -9, 104)
(-22, 79, 9, 127, -16, 103)
(-26, 83, 21, 127, -42, 96)
(-22, 89, 34, 127, -61, 81)
(-23, 94, 50, 123, -66, 60)
(-28, 89, 78, 95, -80, 45)
(-30, 60, 114, 98, -110, 37)
(-2, 61, 102, 84, -104, 31)
(16, 62, 102, 50, -65, 21)
(25, 51, 101, 24, -20, 6)
(27, 38, 102, 20, 35, -8)
(13, 29, 106, 34, 77, -18)
(0, 33, 110, 43, 86, -19)
(-7, 39, 117, 39, 74, -11)
(-14, 42, 125, 24, 50, -2)
(-15, 39, 127, 11, 30, 4)
(-15, 38, 127, 3, 21, 7)
(-10, 38, 127, -8, 26, 6)
(-8, 37, 127, -19, 48, 0)
(-12, 33, 127, -29, 75, -4)
BatchID:  10




(5, -65, -30, 0, 2, 0)
(6, -63, -31, -1, 1, 0)
(6, -64, -32, -2, 2, 1)
(6, -66, -34, -2, 2, 1)
(6, -67, -34, -2, 2, 1)
(6, -67, -34, 0, 3, 1)
(5, -66, -35, 0, 4, 1)
(5, -65, -35, 0, 4, 0)
(4, -64, -34, -1, 3, 0)
(5, -65, -35, -1, 2, -1)
(5, -65, -35, -1, 1, -2)
(5, -65, -34, 0, 1, -1)
(6, -62, -34, 0, 3, 0)
(5, -63, -34, -1, 3, 1)
(5, -64, -34, -1, 3, 1)
(5, -64, -34, 0, 2, 1)
(6, -63, -34, 0, 2, 2)
(5, -64, -34, -1, 3, 2)
(6, -64, -34, 0, 4, 2)
(6, -63, -37, 0, 4, 1)
(8, -64, -39, -2, 3, 0)
(11, -67, -45, -7, 4, -1)
(14, -72, -52, -13, 7, -1)
(14, -80, -56, -14, 14, -1)
(14, -79, -57, -12, 20, -2)
(18, -73, -68, -21, 32, -5)
(23, -69, -79, -25, 36, -8)
(28, -66, -95, -29, 39, -12)
(32, -64, -109, -33, 43, -16)
(40, -63, -114, -26, 47, -19)
(43, -62, -113, -14, 47, -19)
(44, -62, -112, 2, 44, -13)
(47, -60, -112, 22, 39, 0)
(49, -56, -113, 44, 37, 18)
(50, -52, -112, 65, 40, 38)
(46, -47, -108, 89, 45, 57)
(40, -42, -105, 110, 45, 71)
(32, -36, -96, 127, 37, 80)
(25, -31, -85, 127, 26, 84)
(16, -16, -65, 127, 11, 92)
(12, -3, -56, 127, 7, 95)
(10, 10, -49, 127, 1, 96)
(8, 22, -41, 127, -8, 98)
(9, 32, -36, 127, -16, 101)
(8, 36, -30, 127, -14, 103)
(5, 39, -20, 127, -5, 105)
(4, 45, -12, 127, 5, 105)
(3, 59, -4, 127, 17, 105)
(-15, 67, 3, 127, -2, 105)
(-7, 64, 4, 127, -30, 102)
(-6, 66, 7, 127, -12, 101)
(-9, 76, 14, 127, -3, 99)
(-17, 78, 23, 127, -9, 92)
(-45, 76, 61, 127, -50, 76)
(-43, 71, 79, 127, -88, 68)
(-34, 75, 88, 125, -107, 59)
(-23, 70, 106, 99, -103, 48)
(-12, 59, 119, 78, -80, 33)
(1, 62, 121, 51, -26, 14)
(-7, 41, 126, 19, 63, -22)
(-22, 38, 127, 23, 76, -26)
(-36, 44, 127, 15, 62, -25)
(-39, 45, 127, 0, 32, -25)
(-29, 40, 127, -12, 11, -28)
(-20, 37, 127, -20, 9, -32)
(-20, 40, 127, -27, 44, -32)
BatchID:  11




(18, -53, -34, -3, 16, -9)
(17, -56, -33, -4, 15, -9)
(15, -58, -29, -3, 14, -10)
(17, -54, -29, -3, 13, -8)
(21, -50, -31, -7, 15, -4)
(25, -52, -37, -12, 20, 0)
(22, -63, -38, -12, 21, 1)
(18, -66, -37, -4, 20, 3)
(15, -65, -33, 1, 16, 8)
(17, -59, -29, 1, 18, 10)
(13, -57, -26, -1, 21, 10)
(8, -60, -23, -5, 20, 8)
(7, -60, -20, -7, 18, 4)
(6, -57, -20, -10, 14, 3)
(5, -61, -19, -11, 10, 1)
(7, -60, -21, -11, 6, 0)
(15, -56, -30, -13, 9, 2)
(25, -52, -40, -16, 18, 8)
(34, -54, -48, -15, 27, 11)
(39, -61, -59, -4, 20, 9)
(43, -64, -71, 3, 1, 8)
(48, -66, -81, 12, -19, 11)
(65, -59, -86, 22, -17, 17)
(74, -50, -92, 23, -3, 26)
(74, -47, -99, 20, 10, 36)
(65, -50, -105, 19, 20, 46)
(56, -53, -103, 31, 24, 56)
(49, -52, -103, 47, 14, 61)
(44, -47, -103, 66, 4, 63)
(44, -43, -103, 84, -6, 66)
(44, -37, -102, 107, -15, 66)
(43, -35, -97, 127, -29, 66)
(40, -32, -86, 127, -35, 74)
(38, -27, -77, 127, -35, 87)
(32, -17, -66, 127, -30, 105)
(23, -5, -54, 127, -25, 122)
(18, 12, -44, 127, -18, 127)
(15, 36, -41, 127, -13, 127)
(10, 56, -39, 127, -16, 127)
(6, 126, -2, 127, -22, 127)
(4, 92, -6, 127, -60, 127)
(-3, 93, 6, 127, -55, 122)
(-9, 106, 19, 127, -83, 120)
(-2, 125, 24, 127, -114, 111)
(3, 127, 40, 127, -127, 102)
(0, 127, 77, 127, -127, 92)
(1, 127, 122, 118, -127, 79)
(17, 72, 127, 127, -127, 65)
(47, 95, 117, 66, -60, 53)
(43, 80, 106, -3, 58, 21)
(26, 42, 94, -18, 127, -5)
(-2, 4, 96, 20, 127, -30)
(-48, 13, 100, 84, 127, -43)
(-92, 59, 110, 82, 115, -40)
(-63, 83, 119, 23, -20, -36)
(-18, 61, 122, -10, -61, -35)
(3, 48, 127, -29, -60, -26)
(16, 43, 127, -30, -18, -19)
(13, 50, 127, -20, 40, -23)
(-5, 62, 127, -22, 80, -31)
(-29, 66, 127, -33, 104, -42)
(-47, 70, 127, -52, 104, -50)
(-58, 79, 126, -80, 90, -58)
(-64, 73, 121, -110, 65, -62)
(-58, 66, 113, -127, 51, -61)
(-53, 56, 103, -127, 46, -60)
(-44, 46, 93, -127, 43, -58)
BatchID:  12




(17, -60, -44, -10, 23, -6)
(18, -59, -43, -9, 21, -6)
(19, -58, -44, -10, 21, -4)
(21, -59, -45, -10, 24, -3)
(19, -60, -45, -8, 26, -2)
(19, -58, -44, -8, 26, -2)
(19, -58, -42, -9, 24, -3)
(18, -56, -41, -10, 22, -4)
(21, -54, -41, -13, 20, -5)
(23, -55, -43, -13, 20, -4)
(23, -56, -43, -13, 20, -4)
(22, -57, -42, -10, 18, -5)
(24, -53, -42, -10, 16, -3)
(26, -52, -43, -11, 17, 0)
(27, -52, -43, -11, 20, 5)
(28, -51, -44, -12, 23, 11)
(25, -55, -44, -9, 26, 15)
(25, -52, -46, -9, 27, 20)
(31, -51, -52, -13, 32, 26)
(32, -54, -57, -13, 40, 33)
(38, -55, -64, -10, 44, 30)
(32, -60, -67, -7, 37, 23)
(32, -61, -67, 0, 21, 17)
(36, -59, -71, 7, 0, 13)
(42, -53, -77, 15, -13, 10)
(49, -46, -83, 16, -19, 8)
(51, -45, -89, 23, -24, 12)
(47, -45, -91, 35, -32, 25)
(48, -47, -92, 52, -32, 46)
(51, -45, -88, 75, -21, 66)
(49, -39, -82, 97, -4, 82)
(40, -32, -76, 115, 8, 92)
(28, -25, -71, 127, 14, 99)
(17, -21, -64, 127, 12, 100)
(7, -16, -55, 127, 4, 97)
(-3, -10, -43, 127, -8, 94)
(-8, -2, -34, 127, -21, 91)
(-7, 5, -25, 127, -32, 88)
(-5, 9, -16, 127, -40, 84)
(-3, 9, -9, 127, -40, 82)
(0, 9, -2, 127, -33, 80)
(-7, 17, 15, 127, -29, 82)
(-6, 33, 10, 127, -60, 86)
(-4, 50, 15, 127, -47, 86)
(-5, 67, 26, 127, -38, 84)
(-11, 81, 37, 127, -38, 80)
(-21, 81, 51, 127, -43, 73)
(-23, 57, 77, 127, -60, 68)
(-18, 59, 87, 127, -50, 65)
(-15, 66, 96, 127, -28, 63)
(-16, 65, 108, 93, -1, 56)
(-14, 62, 107, 58, 40, 41)
(-24, 42, 108, 31, 74, 22)
(-41, 18, 107, 25, 84, 7)
(-66, 9, 107, 29, 30, 2)
(-44, 19, 111, 27, 3, 2)
(-26, 28, 118, 14, -2, -5)
(-19, 22, 127, 2, 4, -10)
(-21, 17, 127, -6, 23, -10)
(-30, 16, 127, -12, 46, -6)
(-38, 24, 127, -18, 74, -5)
(-53, 41, 127, -35, 98, -14)
(-71, 44, 127, -58, 108, -31)
(-85, 40, 127, -79, 94, -49)
(-85, 34, 127, -91, 76, -61)
(-78, 35, 121, -99, 65, -66)
(-69, 39, 111, -110, 59, -67)
(-64, 38, 97, -125, 59, -66)
(-60, 22, 84, -127, 58, -65)
BatchID:  13




(6, -60, -34, -12, 7, -11)
(7, -60, -35, -10, 5, -11)
(8, -61, -36, -8, 3, -12)
(8, -62, -36, -5, 1, -12)
(8, -61, -35, -2, 0, -12)
(8, -59, -34, -2, -2, -12)
(10, -59, -34, -2, -3, -10)
(11, -59, -36, -3, -3, -8)
(12, -60, -36, -3, -1, -5)
(13, -62, -37, -2, 0, -2)
(13, -62, -38, 0, 2, 0)
(13, -61, -39, 0, 5, 4)
(13, -61, -40, 0, 8, 8)
(12, -61, -41, 0, 11, 10)
(9, -62, -39, 0, 12, 11)
(7, -61, -39, 0, 11, 11)
(8, -62, -41, -1, 11, 9)
(7, -64, -42, 0, 11, 7)
(6, -66, -41, 1, 11, 5)
(6, -64, -43, 0, 10, 4)
(10, -63, -48, -3, 13, 4)
(17, -67, -62, -11, 30, 10)
(16, -73, -71, -11, 36, 10)
(14, -78, -76, -4, 34, 7)
(19, -73, -77, 4, 30, 4)
(28, -64, -82, 4, 30, 2)
(33, -58, -92, -2, 35, 2)
(37, -59, -103, -8, 47, 4)
(36, -63, -107, -6, 57, 9)
(32, -66, -104, 7, 57, 10)
(29, -67, -103, 26, 48, 15)
(30, -65, -103, 45, 43, 25)
(31, -65, -99, 64, 44, 34)
(29, -60, -91, 82, 42, 42)
(28, -57, -88, 101, 44, 50)
(19, -47, -76, 127, 32, 69)
(18, -43, -68, 127, 27, 79)
(16, -36, -60, 127, 20, 83)
(13, -27, -53, 127, 13, 81)
(9, -14, -48, 127, 2, 78)
(7, -1, -41, 127, -4, 80)
(6, 8, -33, 127, -7, 87)
(6, 17, -26, 127, -6, 96)
(6, 25, -19, 127, -2, 104)
(4, 32, -15, 127, 6, 109)
(0, 41, -11, 127, 17, 116)
(-9, 60, 0, 127, 22, 118)
(-9, 66, 3, 127, 10, 113)
(-14, 63, 8, 127, 12, 99)
(-29, 66, 20, 127, 8, 88)
(-39, 68, 33, 127, -18, 81)
(-42, 65, 48, 127, -61, 80)
(-35, 67, 58, 127, -92, 84)
(-27, 70, 71, 127, -104, 89)
(-20, 66, 93, 127, -106, 84)
(-11, 60, 111, 126, -90, 64)
(-5, 62, 115, 94, -52, 37)
(0, 63, 119, 56, -17, 10)
(-3, 51, 121, 29, 18, -6)
(-16, 38, 120, 21, 35, -9)
(-30, 33, 121, 23, 33, -7)
(-39, 37, 124, 25, 17, -6)
(-36, 42, 127, 18, 0, -11)
(-29, 60, 127, -19, 10, -30)
(-31, 59, 127, -41, 25, -40)
(-33, 57, 127, -56, 40, -50)
BatchID:  14


(12, -48, -48, 0, 19, -21)
(11, -52, -46, 2, 12, -24)
(15, -50, -47, 4, 5, -26)
(21, -48, -49, 3, 4, -25)
(25, -48, -49, 2, 8, -21)
(25, -50, -48, 0, 12, -16)
(26, -47, -46, -1, 15, -12)
(26, -48, -47, -6, 18, -8)
(26, -51, -47, -9, 21, -4)
(23, -55, -47, -10, 22, -1)
(21, -57, -44, -7, 19, 0)
(23, -55, -44, -5, 17, 1)
(23, -54, -43, -5, 18, 3)
(22, -52, -41, -4, 18, 5)
(20, -51, -37, -4, 18, 7)
(18, -49, -35, -8, 17, 9)
(20, -49, -39, -12, 18, 12)
(25, -53, -47, -14, 22, 15)
(28, -55, -50, -11, 24, 15)
(29, -54, -55, -6, 20, 12)
(31, -53, -57, 0, 9, 10)
(36, -50, -64, 9, -5, 9)
(40, -46, -75, 16, -19, 14)
(46, -38, -88, 16, -21, 25)
(52, -36, -97, 9, -10, 35)
(50, -40, -98, 12, 4, 42)
(43, -42, -89, 23, 10, 45)
(38, -43, -91, 37, 6, 48)
(34, -40, -95, 53, -2, 50)
(34, -37, -95, 67, -14, 50)
(34, -38, -92, 80, -27, 49)
(33, -40, -87, 96, -34, 52)
(31, -40, -79, 117, -34, 61)
(28, -34, -70, 127, -27, 75)
(23, -23, -59, 127, -19, 89)
(17, -13, -51, 127, -13, 98)
(8, -5, -43, 127, -8, 102)
(0, 1, -30, 127, -6, 103)
(-5, 7, -20, 127, -11, 104)
(-8, 10, -13, 127, -23, 106)
(-6, 12, -9, 127, -37, 108)
(-4, 21, -3, 127, -45, 110)
(-5, 30, -4, 127, -53, 114)
(-3, 44, -7, 127, -59, 117)
(0, 61, -8, 127, -55, 118)
(1, 73, -7, 127, -52, 117)
(-2, 81, 3, 127, -52, 115)
(-4, 82, 14, 127, -52, 118)
(-1, 79, 23, 127, -58, 109)
(-1, 89, 27, 127, -47, 96)
(-7, 95, 34, 127, -34, 79)
(-17, 90, 42, 125, -25, 63)
(-29, 73, 55, 100, -26, 51)
(-32, 58, 63, 101, -33, 36)
(-21, 65, 56, 96, -34, 15)
(-7, 74, 58, 78, -28, -7)
(0, 69, 64, 65, -22, -21)
(6, 66, 71, 62, -9, -21)
(2, 67, 78, 66, 7, -16)
(-4, 73, 82, 66, 9, -12)
(-7, 77, 92, 62, 5, -11)
(-9, 82, 96, 49, 9, -16)
(-18, 79, 103, 34, 11, -21)
(-34, 79, 118, 31, 4, -23)
(-36, 88, 119, 21, -10, -28)
(-19, 89, 123, 7, -11, -38)
(-6, 89, 126, -6, 15, -49)
(-13, 83, 127, -22, 51, -57)
(-33, 78, 127, -33, 65, -63)
(-52, 79, 127, -45, 56, -68)
BatchID:  2




(17, -56, -52, -11, 16, 2)
(20, -54, -53, -11, 18, 3)
(22, -52, -56, -11, 21, 3)
(20, -56, -57, -11, 23, 3)
(19, -53, -55, -5, 21, 1)
(22, -49, -55, -6, 21, 1)
(22, -48, -54, -7, 24, 2)
(20, -48, -51, -10, 25, 3)
(19, -50, -50, -11, 24, 4)
(18, -50, -50, -10, 26, 4)
(17, -48, -46, -11, 28, 6)
(17, -48, -46, -12, 28, 4)
(16, -50, -45, -10, 25, 2)
(15, -48, -42, -8, 19, -1)
(17, -46, -41, -8, 13, -3)
(20, -43, -40, -9, 10, -4)
(24, -41, -43, -12, 12, -2)
(26, -42, -46, -15, 16, 0)
(24, -50, -46, -12, 16, 0)
(26, -47, -48, -9, 15, 2)
(30, -45, -52, -9, 14, 3)
(35, -44, -55, -5, 12, 5)
(38, -42, -62, -1, 4, 4)
(39, -40, -71, 2, -5, 6)
(43, -38, -81, 6, -14, 13)
(48, -34, -88, 12, -14, 21)
(50, -30, -95, 14, -9, 30)
(50, -30, -104, 21, 0, 42)
(50, -32, -113, 32, 7, 51)
(45, -39, -115, 43, 6, 54)
(40, -51, -108, 65, 0, 54)
(35, -48, -98, 117, -6, 63)
(33, -42, -92, 127, -6, 73)
(30, -39, -85, 127, -7, 81)
(28, -34, -76, 127, -3, 86)
(20, -26, -67, 127, 0, 89)
(12, -17, -55, 127, 0, 91)
(8, -7, -43, 127, 2, 97)
(11, 6, -24, 127, 26, 125)
(13, 12, -17, 127, 55, 127)
(0, 21, -16, 127, 77, 127)
(-19, 35, -15, 127, 83, 127)
(-62, 74, 32, 127, 53, 115)
(-55, 54, 32, 127, -88, 107)
(-22, 51, 24, 127, -113, 106)
(-9, 64, 29, 127, -118, 113)
(6, 64, 32, 127, -120, 125)
(13, 62, 42, 127, -97, 127)
(9, 73, 54, 127, -63, 127)
(-2, 83, 55, 127, -36, 116)
(-19, 85, 63, 127, -21, 96)
(-35, 72, 73, 127, -21, 80)
(-30, 68, 70, 127, -25, 67)
(-26, 71, 70, 107, -18, 55)
(-38, 50, 83, 81, -22, 39)
(-42, 38, 87, 77, -41, 22)
(-27, 36, 95, 73, -63, 0)
(0, 43, 92, 57, -75, -20)
(13, 39, 99, 45, -73, -23)
(17, 33, 105, 45, -63, -9)
(22, 40, 114, 52, -47, 4)
(20, 51, 123, 49, -19, 7)
(13, 54, 127, 42, 10, -1)
(2, 57, 127, 32, 42, -19)
(-16, 63, 127, 18, 62, -36)
(-38, 74, 127, -1, 60, -45)
(-49, 82, 127, -29, 39, -50)
(-44, 82, 127, -58, 25, -55)
(-26, 80, 127, -86, 29, -65)
BatchID:  3




(7, -54, -49, -1, 5, 1)
(7, -55, -48, -2, 6, 0)
(8, -56, -49, -1, 6, 0)
(7, -55, -49, -2, 7, 0)
(8, -55, -49, -2, 7, 0)
(8, -55, -50, -3, 7, 0)
(8, -56, -49, -3, 7, -1)
(8, -54, -49, -3, 8, -1)
(9, -53, -49, -5, 9, -1)
(9, -53, -50, -5, 9, -1)
(9, -53, -50, -5, 9, 0)
(8, -55, -50, -5, 9, -1)
(7, -55, -49, -3, 7, -2)
(8, -53, -49, -3, 6, -2)
(10, -52, -49, -4, 8, -2)
(8, -55, -48, -3, 9, -1)
(8, -54, -48, -2, 9, -1)
(10, -52, -49, -3, 9, -1)
(10, -54, -49, -3, 10, -2)
(10, -56, -49, -3, 9, -3)
(12, -54, -54, -5, 9, -5)
(16, -55, -60, -11, 12, -6)
(21, -55, -69, -18, 19, -6)
(23, -58, -78, -22, 26, -5)
(27, -62, -99, -25, 39, -12)
(30, -63, -106, -21, 34, -21)
(40, -57, -107, -12, 30, -30)
(47, -47, -107, -9, 31, -36)
(54, -39, -109, -10, 35, -35)
(56, -37, -113, -11, 41, -26)
(55, -41, -116, -7, 40, -11)
(54, -44, -118, 7, 36, 5)
(53, -42, -118, 26, 29, 23)
(51, -37, -117, 42, 28, 40)
(47, -35, -112, 60, 24, 55)
(42, -32, -108, 79, 19, 68)
(37, -31, -103, 100, 15, 80)
(31, -25, -95, 122, 9, 86)
(26, -20, -87, 127, 2, 92)
(20, -15, -78, 127, -3, 96)
(16, -6, -70, 127, -8, 98)
(12, 5, -64, 127, -9, 100)
(9, 15, -59, 127, -13, 103)
(7, 25, -49, 127, -14, 107)
(6, 33, -41, 127, -11, 109)
(4, 43, -38, 127, -6, 104)
(2, 53, -36, 127, -7, 102)
(0, 58, -32, 127, -8, 101)
(0, 72, -16, 127, -1, 103)
(-4, 58, -15, 127, -8, 106)
(-3, 59, -13, 127, -9, 104)
(-6, 63, -10, 127, -4, 103)
(-11, 64, -5, 127, -8, 99)
(-16, 61, 1, 127, -16, 92)
(-18, 62, 12, 127, -24, 89)
(-15, 66, 26, 127, -35, 85)
(-10, 73, 36, 127, -50, 76)
(-4, 83, 42, 127, -56, 64)
(0, 90, 49, 127, -47, 53)
(2, 85, 58, 108, -33, 46)
(-3, 71, 67, 87, -21, 39)
(-15, 55, 81, 87, -17, 35)
(-16, 54, 88, 101, -21, 29)
(-4, 69, 87, 90, -11, 17)
(0, 72, 92, 74, 0, 6)
(-1, 69, 103, 63, 12, 0)
(-7, 70, 112, 55, 20, 0)
(-17, 68, 123, 49, 26, 2)
(-37, 65, 127, 48, 22, 2)
(-50, 73, 127, 45, 9, -3)
(-49, 86, 127, 36, 1, -17)
BatchID:  4




(9, -54, -46, 0, 7, -1)
(9, -55, -45, 0, 6, 0)
(8, -57, -44, 0, 4, 0)
(9, -56, -43, 0, 3, -1)
(10, -57, -45, 0, 3, -2)
(9, -59, -43, 0, 3, -2)
(10, -58, -44, -1, 3, -3)
(11, -58, -45, -3, 4, -4)
(12, -57, -46, -5, 5, -4)
(12, -58, -48, -6, 7, -4)
(12, -59, -49, -7, 8, -4)
(13, -59, -49, -6, 9, -5)
(14, -56, -51, -6, 11, -5)
(14, -57, -52, -7, 11, -6)
(15, -58, -55, -7, 10, -7)
(17, -60, -58, -7, 11, -9)
(19, -60, -60, -7, 13, -11)
(21, -62, -65, -8, 15, -12)
(25, -61, -70, -8, 19, -13)
(31, -58, -78, -5, 20, -12)
(34, -58, -88, -2, 18, -11)
(38, -57, -91, 4, 19, -9)
(43, -51, -90, 14, 20, -5)
(47, -45, -93, 19, 25, 2)
(49, -40, -101, 23, 36, 15)
(45, -41, -106, 26, 45, 28)
(39, -44, -101, 34, 51, 41)
(35, -44, -97, 48, 51, 48)
(29, -45, -94, 57, 46, 49)
(25, -46, -90, 67, 41, 52)
(23, -41, -86, 75, 39, 55)
(20, -33, -82, 80, 36, 57)
(18, -30, -79, 82, 28, 59)
(16, -31, -78, 85, 17, 60)
(13, -35, -73, 93, 6, 63)
(13, -35, -66, 110, 1, 68)
(14, -28, -58, 127, 2, 75)
(12, -18, -50, 127, 3, 79)
(11, -11, -42, 127, 1, 81)
(8, -8, -36, 127, -3, 81)
(7, -3, -31, 127, -8, 82)
(6, 2, -27, 127, -8, 87)
(5, 12, -24, 127, -5, 95)
(6, 26, -21, 127, 0, 102)
(7, 41, -16, 127, 10, 110)
(6, 90, 15, 127, 17, 118)
(-11, 63, 6, 127, -30, 124)
(-11, 74, 25, 127, -27, 110)
(-14, 87, 35, 127, -28, 95)
(-16, 95, 46, 127, -30, 79)
(-29, 96, 63, 127, -27, 69)
(-53, 77, 95, 115, -48, 66)
(-65, 49, 119, 127, -107, 58)
(-46, 62, 108, 109, -123, 48)
(-18, 68, 106, 67, -119, 27)
(4, 50, 108, 24, -73, 6)
(19, 26, 121, 16, -3, -8)
(13, 17, 123, 28, 74, -21)
(-13, 29, 126, 36, 118, -27)
(-38, 41, 127, 26, 115, -33)
(-59, 44, 127, 8, 85, -40)
(-54, 48, 127, -29, 30, -54)
(-50, 49, 127, -40, 35, -64)
(-45, 53, 127, -54, 42, -76)
(-40, 60, 127, -80, 47, -88)
(-40, 53, 127, -118, 38, -90)
(-32, 35, 127, -127, 24, -82)
(-27, 14, 117, -127, 16, -68)
BatchID:  5




(6, -61, -47, -2, 15, -6)
(8, -58, -46, -4, 15, -8)
(10, -56, -48, -7, 17, -8)
(10, -58, -49, -8, 18, -9)
(9, -60, -48, -6, 19, -9)
(8, -60, -46, -5, 18, -10)
(8, -56, -45, -4, 18, -11)
(10, -53, -45, -6, 18, -11)
(11, -53, -45, -7, 19, -11)
(12, -50, -45, -9, 19, -13)
(14, -49, -46, -10, 17, -13)
(15, -50, -47, -9, 16, -12)
(14, -51, -46, -6, 14, -12)
(15, -50, -45, -3, 12, -12)
(17, -48, -44, -2, 12, -12)
(19, -45, -44, -3, 12, -11)
(23, -42, -49, -7, 13, -8)
(28, -42, -57, -11, 17, -2)
(33, -47, -68, -12, 22, 4)
(37, -55, -77, -9, 25, 8)
(42, -64, -83, -1, 22, 9)
(45, -66, -85, 12, 21, 7)
(48, -57, -85, 20, 20, 5)
(51, -50, -86, 17, 21, 6)
(54, -46, -90, 14, 26, 12)
(55, -44, -94, 11, 35, 21)
(50, -45, -96, 10, 41, 32)
(47, -46, -96, 16, 42, 40)
(43, -44, -99, 28, 39, 47)
(34, -37, -100, 54, 18, 57)
(33, -36, -99, 72, 9, 61)
(33, -34, -98, 95, 1, 63)
(32, -31, -94, 115, -5, 65)
(28, -30, -85, 127, -14, 67)
(26, -27, -75, 127, -17, 71)
(26, -20, -65, 127, -14, 75)
(24, -7, -56, 127, -7, 78)
(19, 9, -47, 127, 1, 84)
(13, 24, -40, 127, 4, 96)
(12, 34, -35, 127, 0, 106)
(11, 44, -31, 127, -2, 113)
(12, 52, -30, 127, 0, 118)
(11, 64, -24, 127, 11, 121)
(0, 80, -9, 127, 14, 126)
(0, 78, -1, 127, -6, 127)
(-3, 83, 5, 127, -7, 127)
(-9, 97, 17, 127, -15, 127)
(-3, 112, 28, 127, -26, 127)
(3, 121, 41, 127, -17, 114)
(-8, 126, 59, 127, -6, 99)
(-30, 118, 82, 115, -14, 94)
(-50, 85, 116, 102, -41, 94)
(-32, 72, 113, 107, -61, 84)
(-20, 79, 104, 67, -26, 63)
(-24, 69, 98, 30, 13, 35)
(-36, 44, 100, 20, 48, 7)
(-47, 31, 103, 31, 55, -15)
(-48, 41, 105, 40, 49, -27)
(-56, 53, 110, 31, 25, -27)
(-54, 60, 113, 10, -6, -25)
(-43, 61, 112, -15, -26, -28)
(-28, 49, 111, -36, -33, -33)
(-17, 36, 112, -39, -17, -36)
(-17, 30, 117, -31, 10, -35)
(-23, 38, 116, -29, 42, -34)
(-29, 48, 115, -40, 64, -38)
(-43, 48, 115, -56, 78, -46)
(-61, 39, 119, -67, 71, -55)
(-73, 41, 122, -77, 53, -60)
BatchID:  6




(3, -59, -42, 0, 0, 0)
(3, -60, -42, 0, 0, 0)
(4, -59, -42, 0, 0, 0)
(4, -60, -42, 0, 0, 0)
(4, -59, -42, 0, 0, 0)
(5, -60, -43, 0, 0, 0)
(4, -59, -43, 0, 0, 0)
(5, -59, -44, 0, 0, 0)
(4, -60, -43, 0, 0, 0)
(4, -60, -43, 0, 0, 0)
(3, -59, -43, 0, 0, 0)
(3, -59, -42, 0, 0, 0)
(3, -59, -42, -1, 0, 0)
(3, -59, -43, -1, 1, 0)
(3, -58, -43, -2, 1, 0)
(3, -58, -43, -3, 0, 0)
(4, -58, -44, -3, 1, 0)
(4, -58, -45, -2, 2, 1)
(4, -57, -46, -3, 3, 2)
(5, -58, -47, -4, 5, 2)
(5, -59, -48, -4, 6, 2)
(5, -61, -50, -5, 7, 1)
(6, -63, -51, -6, 8, 0)
(7, -63, -57, -12, 12, -3)
(10, -64, -62, -18, 17, -4)
(13, -64, -69, -24, 24, -3)
(17, -63, -76, -25, 31, -1)
(21, -57, -89, -31, 42, 0)
(27, -51, -99, -35, 50, 0)
(31, -46, -110, -33, 50, -7)
(35, -46, -122, -30, 44, -15)
(38, -51, -124, -18, 36, -17)
(43, -47, -122, 5, 34, -11)
(42, -41, -122, 20, 32, 1)
(39, -45, -120, 30, 34, 19)
(36, -49, -113, 48, 40, 36)
(20, -49, -100, 86, 42, 62)
(9, -49, -93, 103, 36, 68)
(3, -44, -81, 119, 29, 68)
(0, -38, -73, 127, 17, 66)
(-4, -33, -65, 127, 0, 59)
(-3, -27, -59, 127, -7, 56)
(-2, -23, -52, 127, -15, 51)
(0, -17, -44, 127, -19, 47)
(1, -12, -38, 127, -18, 45)
(0, -7, -34, 127, -17, 49)
(1, -1, -28, 127, -14, 54)
(2, 5, -23, 127, -11, 59)
(1, 15, -20, 127, -7, 63)
(2, 29, -19, 127, 0, 70)
(2, 43, -14, 127, 5, 77)
(-2, 74, 8, 127, 4, 81)
(-6, 58, 5, 127, -33, 81)
(-5, 49, 8, 127, -31, 80)
(-10, 54, 15, 127, -27, 81)
(-9, 59, 15, 127, -44, 80)
(-2, 61, 16, 127, -50, 78)
(4, 64, 20, 127, -43, 75)
(6, 74, 33, 127, -37, 70)
(5, 84, 45, 127, -36, 64)
(2, 86, 61, 127, -35, 58)
(0, 76, 86, 101, -41, 51)
(6, 64, 104, 99, -37, 42)
(10, 66, 109, 85, 2, 34)
(10, 68, 118, 66, 36, 18)
(6, 63, 126, 46, 70, 0)
(-7, 55, 127, 33, 94, -14)
(-22, 59, 127, 18, 95, -22)
BatchID:  7




(0, -62, -40, -1, 2, 0)
(0, -62, -41, 0, 2, 0)
(0, -61, -40, 0, 1, 0)
(0, -61, -39, 0, 1, 0)
(0, -62, -39, 0, 1, 0)
(0, -62, -40, 0, 0, 0)
(0, -63, -40, -1, 1, 0)
(0, -62, -40, -1, 2, 0)
(0, -62, -41, -1, 3, 0)
(0, -62, -41, -1, 3, 0)
(0, -62, -42, -2, 3, 0)
(0, -62, -41, -2, 3, 0)
(0, -62, -43, -2, 3, 0)
(0, -62, -42, -2, 4, 0)
(0, -60, -42, -2, 6, 0)
(0, -60, -42, -3, 7, 0)
(0, -60, -44, -4, 9, 1)
(0, -61, -43, -3, 10, 1)
(0, -61, -43, -2, 9, 1)
(0, -59, -42, -1, 8, 0)
(0, -59, -44, -3, 9, 0)
(4, -60, -52, -7, 18, 1)
(5, -64, -56, -10, 22, 0)
(5, -70, -61, -14, 24, -4)
(6, -76, -68, -18, 24, -9)
(10, -78, -73, -16, 25, -13)
(15, -71, -81, -19, 33, -13)
(19, -66, -88, -28, 43, -12)
(24, -64, -94, -35, 54, -11)
(30, -56, -97, -36, 64, -12)
(31, -52, -102, -35, 67, -15)
(30, -51, -108, -30, 64, -15)
(29, -49, -107, -20, 56, -14)
(36, -40, -104, 6, 38, -2)
(36, -40, -104, 16, 34, 9)
(36, -38, -101, 34, 32, 25)
(34, -35, -98, 54, 28, 43)
(33, -30, -97, 76, 26, 58)
(32, -22, -92, 100, 22, 68)
(27, -16, -86, 121, 12, 69)
(23, -12, -76, 127, -3, 69)
(19, -9, -67, 127, -12, 73)
(16, -4, -55, 127, -14, 81)
(11, 0, -40, 127, -14, 88)
(6, 7, -30, 127, -15, 95)
(1, 17, -24, 127, -18, 103)
(1, 26, -20, 127, -21, 109)
(-1, 50, -4, 127, -23, 112)
(-6, 41, -5, 127, -50, 115)
(-2, 40, -1, 127, -52, 115)
(-2, 47, 5, 127, -41, 114)
(-6, 59, 10, 127, -43, 118)
(-2, 73, 14, 127, -49, 118)
(1, 90, 17, 127, -47, 109)
(-6, 103, 23, 127, -46, 92)
(-17, 105, 33, 127, -55, 76)
(-19, 98, 50, 127, -63, 63)
(-22, 92, 78, 127, -86, 54)
(-17, 84, 95, 127, -110, 56)
(-3, 83, 94, 122, -91, 58)
(1, 77, 100, 78, -64, 45)
(2, 60, 102, 46, -31, 21)
(3, 43, 103, 35, 4, -5)
(4, 39, 105, 38, 37, -26)
(0, 47, 107, 42, 55, -36)
(-9, 54, 111, 35, 50, -36)
(-12, 58, 119, 19, 38, -30)
(-11, 58, 127, 5, 28, -28)
(-11, 60, 127, -6, 28, -29)
BatchID:  8




(-3, -66, -35, -3, 2, -1)
(-2, -65, -36, -1, 1, -1)
(-1, -65, -35, -1, 2, -2)
(-2, -65, -34, 0, 2, -2)
(-1, -64, -34, -1, 2, -2)
(0, -65, -34, -1, 2, -2)
(-1, -65, -34, -1, 2, -1)
(0, -65, -36, -1, 2, -1)
(0, -65, -35, -1, 3, 0)
(-1, -64, -35, 0, 3, 0)
(0, -65, -35, -1, 3, 1)
(-1, -65, -35, -1, 4, 2)
(-2, -66, -35, -1, 3, 1)
(-2, -66, -34, -1, 2, 1)
(-2, -64, -33, -3, 1, 0)
(-1, -65, -34, -4, 2, 0)
(-1, -64, -34, -5, 4, 0)
(-2, -65, -35, -5, 4, 0)
(-1, -65, -36, -5, 4, 0)
(0, -64, -38, -5, 6, 0)
(0, -64, -38, -4, 8, 1)
(0, -65, -38, -4, 9, 1)
(-2, -64, -38, -3, 7, 0)
(-1, -63, -38, -4, 7, -1)
(-1, -63, -39, -6, 7, -1)
(0, -64, -39, -8, 7, -3)
(0, -65, -41, -8, 7, -3)
(0, -66, -41, -7, 8, -3)
(0, -65, -42, -6, 9, -3)
(2, -63, -43, -7, 11, -3)
(4, -60, -49, -12, 15, 0)
(8, -58, -57, -18, 24, 4)
(7, -66, -64, -18, 30, 9)
(6, -71, -77, -17, 32, 8)
(10, -75, -87, -8, 24, 6)
(25, -65, -98, 7, 26, -1)
(30, -60, -98, 5, 32, -7)
(29, -59, -99, 3, 36, -9)
(27, -61, -104, 5, 38, -1)
(26, -64, -106, 13, 39, 13)
(22, -66, -105, 26, 44, 27)
(17, -66, -98, 41, 47, 37)
(10, -69, -91, 58, 49, 45)
(6, -65, -84, 80, 46, 44)
(1, -56, -78, 94, 36, 41)
(-2, -52, -75, 105, 19, 37)
(-6, -51, -71, 116, 1, 36)
(-6, -48, -65, 127, -14, 43)
(-4, -48, -61, 127, -19, 55)
(-5, -47, -53, 127, -15, 62)
(-9, -39, -41, 127, -12, 61)
(-12, -29, -32, 127, -18, 55)
(-10, -19, -25, 127, -28, 48)
(-4, -7, -21, 127, -40, 44)
(1, 0, -19, 127, -49, 41)
(6, 11, -19, 127, -51, 45)
(13, 23, -17, 127, -42, 49)
(18, 33, -15, 127, -23, 55)
(15, 67, 3, 127, -11, 62)
(10, 67, -2, 127, -40, 67)
(14, 72, -2, 127, -39, 72)
(6, 80, 4, 127, -20, 80)
(1, 87, 13, 127, -21, 90)
(2, 90, 21, 127, -28, 91)
(2, 89, 32, 127, -24, 82)
(1, 87, 47, 127, -13, 67)
(-11, 83, 68, 127, -4, 54)
(-27, 70, 92, 127, -9, 45)
(-25, 74, 99, 124, -8, 30)
(-18, 79, 109, 88, -3, 10)
BatchID:  9




(-3, -62, -39, 0, 4, 0)
(-4, -63, -38, 0, 3, 0)
(-3, -62, -38, -1, 2, -1)
(-2, -62, -39, -1, 2, -1)
(-3, -63, -38, -1, 2, -1)
(-3, -63, -38, 0, 2, -1)
(-2, -62, -39, 0, 2, 0)
(-2, -62, -39, 0, 2, 0)
(-2, -61, -38, -1, 2, 0)
(-2, -62, -40, 0, 2, 0)
(-3, -62, -39, 0, 1, -1)
(-3, -61, -39, 0, 1, 0)
(-3, -61, -39, 0, 1, 0)
(-3, -61, -39, 0, 1, 0)
(-2, -62, -39, 0, 1, 0)
(-2, -60, -39, 0, 2, 0)
(-2, -61, -39, 0, 3, 0)
(-2, -61, -40, 0, 3, 0)
(-2, -62, -41, -1, 2, 0)
(-1, -62, -43, -2, 3, 0)
(0, -62, -46, -4, 6, 0)
(0, -63, -48, -7, 9, 0)
(0, -65, -52, -11, 12, 0)
(0, -67, -58, -14, 16, -1)
(0, -68, -65, -17, 21, -1)
(2, -69, -74, -21, 28, -1)
(5, -71, -84, -16, 32, 0)
(8, -70, -98, -12, 41, 1)
(13, -67, -105, -12, 52, 0)
(17, -67, -102, -10, 63, -4)
(19, -59, -97, -1, 69, -8)
(20, -51, -100, 0, 66, -9)
(22, -49, -106, 0, 62, -5)
(22, -53, -110, 3, 57, 2)
(23, -60, -112, 18, 53, 14)
(22, -61, -108, 42, 51, 23)
(21, -57, -100, 63, 50, 33)
(20, -53, -93, 81, 49, 40)
(18, -46, -86, 99, 44, 43)
(12, -42, -84, 111, 31, 44)
(9, -42, -80, 124, 14, 44)
(7, -39, -71, 127, -4, 43)
(7, -33, -61, 127, -19, 45)
(9, -27, -52, 127, -31, 51)
(16, -10, -40, 127, -30, 59)
(16, 0, -35, 127, -20, 63)
(14, 9, -28, 127, -9, 68)
(10, 21, -24, 127, 0, 73)
(7, 36, -23, 127, 5, 78)
(4, 53, -19, 127, 8, 88)
(-5, 90, 8, 127, 2, 94)
(-3, 54, 10, 127, -43, 92)
(-9, 60, 19, 127, -43, 89)
(-8, 72, 20, 127, -61, 85)
(-1, 83, 23, 127, -63, 77)
(0, 89, 36, 127, -55, 66)
(0, 86, 53, 127, -55, 56)
(0, 79, 72, 127, -52, 50)
(0, 77, 84, 108, -46, 44)
(0, 75, 94, 80, -38, 34)
(0, 66, 104, 56, -25, 27)
(2, 55, 106, 37, 0, 17)
(6, 41, 111, 25, 33, 4)
BatchID:  10




(2, -65, -43, 3, 21, -13)
(1, -64, -39, 0, 22, -16)
(0, -61, -36, -5, 22, -19)
(1, -60, -33, -13, 20, -23)
(4, -58, -33, -18, 19, -24)
(8, -55, -35, -25, 21, -24)
(9, -57, -37, -27, 22, -23)
(12, -54, -39, -30, 22, -22)
(14, -57, -39, -30, 20, -22)
(16, -53, -42, -28, 19, -19)
(21, -50, -44, -28, 18, -14)
(26, -50, -48, -24, 20, -8)
(26, -52, -50, -20, 23, -4)
(24, -54, -47, -14, 22, -2)
(25, -51, -46, -7, 15, 1)
(28, -49, -48, -4, 12, 6)
(31, -45, -52, -3, 14, 17)
(36, -45, -62, -2, 20, 32)
(36, -47, -73, 1, 32, 46)
(34, -52, -77, 3, 40, 52)
(29, -58, -73, 18, 36, 51)
(23, -54, -74, 37, 18, 44)
(24, -51, -78, 47, 0, 40)
(29, -50, -79, 58, -8, 40)
(30, -48, -78, 69, -10, 45)
(30, -48, -74, 81, -9, 50)
(29, -42, -70, 94, -9, 54)
(26, -41, -69, 102, -14, 59)
(22, -44, -66, 114, -17, 62)
(18, -46, -60, 127, -21, 66)
(12, -46, -52, 127, -28, 68)
(8, -40, -45, 127, -35, 71)
(7, -32, -38, 127, -39, 74)
(5, -22, -32, 127, -39, 76)
(4, -10, -24, 127, -39, 78)
(2, -1, -16, 127, -39, 81)
(4, 6, -9, 127, -36, 84)
(1, 31, 12, 127, -36, 87)
(0, 31, 16, 127, -76, 94)
(12, 39, 15, 127, -86, 99)
(19, 63, 23, 127, -68, 101)
(22, 90, 31, 127, -63, 100)
(31, 113, 37, 127, -60, 94)
(30, 117, 48, 127, -35, 92)
(14, 102, 61, 112, -18, 96)
(2, 81, 71, 91, -17, 96)
(-1, 65, 76, 92, -14, 91)
(-4, 66, 67, 92, -1, 83)
(-13, 67, 57, 66, 13, 73)
(-28, 57, 58, 37, 22, 58)
(-46, 26, 74, 34, 21, 39)
(-34, 10, 90, 56, 6, 13)
(-13, 22, 100, 64, 13, -10)
(-14, 44, 105, 49, 23, -19)
(-21, 47, 111, 21, 11, -19)
(-16, 37, 117, 3, 2, -18)
(-1, 32, 122, -1, 5, -22)
(6, 36, 122, -5, 35, -22)
(-2, 39, 120, -9, 71, -16)
(-19, 45, 115, -20, 99, -12)
(-43, 27, 119, -29, 109, -17)
(-70, 22, 121, -24, 101, -24)
(-81, 20, 127, -22, 74, -29)
(-67, 32, 127, -30, 58, -37)
(-60, 23, 127, -52, 51, -44)
(-50, 9, 127, -70, 50, -47)
BatchID:  11




(9, -65, -41, -1, 14, -3)
(10, -64, -44, -5, 17, -1)
(11, -62, -44, -6, 19, -1)
(10, -60, -44, -7, 21, -1)
(10, -60, -43, -8, 22, 0)
(9, -61, -43, -9, 23, 0)
(9, -61, -42, -8, 24, 0)
(8, -60, -40, -8, 23, -1)
(6, -62, -38, -9, 22, -2)
(6, -61, -35, -8, 21, -4)
(5, -59, -34, -9, 21, -7)
(6, -58, -33, -11, 19, -8)
(7, -58, -34, -13, 18, -8)
(9, -58, -34, -12, 18, -7)
(13, -55, -38, -12, 19, -4)
(16, -53, -44, -12, 21, 0)
(22, -53, -51, -11, 23, 9)
(27, -55, -59, -7, 25, 18)
(28, -65, -62, 1, 25, 22)
(29, -68, -63, 11, 27, 24)
(29, -64, -62, 21, 27, 25)
(34, -57, -62, 23, 25, 22)
(37, -53, -67, 21, 25, 20)
(41, -50, -74, 22, 23, 20)
(40, -51, -83, 20, 17, 21)
(38, -60, -86, 24, 8, 25)
(37, -63, -85, 42, 0, 30)
(38, -58, -84, 59, -6, 33)
(37, -55, -85, 73, -8, 39)
(36, -54, -84, 87, -10, 47)
(30, -52, -82, 105, -12, 54)
(26, -47, -76, 122, -18, 58)
(22, -45, -69, 127, -24, 61)
(20, -43, -63, 127, -29, 65)
(17, -40, -56, 127, -28, 71)
(11, -34, -48, 127, -28, 75)
(6, -8, -33, 127, -27, 80)
(5, 5, -26, 127, -25, 85)
(5, 19, -21, 127, -22, 92)
(7, 53, -1, 127, -14, 100)
(0, 51, -9, 127, -31, 111)
(6, 68, -11, 127, -44, 114)
(6, 122, 0, 127, -33, 111)
(12, 127, 12, 127, -39, 109)
(14, 127, 32, 127, -19, 108)
(4, 127, 57, 127, -4, 104)
(-5, 114, 80, 101, 1, 94)
(-20, 89, 112, 82, -2, 81)
(-28, 64, 125, 114, -12, 68)
(-28, 82, 110, 70, 9, 54)
(-31, 77, 107, 20, 18, 30)
(-35, 52, 101, -10, 36, 7)
(-44, 37, 98, -13, 43, -17)
(-45, 34, 99, -11, 27, -36)
(-34, 35, 97, -17, 7, -48)
(-11, 18, 89, -31, -10, -46)
(-18, 9, 99, -20, -13, -36)
(-23, 9, 106, -9, -22, -24)
(-19, 12, 115, 0, -22, -17)
(-20, 26, 121, -3, -8, -19)
(-17, 34, 123, -23, 10, -27)
(-32, 31, 124, -57, 44, -44)
(-38, 32, 119, -75, 40, -47)
(-37, 30, 112, -87, 36, -47)
(-33, 32, 105, -98, 37, -48)
BatchID:  12




(0, -63, -36, -2, 4, -2)
(1, -63, -37, -3, 4, -2)
(0, -64, -36, -2, 4, -3)
(0, -64, -37, -2, 3, -4)
(1, -65, -35, -1, 1, -6)
(2, -63, -36, -1, 0, -7)
(3, -63, -37, -2, 1, -7)
(2, -64, -36, 2, 2, -1)
(2, -62, -36, 1, 2, -2)
(1, -63, -36, 0, 3, -2)
(3, -63, -36, 0, 3, 0)
(2, -63, -37, 0, 5, 0)
(3, -63, -38, -1, 6, 2)
(4, -63, -42, -2, 8, 3)
(4, -68, -43, -3, 10, 2)
(1, -72, -42, -1, 11, 0)
(1, -68, -42, 0, 11, -1)
(2, -64, -41, -1, 12, -4)
(4, -63, -41, -3, 13, -5)
(3, -64, -41, -4, 14, -7)
(2, -65, -41, -2, 13, -7)
(3, -63, -40, -1, 12, -7)
(4, -62, -36, 0, 13, -5)
(4, -59, -35, 1, 14, -4)
(3, -56, -32, 0, 14, -4)
(3, -56, -31, 0, 13, -3)
(5, -57, -31, -1, 11, -3)
(6, -59, -30, 0, 9, -3)
(6, -59, -31, 0, 7, -2)
(8, -59, -32, 0, 6, 0)
(7, -61, -30, 1, 6, 0)
(7, -62, -30, 2, 5, 0)
(9, -62, -32, 1, 4, 0)
(10, -63, -34, 0, 4, -1)
(11, -66, -38, -1, 3, -2)
(15, -69, -46, -6, 4, -4)
(22, -73, -58, -15, 12, -1)
(26, -76, -71, -27, 27, 5)
(28, -82, -83, -23, 32, 8)
(26, -79, -105, -19, 36, 2)
(26, -75, -123, -18, 29, -10)
(36, -74, -122, -11, 22, -24)
(44, -66, -112, 13, 17, -35)
(48, -50, -108, 26, 14, -30)
(50, -44, -108, 31, 18, -10)
(46, -45, -104, 42, 24, 14)
(41, -48, -97, 58, 27, 39)
(32, -48, -89, 82, 33, 56)
(22, -43, -82, 109, 33, 67)
(15, -37, -77, 127, 29, 72)
(10, -33, -73, 127, 19, 69)
(7, -28, -68, 127, 10, 64)
(4, -21, -61, 127, 0, 61)
(1, -15, -52, 127, -8, 60)
(-1, -9, -42, 127, -15, 65)
(1, 1, -35, 127, -19, 72)
(5, 23, -30, 127, -24, 83)
(7, 34, -28, 127, -18, 88)
(6, 43, -24, 127, -6, 93)
(4, 83, -2, 127, 7, 97)
(-6, 75, -3, 127, -15, 100)
(-2, 76, 6, 127, -32, 95)
(-4, 81, 20, 127, -25, 87)
(-8, 94, 43, 127, -34, 82)
(-9, 108, 69, 127, -60, 73)
(-6, 112, 92, 127, -76, 65)
(-6, 97, 127, 125, -85, 61)
(1, 77, 127, 114, -89, 64)
(13, 75, 127, 75, -45, 62)
(2, 51, 111, -20, 93, 20)
(-21, 27, 94, -29, 127, -10)
(-46, 9, 85, -14, 127, -35)
(-54, 6, 90, 2, 112, -50)
(-55, 15, 96, 12, 67, -51)
(-55, 31, 103, 8, 12, -45)
(-42, 38, 109, -10, -31, -40)
(-18, 34, 115, -25, -42, -42)
BatchID:  13




(-2, -66, -34, 0, 3, 0)
(-3, -66, -35, 0, 3, 0)
(-3, -66, -34, 0, 2, -1)
(-3, -67, -33, 0, 1, -2)
(-3, -66, -33, 0, 1, -3)
(-2, -66, -33, -1, 0, -4)
(-2, -70, -33, -3, -1, -8)
(-4, -72, -31, -3, -5, -12)
(-3, -71, -31, -3, -8, -16)
(0, -68, -32, -6, -9, -19)
(1, -66, -34, -9, -6, -19)
(2, -66, -37, -12, -3, -16)
(2, -68, -38, -13, 0, -14)
(1, -67, -40, -11, 3, -11)
(0, -65, -40, -10, 8, -7)
(-1, -64, -39, -8, 7, -9)
(-1, -61, -39, -8, 5, -11)
(0, -59, -39, -9, 5, -13)
(0, -58, -40, -10, 6, -14)
(2, -61, -42, -10, 8, -12)
(3, -61, -43, -8, 9, -11)
(5, -59, -45, -8, 11, -10)
(7, -59, -49, -11, 14, -8)
(10, -59, -55, -13, 19, -4)
(11, -62, -64, -16, 25, -1)
(12, -68, -70, -14, 26, 0)
(15, -68, -83, -17, 21, 4)
(24, -71, -98, -7, 17, 6)
(32, -70, -110, -5, 31, 3)
(36, -65, -109, -1, 40, -2)
(34, -61, -108, 2, 38, -7)
(31, -62, -116, 9, 29, -1)
(31, -65, -122, 21, 23, 13)
(33, -65, -122, 41, 25, 27)
(32, -62, -120, 60, 28, 38)
(24, -63, -116, 80, 30, 45)
(17, -62, -108, 102, 25, 49)
(13, -58, -99, 127, 18, 49)
(7, -54, -94, 127, 4, 49)
(2, -52, -87, 127, -9, 51)
(1, -48, -76, 127, -12, 52)
(-3, -15, -51, 127, -22, 52)
(-2, 4, -43, 127, -27, 61)
(1, 17, -33, 127, -30, 67)
(6, 26, -29, 127, -29, 69)
(7, 39, -27, 127, -22, 73)
(-7, 103, 0, 127, -20, 87)
(-7, 88, -9, 127, -65, 87)
(-1, 83, -2, 127, -60, 87)
(-3, 89, 11, 127, -56, 85)
(-1, 87, 19, 127, -76, 83)
(1, 82, 21, 127, -89, 81)
(15, 71, 23, 127, -88, 71)
(23, 69, 30, 127, -73, 59)
(32, 71, 37, 126, -44, 47)
(33, 74, 45, 99, -10, 31)
(19, 73, 49, 69, 16, 12)
(3, 64, 59, 34, 26, -3)
(-4, 46, 72, 30, 14, -18)
BatchID:  14


(18, -55, -42, 0, 2, 0)
(18, -55, -42, 0, 3, 0)
(17, -56, -42, -1, 2, 1)
(18, -55, -41, -1, 2, 1)
(18, -55, -42, -1, 2, 2)
(18, -55, -42, -2, 2, 2)
(18, -55, -42, -1, 3, 3)
(17, -55, -42, -2, 5, 5)
(15, -56, -43, -2, 6, 6)
(15, -56, -42, -1, 4, 5)
(14, -57, -41, -1, 3, 4)
(15, -55, -41, -1, 0, 2)
(16, -54, -41, -2, 0, 2)
(17, -56, -42, -3, 1, 2)
(17, -56, -42, -3, 2, 2)
(18, -55, -43, -3, 4, 0)
(19, -55, -45, -3, 4, 0)
(19, -55, -46, -3, 5, 1)
(19, -55, -45, -3, 5, 1)
(17, -56, -44, -2, 4, 1)
(18, -56, -44, -1, 4, 1)
(18, -54, -42, -1, 4, 2)
(19, -52, -43, -2, 5, 2)
(20, -53, -45, -4, 7, 3)
(22, -54, -49, -7, 10, 5)
(24, -56, -53, -10, 15, 7)
(26, -60, -60, -14, 19, 7)
(29, -67, -66, -11, 20, 8)
(34, -68, -75, -9, 18, 6)
(41, -63, -79, -7, 16, 5)
(53, -54, -88, -8, 20, 7)
(62, -48, -103, -13, 31, 10)
(64, -46, -119, -18, 42, 16)
(57, -51, -127, -19, 47, 21)
(50, -61, -127, -9, 40, 27)
(48, -68, -127, 19, 33, 32)
(47, -62, -127, 48, 29, 37)
(48, -53, -122, 71, 29, 45)
(46, -45, -119, 96, 31, 52)
(40, -35, -114, 114, 26, 61)
(39, -30, -110, 127, 19, 66)
(32, -29, -101, 127, 9, 69)
(25, -31, -89, 127, -2, 74)
(20, -26, -75, 127, -3, 82)
(15, -7, -63, 127, -1, 90)
(10, 11, -56, 127, -3, 95)
(5, 26, -48, 127, -13, 100)
(9, 44, -43, 127, -15, 101)
(10, 58, -39, 127, -8, 101)
(9, 68, -31, 127, -4, 102)
(1, 69, -8, 127, -34, 105)
(1, 66, -7, 127, -22, 105)
(-3, 73, 0, 127, -22, 105)
(-6, 76, 4, 127, -35, 103)
(-6, 78, 10, 127, -45, 103)
(-2, 80, 20, 127, -53, 102)
(-1, 81, 46, 127, -60, 86)
(0, 81, 64, 127, -62, 70)
(0, 79, 78, 114, -56, 56)
(-4, 67, 91, 90, -47, 45)
(0, 55, 92, 72, -31, 26)
(4, 49, 94, 52, 0, 8)
(1, 45, 99, 42, 25, -12)
(-1, 39, 109, 42, 36, -25)
(0, 44, 116, 42, 36, -29)
(-1, 51, 127, 34, 28, -22)
(2, 52, 127, 20, 19, -12)
(6, 50, 127, 8, 25, -7)
(5, 47, 127, 0, 42, -10)
BatchID:  2




(10, -59, -44, -6, 13, 3)
(10, -60, -43, -5, 14, 4)
(9, -60, -43, -4, 14, 5)
(9, -59, -42, -4, 15, 5)
(10, -59, -43, -5, 15, 6)
(10, -59, -44, -5, 17, 6)
(9, -62, -44, -5, 18, 6)
(6, -63, -42, -4, 16, 5)
(6, -63, -40, -3, 13, 4)
(7, -60, -39, -5, 12, 2)
(8, -59, -39, -8, 13, 1)
(9, -60, -39, -11, 14, 0)
(7, -61, -40, -12, 14, 0)
(7, -62, -40, -11, 13, 0)
(8, -61, -39, -9, 13, 0)
(8, -60, -38, -9, 13, 0)
(7, -58, -38, -7, 11, 0)
(11, -55, -39, -6, 9, 0)
(10, -58, -37, -3, 11, 2)
(9, -58, -37, 1, 11, 3)
(9, -56, -38, 2, 11, 4)
(11, -55, -38, 2, 13, 4)
(13, -56, -42, 0, 14, 3)
(15, -58, -46, -2, 15, 3)
(17, -63, -50, -2, 13, 2)
(21, -65, -56, -2, 12, 2)
(27, -65, -61, -3, 10, 2)
(34, -64, -69, -4, 12, 2)
(39, -66, -73, 0, 13, 1)
(41, -64, -82, -1, 14, 0)
(42, -64, -88, -5, 11, 0)
(44, -64, -92, -6, 9, 0)
(46, -63, -99, -2, 10, 8)
(48, -59, -108, 3, 18, 21)
(47, -54, -116, 11, 28, 33)
(40, -50, -122, 20, 33, 42)
(30, -52, -119, 31, 25, 45)
(24, -54, -112, 53, 14, 48)
(23, -45, -110, 83, 5, 51)
(23, -35, -108, 107, -9, 54)
(27, -28, -105, 127, -21, 58)
(28, -22, -99, 127, -29, 64)
(26, -17, -92, 127, -32, 71)
(21, -12, -80, 127, -34, 78)
(16, -1, -68, 127, -30, 85)
(11, 12, -60, 127, -24, 88)
(7, 29, -53, 127, -20, 91)
(6, 47, -48, 127, -18, 92)
(6, 66, -46, 127, -18, 94)
(3, 127, -14, 127, -19, 95)
(-1, 96, -21, 127, -53, 97)
(4, 88, -3, 127, -36, 90)
(0, 93, 11, 127, -46, 94)
(7, 98, 23, 127, -60, 101)
(16, 109, 44, 127, -63, 101)
(22, 123, 76, 127, -64, 86)
(19, 120, 111, 127, -59, 67)
(11, 87, 127, 113, -59, 51)
(18, 73, 127, 80, -18, 46)
(11, 66, 127, 53, 28, 39)
(-5, 59, 120, 19, 64, 25)
(-19, 43, 118, 9, 89, 5)
(-31, 35, 116, 13, 97, -15)
(-46, 33, 119, 19, 78, -30)
(-51, 35, 126, 15, 39, -32)
(-43, 39, 127, 3, 3, -28)
(-32, 42, 127, -11, -16, -25)
(-18, 37, 127, -28, -20, -24)
(-11, 27, 127, -39, -7, -27)
(-10, 25, 127, -42, 23, -31)
(-19, 26, 127, -47, 48, -32)
(-30, 30, 126, -53, 65, -36)
(-41, 36, 121, -65, 71, -42)
(-52, 42, 114, -81, 66, -50)
(-54, 43, 106, -101, 56, -59)
(-47, 39, 97, -115, 47, -68)
(-41, 30, 87, -122, 49, -74)
(-37, 26, 78, -127, 52, -77)
(-33, 18, 68, -127, 51, -78)
BatchID:  3




(17, -48, -47, -12, 4, 8)
(16, -50, -48, -12, 4, 9)
(15, -51, -49, -12, 4, 8)
(16, -52, -50, -11, 3, 8)
(15, -55, -52, -11, 2, 6)
(16, -57, -53, -9, 2, 4)
(17, -59, -54, -7, 3, 1)
(18, -58, -55, -4, 6, 0)
(18, -54, -54, -5, 8, -2)
(18, -53, -55, -7, 8, -3)
(20, -54, -57, -7, 10, -4)
(19, -56, -58, -5, 11, -5)
(20, -56, -59, -2, 13, -5)
(21, -55, -58, 0, 15, -5)
(21, -54, -56, 3, 17, -5)
(21, -52, -53, 5, 17, -8)
(20, -48, -50, 4, 16, -11)
(22, -45, -51, 0, 15, -12)
(26, -45, -55, -5, 15, -10)
(31, -43, -63, -9, 19, -3)
(39, -42, -74, -5, 18, 8)
(46, -41, -92, -4, 24, 22)
(50, -37, -100, -3, 35, 31)
(44, -42, -94, -2, 35, 32)
(42, -43, -88, 10, 27, 30)
(44, -33, -93, 16, 21, 28)
(48, -27, -100, 17, 19, 31)
(51, -24, -108, 22, 21, 38)
(49, -24, -115, 29, 20, 52)
(36, -39, -111, 71, 11, 69)
(33, -39, -102, 97, 5, 76)
(29, -37, -94, 124, 0, 83)
(24, -33, -86, 127, -3, 89)
(19, -30, -78, 127, -6, 95)
(15, -26, -71, 127, -7, 96)
(10, -19, -59, 127, -7, 94)
(4, -9, -48, 127, -8, 93)
(-1, 2, -39, 127, -14, 93)
(-2, 14, -31, 127, -21, 95)
(0, 22, -26, 127, -23, 94)
(4, 32, -20, 127, -19, 90)
(6, 45, -11, 127, -6, 87)
(-7, 67, 7, 127, -3, 89)
(-8, 63, 10, 127, -45, 95)
(-2, 56, 10, 127, -47, 102)
(1, 60, 14, 127, -46, 110)
(9, 63, 19, 127, -50, 115)
(15, 74, 31, 127, -41, 115)
(14, 89, 42, 127, -28, 108)
(4, 112, 54, 127, -22, 96)
(-13, 123, 73, 127, -27, 80)
(-34, 94, 111, 111, -33, 69)
(-37, 77, 126, 105, -59, 54)
(-11, 81, 118, 32, -37, 38)
(5, 68, 110, -12, 8, 6)
(7, 45, 109, -23, 62, -20)
(-1, 32, 104, -4, 105, -43)
(-23, 38, 108, 12, 123, -52)
(-62, 49, 122, 17, 96, -49)
(-96, 64, 127, -5, 24, -41)
(-75, 63, 127, -36, -42, -45)
(-38, 63, 127, -53, -57, -60)
(-11, 62, 127, -68, -31, -73)
(0, 55, 127, -80, 15, -83)
(-13, 41, 127, -88, 51, -85)
(-33, 37, 117, -100, 54, -83)
(-41, 30, 108, -111, 33, -83)
(-37, 21, 97, -119, 7, -81)
(-27, 15, 89, -121, -8, -77)
(-20, 9, 83, -119, -15, -68)
(-12, 3, 76, -120, -12, -59)
(-9, 1, 67, -120, -4, -54)
BatchID:  4




(11, -57, -45, -2, 3, -2)
(11, -57, -45, -1, 3, -1)
(12, -56, -45, 0, 3, -2)
(11, -55, -44, 0, 4, -2)
(11, -55, -44, -1, 4, -3)
(12, -56, -44, -1, 3, -3)
(12, -56, -44, -1, 3, -4)
(13, -56, -44, -1, 3, -3)
(13, -56, -44, 0, 3, -3)
(13, -56, -43, 0, 4, -3)
(13, -56, -43, -1, 4, -3)
(13, -55, -42, -1, 4, -4)
(13, -55, -43, -2, 3, -4)
(14, -56, -44, -2, 3, -4)
(15, -55, -44, -2, 3, -4)
(16, -55, -45, -3, 4, -3)
(16, -56, -46, -2, 4, -3)
(16, -56, -47, -3, 4, -3)
(17, -57, -48, -3, 5, -3)
(19, -57, -51, -6, 5, -3)
(20, -58, -57, -9, 7, -4)
(22, -60, -63, -12, 7, -5)
(27, -59, -70, -16, 8, -6)
(29, -56, -79, -18, 10, -6)
(34, -51, -90, -18, 14, -3)
(40, -44, -102, -22, 22, 2)
(42, -42, -107, -27, 31, 7)
(43, -44, -111, -24, 40, 11)
(41, -43, -114, -11, 43, 16)
(41, -38, -118, 6, 38, 21)
(41, -35, -121, 18, 34, 32)
(41, -36, -119, 36, 34, 44)
(39, -34, -113, 57, 34, 56)
(36, -32, -109, 78, 34, 68)
(28, -34, -104, 98, 25, 76)
(24, -36, -97, 119, 21, 84)
(22, -31, -88, 127, 23, 87)
(17, -23, -78, 127, 16, 86)
(12, -17, -68, 127, 6, 82)
(9, -14, -60, 127, -1, 79)
(8, -10, -52, 127, -11, 76)
(5, -4, -43, 127, -21, 79)
(5, 5, -35, 127, -22, 86)
(6, 17, -28, 127, -15, 95)
(8, 27, -23, 127, -7, 100)
(9, 40, -18, 127, 0, 105)
(8, 69, -2, 127, 6, 109)
(-9, 67, 1, 127, -21, 112)
(-2, 69, 7, 127, -36, 112)
(-10, 95, 28, 127, -22, 99)
(-20, 104, 42, 127, -42, 88)
(-32, 104, 65, 127, -64, 79)
(-39, 90, 88, 127, -98, 73)
(-33, 73, 109, 127, -127, 67)
(-15, 70, 114, 104, -127, 60)
(-3, 66, 118, 73, -106, 48)
(14, 55, 116, 41, -58, 28)
(21, 45, 109, 14, 14, 0)
(11, 27, 108, 11, 71, -24)
(-12, 21, 115, 23, 89, -39)
(-30, 29, 119, 25, 66, -41)
(-36, 37, 123, 11, 22, -36)
BatchID:  5




(14, -52, -48, -6, 12, 0)
(14, -53, -48, -4, 13, 1)
(13, -53, -47, -2, 13, 2)
(12, -51, -47, 0, 12, 2)
(13, -49, -46, 0, 11, 1)
(13, -49, -46, -1, 10, 1)
(14, -51, -46, 0, 10, 0)
(13, -52, -45, 0, 9, 1)
(13, -53, -46, 0, 8, 1)
(15, -51, -46, 0, 9, 3)
(16, -53, -48, -2, 11, 5)
(13, -60, -46, 0, 13, 5)
(12, -57, -44, 1, 10, 3)
(14, -54, -47, -1, 9, 2)
(18, -50, -50, -7, 12, 3)
(28, -50, -73, -17, 23, 14)
(32, -46, -87, -15, 31, 20)
(36, -40, -103, -11, 34, 31)
(36, -46, -118, -16, 35, 39)
(35, -68, -114, -6, 41, 37)
(34, -69, -99, 19, 42, 25)
(39, -43, -103, 29, 41, 12)
(40, -38, -108, 26, 38, 20)
(41, -40, -113, 29, 33, 33)
(40, -44, -114, 38, 25, 45)
(37, -47, -112, 58, 14, 58)
(32, -52, -110, 85, 10, 73)
(27, -49, -100, 122, 7, 82)
(21, -41, -89, 127, 1, 87)
(18, -32, -79, 127, -3, 88)
(17, -21, -71, 127, -4, 84)
(12, -11, -63, 127, -8, 83)
(7, 0, -56, 127, -17, 86)
(5, 12, -48, 127, -23, 94)
(7, 24, -41, 127, -24, 101)
(10, 37, -36, 127, -24, 106)
(13, 53, -33, 127, -20, 108)
(12, 98, -11, 127, -15, 111)
(0, 90, -17, 127, -34, 116)
(4, 92, -12, 127, -38, 114)
(-1, 96, -1, 127, -34, 113)
(-9, 109, 11, 127, -52, 112)
(-5, 123, 26, 127, -70, 101)
(-4, 127, 45, 127, -76, 78)
(-13, 127, 76, 127, -84, 54)
(-34, 100, 127, 116, -119, 42)
(-22, 73, 127, 127, -127, 45)
(3, 85, 127, 67, -127, 44)
(28, 77, 123, 0, -118, 23)
(48, 49, 123, -36, -59, 0)
(62, 27, 125, -33, 28, -27)
(53, 25, 122, -6, 120, -51)
(26, 32, 127, 6, 127, -60)
(0, 44, 127, 0, 127, -52)
(-30, 48, 127, -23, 121, -41)
(-52, 47, 126, -55, 65, -34)
(-39, 39, 120, -72, 18, -34)
(-17, 27, 119, -67, 10, -41)
(-7, 20, 120, -57, 23, -48)
(-10, 23, 114, -57, 48, -51)
(-25, 27, 108, -76, 60, -51)
(-41, 20, 103, -95, 53, -51)
(-46, 11, 102, -103, 32, -52)
(-40, 9, 102, -103, 18, -52)
(-29, 13, 98, -103, 18, -50)
(-20, 19, 90, -111, 32, -48)
(-20, 16, 79, -126, 46, -47)
BatchID:  6




(15, -54, -46, -9, 21, -5)
(16, -53, -46, -11, 22, -5)
(14, -54, -45, -12, 22, -5)
(14, -54, -45, -12, 22, -5)
(14, -53, -45, -11, 21, -5)
(12, -54, -43, -11, 19, -7)
(14, -51, -42, -11, 17, -8)
(17, -48, -45, -14, 17, -7)
(21, -47, -49, -17, 21, -3)
(23, -52, -53, -15, 24, -1)
(21, -56, -55, -12, 26, -2)
(21, -53, -52, -6, 23, -3)
(25, -46, -54, -5, 20, -3)
(30, -43, -57, -6, 19, -1)
(37, -40, -65, -6, 18, 2)
(41, -40, -74, -7, 16, 5)
(45, -43, -79, -4, 16, 10)
(47, -44, -83, 4, 13, 16)
(50, -40, -90, 14, 13, 26)
(52, -37, -101, 19, 15, 32)
(51, -37, -107, 22, 13, 34)
(48, -41, -107, 32, 6, 33)
(44, -43, -108, 49, -5, 36)
(44, -42, -111, 71, -14, 45)
(46, -41, -113, 90, -17, 57)
(47, -41, -110, 110, -19, 69)
(42, -41, -100, 127, -17, 80)
(34, -38, -88, 127, -17, 90)
(26, -32, -76, 127, -20, 99)
(20, -23, -64, 127, -20, 107)
(7, 20, -39, 127, -10, 122)
(8, 36, -35, 127, -7, 123)
(9, 56, -34, 127, -4, 123)
(3, 108, -8, 127, -9, 123)
(1, 101, -16, 127, -41, 120)
(3, 97, -10, 127, -29, 118)
(0, 116, 10, 127, -49, 119)
(11, 124, 13, 127, -41, 116)
(11, 127, 31, 127, -15, 108)
(-11, 127, 58, 127, -15, 96)
(-29, 124, 90, 117, -21, 85)
(-52, 73, 127, 111, -49, 70)
(-31, 74, 119, 77, -46, 48)
(-10, 52, 113, 3, 19, -8)
(-12, 36, 110, 2, 45, -26)
(-20, 33, 112, 12, 49, -34)
(-27, 37, 117, 19, 32, -31)
(-24, 43, 122, 15, 12, -22)
(-26, 47, 126, 2, 1, -15)
(-22, 42, 127, -23, -1, -22)
(-20, 47, 127, -33, 20, -30)
(-29, 51, 127, -45, 48, -35)
(-40, 55, 127, -63, 69, -42)
(-48, 56, 124, -79, 82, -51)
(-60, 57, 115, -94, 88, -63)
(-70, 54, 105, -112, 78, -73)
(-71, 49, 94, -127, 60, -80)
(-63, 41, 83, -127, 46, -85)
(-50, 28, 74, -127, 35, -86)
(-45, 16, 66, -127, 32, -84)
(-42, 14, 58, -127, 33, -79)
(-31, 8, 49, -127, 31, -76)
(-28, 3, 43, -127, 37, -76)
(-30, -1, 33, -127, 36, -77)
(-30, -12, 25, -127, 20, -79)
BatchID:  7




(5, -60, -42, -1, 6, -1)
(5, -58, -42, -2, 7, -1)
(5, -58, -42, -4, 7, -2)
(5, -60, -43, -5, 6, -3)
(6, -60, -45, -5, 6, -3)
(6, -61, -45, -5, 7, -4)
(7, -61, -45, -4, 7, -4)
(8, -60, -44, -4, 8, -4)
(8, -57, -44, -4, 10, -4)
(8, -58, -45, -6, 10, -4)
(8, -60, -46, -5, 10, -4)
(8, -60, -45, -5, 9, -4)
(8, -58, -45, -4, 9, -4)
(9, -58, -46, -5, 10, -4)
(10, -59, -46, -6, 11, -3)
(9, -60, -45, -5, 12, -3)
(9, -59, -45, -5, 13, -4)
(10, -57, -46, -7, 13, -4)
(13, -55, -49, -10, 15, -3)
(17, -54, -55, -14, 19, 0)
(21, -55, -64, -15, 22, 1)
(23, -57, -75, -15, 24, 0)
(24, -61, -84, -15, 22, -1)
(30, -60, -87, -7, 19, -5)
(36, -57, -91, -3, 17, -10)
(41, -53, -96, -1, 19, -13)
(45, -48, -101, -2, 21, -8)
(46, -46, -108, -5, 25, 3)
(45, -49, -112, 0, 33, 20)
(41, -54, -111, 13, 38, 33)
(35, -54, -107, 36, 37, 39)
(28, -52, -103, 57, 29, 47)
(25, -49, -100, 78, 22, 58)
(25, -44, -96, 101, 18, 66)
(25, -34, -91, 124, 12, 73)
(23, -29, -86, 127, 7, 79)
(20, -25, -78, 127, 5, 84)
(15, -19, -66, 127, 4, 88)
(9, -10, -57, 127, 2, 92)
(5, -1, -49, 127, -3, 96)
(5, 6, -44, 127, -13, 94)
(6, 16, -41, 127, -21, 90)
(7, 28, -36, 127, -27, 91)
(11, 42, -31, 127, -25, 96)
(11, 56, -27, 127, -18, 106)
(3, 84, 2, 127, -56, 124)
(5, 84, 12, 127, -55, 123)
(-1, 102, 27, 127, -58, 112)
(0, 118, 39, 127, -72, 97)
(4, 127, 53, 127, -64, 83)
(-3, 121, 80, 127, -52, 76)
(-26, 89, 122, 98, -67, 75)
(-36, 53, 127, 127, -102, 76)
(-18, 66, 127, 96, -92, 67)
(0, 71, 127, 43, -65, 42)
(12, 55, 121, -3, -1, 13)
(10, 30, 120, -20, 65, -11)
(-31, 17, 117, 5, 101, -34)
(-49, 22, 124, 11, 66, -34)
(-58, 35, 127, 3, 24, -32)
(-50, 41, 127, -23, -20, -38)
(-30, 39, 127, -46, -30, -47)
(-22, 33, 127, -63, -15, -55)
(-24, 28, 127, -63, 12, -59)
(-41, 55, 127, -79, 47, -70)
(-44, 53, 126, -100, 46, -80)
(-39, 42, 118, -122, 33, -87)
(-31, 34, 107, -127, 19, -87)
(-16, 20, 94, -127, 9, -79)
(-7, 10, 81, -127, 9, -67)
(0, 4, 71, -127, 12, -54)
BatchID:  8




(17, -53, -54, 0, 8, -10)
(15, -53, -52, 4, 5, -11)
(15, -53, -49, 5, 2, -13)
(13, -56, -46, 5, 0, -16)
(13, -59, -43, 4, -4, -21)
(14, -59, -41, 2, -7, -26)
(15, -60, -43, -1, -8, -28)
(19, -56, -46, -6, -6, -28)
(21, -55, -48, -10, -1, -24)
(24, -52, -50, -12, 5, -18)
(27, -46, -53, -12, 14, -10)
(27, -44, -57, -13, 22, -4)
(23, -45, -57, -12, 28, -2)
(19, -46, -53, -6, 24, -2)
(19, -41, -52, 0, 19, -1)
(21, -37, -48, 1, 18, 0)
(21, -35, -46, 3, 17, 0)
(23, -30, -48, 1, 18, 3)
(29, -27, -56, -1, 23, 13)
(37, -22, -71, -1, 31, 26)
(40, -24, -92, 0, 33, 35)
(38, -31, -112, 0, 26, 40)
(41, -51, -118, 10, 11, 36)
(51, -54, -111, 37, 6, 29)
(60, -41, -112, 51, 16, 31)
(61, -35, -122, 54, 29, 46)
(59, -36, -127, 60, 40, 66)
(52, -39, -127, 71, 39, 82)
(40, -48, -127, 92, 36, 98)
(30, -57, -120, 125, 28, 103)
(21, -57, -103, 127, 13, 100)
(14, -54, -86, 127, -1, 95)
(14, -42, -74, 127, -11, 91)
(16, -18, -66, 127, -12, 89)
(14, 6, -60, 127, -10, 94)
(12, 28, -51, 127, -8, 105)
(15, 44, -45, 127, 0, 114)
(14, 53, -33, 127, 9, 119)
(10, 62, -25, 127, 15, 121)
(-3, 90, -3, 127, 11, 118)
(-6, 83, -4, 127, -21, 112)
(-3, 87, -1, 127, -14, 100)
(-8, 97, 8, 127, -8, 90)
(-8, 104, 19, 127, -20, 88)
(-6, 107, 33, 127, -28, 91)
(-9, 112, 50, 127, -37, 94)
(-13, 107, 65, 127, -49, 95)
(-18, 96, 84, 120, -58, 89)
(-26, 78, 106, 109, -67, 75)
(-21, 76, 101, 92, -65, 56)
(-13, 75, 97, 54, -45, 35)
(-5, 60, 95, 28, -13, 12)
(-3, 47, 92, 17, 24, -7)
(-6, 47, 87, 15, 56, -22)
(-18, 41, 87, 12, 60, -29)
(-29, 30, 91, 15, 42, -29)
(-32, 26, 99, 18, 18, -25)
(-24, 33, 108, 22, -1, -22)
(-18, 43, 114, 15, -8, -20)
(-14, 44, 123, 4, -2, -19)
(-15, 44, 126, -7, 16, -22)
(-19, 46, 127, -19, 38, -27)
(-25, 49, 127, -30, 58, -33)
(-33, 54, 127, -41, 73, -37)
(-42, 61, 123, -55, 83, -40)
(-49, 61, 119, -73, 83, -43)
(-52, 48, 117, -89, 76, -49)
(-55, 37, 115, -98, 70, -54)
(-55, 31, 109, -108, 59, -57)
BatchID:  9




(3, -65, -36, 1, 3, -2)
(3, -65, -36, 1, 5, -1)
(3, -65, -34, 1, 5, -1)
(3, -63, -35, 0, 6, 0)
(3, -64, -35, 0, 7, 0)
(3, -65, -35, 0, 7, -1)
(3, -65, -35, 0, 6, -1)
(4, -64, -35, 0, 5, -2)
(4, -63, -36, 0, 6, -2)
(4, -64, -35, 0, 6, -3)
(4, -65, -34, 0, 6, -4)
(4, -65, -35, -1, 6, -4)
(5, -63, -36, -2, 6, -4)
(6, -64, -37, -3, 8, -3)
(6, -65, -36, -3, 9, -3)
(5, -65, -37, -3, 9, -3)
(7, -64, -37, -3, 9, -3)
(6, -64, -37, -3, 10, -4)
(8, -62, -40, -4, 10, -4)
(11, -61, -42, -6, 12, -4)
(12, -62, -45, -8, 15, -2)
(14, -64, -52, -10, 18, 0)
(15, -67, -60, -10, 20, 3)
(15, -71, -71, -9, 19, 5)
(22, -73, -75, 0, 14, 3)
(29, -68, -82, 4, 18, 0)
(34, -64, -89, 2, 26, -4)
(37, -64, -92, -2, 30, -12)
(39, -64, -96, -1, 28, -15)
(39, -65, -103, 0, 21, -11)
(41, -65, -110, 9, 18, 1)
(41, -65, -114, 26, 20, 19)
(40, -61, -110, 43, 21, 34)
(36, -60, -106, 67, 20, 43)
(30, -57, -103, 92, 12, 48)
(25, -52, -97, 120, 2, 53)
(22, -48, -92, 127, -11, 57)
(21, -46, -85, 127, -22, 62)
(21, -39, -73, 127, -22, 69)
(18, -24, -62, 127, -17, 76)
(13, -5, -52, 127, -12, 86)
(8, 14, -45, 127, -8, 95)
(7, 34, -43, 127, -4, 100)
(5, 49, -41, 127, -6, 100)
(4, 65, -35, 127, -8, 102)
(0, 115, -1, 127, -7, 104)
(-4, 95, -10, 127, -48, 107)
(3, 100, -6, 127, -48, 108)
(4, 114, 5, 127, -39, 109)
(10, 124, 20, 127, -28, 105)
(4, 127, 43, 127, -11, 88)
(-13, 127, 71, 127, -6, 71)
(-39, 118, 109, 114, -20, 63)
(-67, 78, 127, 127, -90, 68)
(-54, 82, 127, 84, -104, 65)
(-18, 90, 127, 10, -97, 37)
(10, 67, 113, -49, -46, -3)
(28, 43, 103, -69, 35, -40)
(16, 25, 106, -43, 117, -67)
(-25, 34, 107, -11, 127, -75)
(-54, 55, 112, -12, 105, -71)
(-36, 65, 115, -59, 27, -73)
(-23, 58, 110, -87, 14, -75)
(-8, 44, 105, -107, 23, -76)
(-8, 22, 101, -109, 45, -70)
(-16, 12, 99, -101, 64, -60)
(-24, 14, 97, -93, 75, -51)
(-28, 21, 94, -96, 81, -46)
(-36, 21, 89, -106, 80, -47)
(-44, 13, 83, -121, 68, -51)
BatchID:  10




(2, -63, -40, -1, 3, -3)
(3, -61, -40, -1, 2, -4)
(3, -62, -42, -1, 2, -4)
(4, -62, -42, -1, 3, -4)
(4, -62, -42, 0, 3, -4)
(4, -62, -42, 0, 4, -4)
(5, -61, -43, -1, 5, -4)
(5, -62, -44, -1, 6, -4)
(4, -62, -43, -1, 7, -5)
(4, -62, -43, -1, 7, -6)
(5, -62, -44, -1, 7, -7)
(7, -61, -46, -2, 7, -8)
(9, -62, -50, -5, 10, -8)
(10, -65, -52, -5, 14, -8)
(11, -64, -53, -3, 17, -9)
(11, -63, -53, -3, 18, -11)
(13, -60, -55, -3, 16, -13)
(14, -59, -57, -3, 16, -14)
(15, -60, -58, -3, 14, -12)
(22, -58, -69, -3, 12, -8)
(28, -56, -80, -2, 20, -1)
(32, -56, -87, -4, 31, 4)
(30, -61, -88, -3, 41, 7)
(30, -62, -91, 3, 43, 9)
(30, -61, -104, 17, 37, 10)
(32, -60, -110, 28, 31, 14)
(34, -56, -109, 43, 27, 18)
(34, -54, -106, 58, 25, 24)
(31, -54, -103, 76, 20, 32)
(27, -55, -99, 96, 13, 39)
(24, -52, -94, 122, 2, 46)
(21, -48, -86, 127, -5, 53)
(21, -45, -77, 127, -9, 61)
(20, -38, -67, 127, -8, 63)
(18, -25, -60, 127, -7, 64)
(14, -10, -54, 127, -8, 72)
(10, 3, -45, 127, -5, 84)
(8, 16, -38, 127, -3, 94)
(7, 28, -32, 127, 0, 99)
(9, 45, -28, 127, 9, 103)
(7, 64, -23, 127, 18, 108)
(-10, 87, -4, 127, -3, 114)
(0, 81, 0, 127, -38, 114)
(0, 84, 5, 127, -27, 119)
(-1, 103, 14, 127, -30, 121)
(-2, 123, 27, 127, -40, 116)
(-11, 127, 49, 127, -45, 100)
(-22, 127, 78, 126, -56, 83)
(-39, 110, 125, 89, -86, 68)
(-44, 73, 127, 101, -119, 60)
(-25, 82, 127, 45, -83, 48)
(-6, 84, 127, -7, -31, 14)
(-11, 51, 127, -33, 105, -65)
(-48, 65, 127, -25, 109, -92)
(-52, 82, 127, -52, 60, -101)
(-38, 76, 125, -77, 19, -101)
(-22, 66, 116, -102, -9, -93)
(-2, 48, 113, -118, -23, -82)
(22, 20, 111, -116, 6, -56)
(18, 8, 109, -113, 32, -41)
(11, 0, 103, -114, 51, -29)
(1, -5, 97, -116, 63, -22)
(-8, -22, 89, -122, 59, -19)
(-16, -31, 81, -121, 52, -18)
(-17, -32, 71, -122, 41, -18)
(-12, -32, 60, -122, 31, -20)
(-9, -29, 50, -119, 30, -16)
(-9, -33, 42, -119, 33, -11)
(-8, -35, 33, -117, 36, -8)
BatchID:  11




(14, -60, -40, -2, 8, -1)
(15, -63, -41, -1, 9, 0)
(14, -65, -40, 1, 11, 0)
(13, -63, -39, 2, 10, 0)
(13, -61, -39, 1, 10, 0)
(12, -63, -37, 0, 11, 0)
(12, -61, -36, 0, 11, 0)
(12, -61, -37, -1, 12, 0)
(12, -61, -36, -1, 13, 0)
(13, -60, -36, -1, 12, 0)
(13, -60, -36, -1, 11, -1)
(13, -59, -35, -1, 10, -2)
(14, -60, -36, -1, 8, -2)
(14, -59, -36, -1, 8, -1)
(15, -59, -37, -3, 8, -1)
(18, -58, -42, -7, 9, 1)
(24, -57, -52, -13, 15, 7)
(34, -57, -60, -15, 23, 13)
(40, -59, -68, -9, 23, 11)
(43, -59, -81, -6, 17, 6)
(48, -61, -92, 0, 4, 2)
(53, -62, -97, 5, -5, 1)
(58, -57, -103, 14, -6, 8)
(62, -47, -116, 22, -1, 26)
(60, -47, -127, 28, 9, 47)
(52, -53, -127, 43, 20, 68)
(39, -57, -122, 71, 25, 80)
(30, -57, -113, 108, 19, 81)
(23, -51, -110, 127, 4, 77)
(19, -42, -102, 127, -13, 74)
(22, -38, -92, 127, -22, 75)
(22, -32, -80, 127, -24, 77)
(19, -17, -65, 127, -21, 82)
(10, 19, -48, 127, -12, 99)
(8, 41, -43, 127, -11, 106)
(8, 60, -39, 127, -7, 114)
(5, 127, 4, 127, -4, 119)
(-4, 102, -3, 127, -52, 119)
(2, 104, 8, 127, -63, 104)
(-3, 113, 22, 127, -52, 96)
(-6, 119, 37, 127, -67, 91)
(-3, 116, 50, 127, -72, 87)
(-7, 113, 76, 127, -71, 80)
(-18, 94, 111, 116, -88, 67)
(-32, 67, 127, 118, -110, 54)
(-23, 65, 127, 75, -123, 41)
(4, 64, 127, 26, -107, 20)
(27, 52, 120, -19, -57, 0)
(45, 36, 107, -43, 14, -15)
(47, 19, 94, -43, 103, -28)
(18, 11, 90, -22, 127, -38)
(-26, 13, 95, -1, 127, -42)
(-57, 24, 100, 0, 102, -39)
(-54, 32, 106, -16, 32, -36)
(-9, 28, 110, -48, -7, -41)
(4, 15, 110, -58, 16, -39)
(5, 10, 111, -54, 57, -36)
(-15, 16, 115, -51, 85, -32)
(-33, 25, 116, -60, 90, -30)
(-42, 27, 111, -80, 82, -33)
(-41, 22, 103, -104, 72, -37)
(-39, 10, 92, -118, 66, -40)
(-41, -1, 83, -122, 60, -37)
(-36, -6, 75, -120, 56, -33)
(-27, -8, 67, -117, 56, -31)
(-23, -10, 58, -116, 60, -31)
BatchID:  12




(1, -62, -43, -1, 7, -1)
(2, -63, -43, -1, 8, -2)
(2, -63, -43, 0, 8, -2)
(3, -62, -43, -1, 8, -3)
(3, -61, -45, -3, 10, -4)
(3, -62, -46, -5, 11, -4)
(4, -62, -47, -5, 12, -4)
(6, -62, -48, -6, 14, -4)
(5, -63, -48, -7, 16, -5)
(5, -62, -49, -7, 17, -6)
(6, -61, -48, -7, 18, -7)
(7, -58, -50, -8, 21, -6)
(7, -57, -51, -9, 24, -5)
(6, -59, -51, -10, 26, -3)
(6, -59, -50, -9, 28, -3)
(6, -59, -49, -7, 28, -4)
(7, -56, -48, -7, 28, -4)
(11, -52, -52, -10, 30, -2)
(17, -49, -58, -15, 35, 2)
(20, -50, -65, -17, 44, 12)
(24, -54, -77, -20, 51, 16)
(28, -60, -88, -12, 49, 18)
(31, -67, -96, 2, 43, 19)
(36, -67, -97, 24, 34, 18)
(42, -58, -95, 39, 28, 16)
(46, -52, -94, 44, 28, 17)
(43, -49, -97, 49, 29, 24)
(39, -52, -97, 50, 31, 35)
(31, -55, -94, 60, 30, 44)
(24, -57, -91, 72, 20, 48)
(17, -58, -86, 82, 9, 50)
(13, -57, -78, 96, -1, 53)
(12, -56, -73, 114, -8, 60)
(9, -50, -65, 127, -11, 65)
(5, -39, -55, 127, -12, 70)
(2, -28, -44, 127, -12, 74)
(-1, -16, -33, 127, -11, 74)
(-2, -2, -24, 127, -8, 76)
(-2, 9, -18, 127, -4, 78)
(-2, 19, -10, 127, 3, 78)
(-2, 27, -3, 127, 15, 82)
(-13, 51, 25, 127, 15, 94)
(-17, 29, 19, 127, -37, 110)
(-1, 29, 16, 127, -22, 122)
(-5, 45, 22, 127, 1, 127)
(-17, 67, 26, 127, -3, 121)
(-27, 86, 35, 127, -23, 103)
(-36, 93, 50, 127, -49, 85)
(-41, 77, 71, 127, -77, 73)
(-37, 56, 84, 121, -107, 66)
(-24, 46, 87, 110, -111, 62)
(-9, 39, 109, 99, -73, 40)
(-5, 45, 116, 80, -40, 22)
(-9, 41, 122, 51, -7, 7)
(-10, 32, 118, 27, 23, -1)
(-15, 24, 113, 15, 48, -8)
(-25, 22, 110, 11, 61, -12)
(-33, 22, 108, 5, 60, -16)
(-39, 16, 111, 2, 52, -21)
(-43, 20, 113, -3, 46, -28)
(-44, 25, 113, -17, 39, -35)
(-44, 24, 114, -29, 38, -40)
(-44, 25, 114, -40, 42, -44)
(-42, 25, 114, -49, 50, -48)
(-44, 23, 112, -60, 59, -52)
BatchID:  13




(3, -61, -42, -1, 5, -6)
(2, -61, -41, 0, 6, -6)
(3, -60, -42, -1, 6, -6)
(3, -60, -43, 0, 6, -7)
(4, -61, -43, -1, 6, -7)
(4, -61, -43, 0, 6, -7)
(4, -63, -42, 1, 6, -8)
(4, -61, -40, 1, 6, -8)
(5, -60, -40, -3, 7, -7)
(5, -61, -40, -4, 8, -6)
(5, -62, -40, -3, 9, -6)
(6, -62, -39, -2, 10, -5)
(6, -61, -40, -2, 10, -5)
(7, -60, -39, -2, 10, -5)
(8, -59, -39, -3, 11, -4)
(9, -58, -40, -3, 12, -2)
(9, -55, -41, -4, 12, -1)
(8, -56, -43, -5, 11, -1)
(8, -57, -43, -4, 10, -1)
(9, -57, -45, -3, 9, -1)
(10, -60, -45, -2, 10, -1)
(11, -58, -48, -4, 12, 0)
(13, -59, -52, -9, 15, 1)
(15, -62, -59, -14, 20, 4)
(16, -66, -68, -21, 25, 6)
(18, -67, -77, -21, 30, 5)
(25, -62, -89, -21, 30, 1)
(30, -63, -100, -25, 28, -4)
(35, -65, -106, -22, 30, -6)
(39, -61, -106, -13, 32, -3)
(42, -54, -109, -5, 37, 4)
(38, -52, -114, 0, 38, 16)
(36, -53, -118, 12, 41, 31)
(34, -52, -121, 32, 40, 42)
(31, -55, -119, 52, 35, 48)
(26, -56, -101, 114, 18, 47)
(23, -51, -97, 127, 1, 48)
(23, -45, -89, 127, -12, 55)
(22, -36, -76, 127, -11, 67)
(22, -20, -62, 127, -5, 78)
(19, 1, -54, 127, 0, 88)
(14, 21, -49, 127, 1, 98)
(9, 47, -38, 127, -6, 106)
(2, 60, -33, 127, -14, 114)
(-10, 110, 1, 127, -31, 118)
(-15, 88, 4, 127, -92, 112)
(-5, 83, 17, 127, -103, 90)
(-2, 84, 34, 127, -105, 73)
(9, 81, 40, 127, -120, 70)
(26, 80, 40, 127, -104, 77)
(34, 82, 51, 127, -69, 82)
(25, 84, 70, 127, -46, 78)
(7, 77, 93, 127, -43, 71)
(0, 52, 124, 127, -64, 62)
(10, 63, 117, 115, -31, 53)
(6, 66, 118, 71, 0, 36)
(6, 48, 118, 34, 33, 15)
(0, 34, 117, 15, 68, -7)
(-18, 28, 117, 11, 75, -21)
(-34, 27, 120, 5, 50, -24)
(-26, 23, 123, -4, 10, -22)
(-9, 19, 127, -6, -3, -22)
(0, 20, 127, -14, 2, -24)
(2, 23, 127, -26, 23, -27)
(-5, 25, 127, -36, 44, -30)
(-11, 27, 127, -52, 52, -34)
(-16, 30, 127, -65, 64, -36)
(-26, 31, 127, -80, 69, -37)
(-29, 36, 127, -96, 71, -42)
(-31, 35, 118, -113, 73, -48)
(-33, 29, 107, -127, 72, -54)
(-31, 25, 96, -127, 72, -57)
(-30, 15, 84, -127, 71, -57)
(-28, 6, 72, -127, 70, -57)
BatchID:  14



