
(-40, -10, -19, 2, 0, 0)
(-39, -10, -18, 1, -1, 0)
(-40, -10, -18, 2, 0, 1)
(-40, -9, -17, 1, 0, 0)
(-40, -10, -17, 1, 0, 0)
(-39, -10, -17, 0, 0, 0)
(-40, -10, -18, 1, 0, 0)
(-40, -9, -17, 0, 0, 0)
(-41, -9, -18, 0, 0, 0)
(-41, -8, -18, 0, 0, 0)
(-40, -9, -18, -1, 0, 0)
(-39, -9, -19, -1, 1, 0)
(-39, -10, -19, -1, 2, 0)
(-40, -11, -20, 0, 2, 0)
(-41, -11, -20, 0, 1, 0)
(-42, -11, -19, 1, 0, 0)
(-41, -12, -19, 1, 1, 0)
(-40, -14, -20, 1, 1, -1)
(-38, -16, -19, 0, 3, -2)
(-37, -21, -18, 0, 7, -3)
(-38, -25, -18, -1, 10, -4)
(-40, -31, -17, -3, 11, -6)
(-42, -36, -16, -4, 10, -7)
(-43, -42, -16, -5, 9, -8)
(-44, -50, -16, -5, 5, -11)
(-45, -57, -16, -2, 0, -15)
(-41, -63, -15, 2, -6, -17)
(-37, -66, -15, 8, -13, -16)
(-32, -67, -14, 15, -19, -13)
(-24, -65, -12, 20, -23, -3)
(-18, -65, -10, 25, -22, -2)
(-15, -61, -6, 30, -15, 4)
(-16, -52, -5, 35, -3, 4)
(-19, -47, -3, 30, 4, 5)
(-22, -46, -2, 25, 1, 15)
(-26, -43, 0, 25, -12, 29)
(-22, -32, 2, 25, -27, 40)
(-15, -14, 6, 23, -27, 45)
(-12, 8, 9, 12, -15, 40)
(-15, 23, 8, -5, -4, 39)
(-20, 33, 5, -23, -5, 52)
(-24, 46, 1, -27, -17, 79)
(-18, 62, -4, -31, -28, 109)
(-17, 82, -11, -30, -27, 127)
(-27, 108, -19, -22, -14, 127)
(-47, 127, -28, -22, 0, 127)
(-75, 127, -35, -52, 13, 123)
(-84, 127, -45, -102, 27, 65)
(-85, 78, -68, -124, 55, 9)
(-112, 16, -104, -104, 78, -36)
(-127, -32, -111, -50, 64, -79)
(-90, -33, -78, 22, 29, -78)
(-62, -1, -50, 86, -27, -25)
(-35, 43, -30, 107, -65, -8)
(-9, 71, -10, 83, -70, -20)
(4, 73, 6, 49, -39, -37)
(-5, 62, 8, 39, 1, -49)
(-20, 59, 1, 36, 35, -62)
(-32, 54, -9, 25, 50, -76)
(-43, 42, -21, 17, 44, -79)
(-45, 28, -28, 19, 22, -70)
(-39, 23, -29, 36, 0, -53)
(-27, 27, -27, 45, -6, -42)
(-21, 30, -19, 45, 0, -37)
(-23, 27, -13, 40, 11, -38)
(-28, 23, -10, 34, 15, -38)
(-33, 18, -12, 25, 15, -35)
(-36, 13, -16, 14, 8, -29)
(-38, 6, -19, 8, 2, -21)
(-37, 2, -18, 9, -1, -15)
(-30, 0, -16, 9, -1, -14)
BatchID:  2




(-38, -12, -23, 0, 0, 0)
(-36, -12, -23, 0, 0, 0)
(-36, -12, -24, 0, 1, 0)
(-37, -12, -23, 0, 1, 1)
(-37, -12, -23, 0, 0, 1)
(-38, -12, -24, 0, 0, 2)
(-38, -12, -24, 1, 0, 1)
(-38, -12, -24, 1, 0, 0)
(-38, -12, -24, 1, 0, 0)
(-37, -13, -24, 1, 0, 0)
(-36, -13, -23, 2, 0, 1)
(-35, -13, -22, 2, 0, 2)
(-36, -13, -22, 3, 0, 3)
(-37, -13, -22, 4, -1, 4)
(-42, -12, -21, 4, -2, 4)
(-42, -13, -22, 3, -3, 2)
(-42, -15, -22, 2, -3, 0)
(-40, -20, -20, 0, -3, -1)
(-38, -30, -18, -2, -1, -3)
(-37, -44, -17, -4, 4, -6)
(-42, -60, -18, -4, 6, -8)
(-49, -74, -21, 0, 4, -7)
(-53, -86, -21, 5, -6, -8)
(-52, -94, -19, 18, -22, 0)
(-44, -92, -15, 31, -41, 6)
(-34, -84, -10, 43, -54, 13)
(-27, -73, -3, 49, -61, 15)
(-20, -60, 2, 49, -56, 10)
(-17, -45, 9, 44, -42, -3)
(-13, -33, 15, 29, -23, -21)
(-5, -34, 15, 9, -4, -25)
(-5, -38, 13, 0, 7, -13)
(-6, -38, 13, -4, 9, 11)
(-8, -26, 10, -3, 8, 41)
(-24, -1, 10, 0, 6, 60)
(-33, 29, 5, -4, -2, 64)
(-30, 58, 3, -28, -18, 69)
(-19, 76, -2, -60, -30, 86)
(-10, 84, -14, -71, -26, 108)
(-8, 99, -24, -66, -9, 127)
(-17, 119, -37, -45, 18, 127)
(-45, 127, -56, -41, 53, 127)
(-89, 127, -71, -77, 70, 84)
(-110, 106, -84, -125, 66, 14)
(-126, 29, -115, -120, 73, -41)
(-127, -30, -120, -75, 68, -88)
(-80, -41, -78, 3, 46, -101)
(-55, -16, -47, 72, -2, -41)
(-40, 30, -30, 105, -44, -10)
(-20, 62, -11, 88, -69, -12)
(-4, 72, 7, 54, -64, -19)
(-4, 66, 11, 40, -38, -31)
(-7, 64, 6, 29, -5, -50)
(-10, 54, -2, 16, 22, -64)
(-15, 39, -12, 11, 37, -67)
(-23, 24, -21, 16, 38, -60)
(-32, 17, -24, 29, 30, -46)
(-36, 24, -25, 43, 18, -33)
(-36, 34, -22, 41, 11, -30)
(-34, 36, -19, 32, 7, -34)
(-32, 28, -20, 26, 10, -40)
(-30, 17, -19, 24, 12, -40)
(-33, 9, -20, 26, 13, -33)
(-36, 8, -21, 27, 11, -28)
(-34, 7, -19, 22, 5, -22)
(-31, 6, -17, 18, 1, -14)
(-25, 8, -16, 11, 2, -10)
(-24, 5, -17, 0, 8, -9)
(-23, -4, -18, -7, 15, -9)
BatchID:  3




(-36, -12, -20, 1, -4, 0)
(-35, -12, -19, 1, -2, 0)
(-35, -13, -19, 1, 0, 0)
(-38, -12, -19, 2, 0, 0)
(-38, -12, -19, 2, 0, 0)
(-40, -12, -19, 1, -2, 1)
(-40, -12, -20, 1, -4, 1)
(-38, -13, -20, 1, -6, 1)
(-36, -14, -19, 2, -4, 2)
(-37, -14, -20, 4, 0, 3)
(-40, -13, -18, 5, 2, 2)
(-43, -11, -19, 4, 2, 1)
(-43, -11, -19, 3, 0, 0)
(-42, -13, -19, 3, 0, 0)
(-43, -12, -19, 5, 0, 0)
(-44, -10, -19, 4, 0, -1)
(-43, -11, -18, 3, 0, -1)
(-41, -12, -18, 3, 0, -1)
(-41, -12, -19, 3, 0, -1)
(-40, -14, -17, 2, 1, -2)
(-38, -17, -17, 0, 3, -3)
(-36, -23, -16, -4, 7, -5)
(-37, -34, -16, -8, 13, -8)
(-43, -48, -16, -9, 16, -10)
(-51, -61, -17, -9, 14, -14)
(-58, -72, -17, -9, 5, -17)
(-64, -85, -16, -9, -10, -14)
(-52, -91, -16, -3, -24, -12)
(-36, -93, -12, 9, -28, -11)
(-20, -88, -6, 20, -22, -9)
(-6, -78, 0, 28, -7, -2)
(-9, -61, 3, 35, 13, -2)
(-17, -41, 1, 29, 24, -12)
(-24, -35, 2, 16, 23, -22)
(-30, -28, 0, 12, 11, -20)
(-24, -19, -5, 5, -7, -9)
(-13, -15, -10, 0, -19, 9)
(0, -14, -13, 2, -22, 36)
(3, -1, -8, 10, -15, 66)
(-19, 21, -4, 26, -4, 72)
(-41, 63, -2, 25, -5, 60)
(-43, 95, -1, -22, -24, 47)
(-21, 91, -6, -84, -37, 44)
(-8, 69, -11, -105, -33, 75)
(-1, 71, -22, -81, -10, 111)
(-21, 96, -34, -55, 24, 117)
(-51, 122, -52, -53, 59, 94)
(-91, 118, -69, -95, 60, 55)
(-113, 51, -93, -119, 50, 12)
(-127, -8, -116, -90, 35, -21)
(-127, -53, -120, -24, 10, -48)
(-84, -37, -71, 55, -14, -42)
(-55, 15, -40, 97, -45, -12)
(-30, 53, -18, 86, -59, -16)
(-10, 67, 3, 53, -49, -35)
(-4, 53, 10, 31, -22, -43)
(-11, 41, 6, 30, 4, -47)
(-21, 40, -5, 30, 22, -50)
(-27, 36, -14, 23, 27, -53)
(-34, 26, -23, 24, 24, -51)
(-33, 23, -26, 31, 17, -43)
(-33, 25, -26, 36, 9, -38)
(-30, 26, -23, 35, 4, -34)
(-27, 24, -21, 34, 6, -32)
(-28, 20, -20, 34, 14, -34)
(-32, 19, -22, 35, 20, -32)
(-36, 19, -25, 31, 21, -31)
(-38, 13, -26, 26, 16, -29)
(-37, 10, -24, 23, 9, -23)
(-31, 7, -23, 20, 2, -16)
(-22, 4, -18, 17, 4, -12)
(-20, 2, -16, 14, 12, -10)
BatchID:  4




(-40, -15, -25, 1, -1, -1)
(-35, -17, -24, 1, -2, -2)
(-29, -18, -23, 1, 0, -3)
(-22, -19, -20, 1, 10, -2)
(-24, -18, -18, 2, 21, -2)
(-32, -16, -20, 1, 26, -2)
(-41, -18, -24, -1, 21, -3)
(-47, -20, -28, -1, 9, -2)
(-46, -22, -29, -1, -4, -1)
(-41, -22, -30, 0, -12, 0)
(-35, -22, -28, 3, -11, -2)
(-32, -21, -26, 5, -4, -3)
(-30, -20, -24, 6, 5, -4)
(-34, -21, -24, 6, 12, -5)
(-39, -22, -24, 6, 14, -5)
(-45, -25, -23, 5, 8, -6)
(-46, -31, -23, 3, -2, -7)
(-42, -40, -21, 3, -11, -8)
(-39, -47, -17, 6, -16, -8)
(-36, -53, -13, 9, -17, -9)
(-34, -57, -9, 12, -17, -10)
(-30, -61, -5, 11, -15, -10)
(-26, -66, -3, 9, -13, -9)
(-25, -70, -2, 11, -9, -7)
(-17, -70, -3, 10, -5, -7)
(-8, -69, -2, 12, 5, -1)
(0, -70, 0, 13, 21, 1)
(0, -68, -1, 16, 38, 10)
(-24, -58, -2, 24, 46, 14)
(-43, -36, -5, 25, 33, 3)
(-40, -24, -4, 7, 4, -2)
(-25, -24, -2, -3, -17, 6)
(-6, -14, 0, -6, -25, 29)
(1, 2, 0, -9, -13, 49)
(-4, 30, -8, -13, 9, 60)
(-28, 53, -18, -19, 24, 58)
(-52, 74, -30, -42, 9, 58)
(-66, 80, -41, -70, -26, 68)
(-63, 80, -45, -78, -56, 84)
(-46, 82, -45, -76, -63, 96)
(-37, 85, -43, -71, -43, 89)
(-38, 82, -44, -74, -12, 67)
(-46, 63, -47, -81, 14, 43)
(-56, 38, -53, -72, 34, 28)
(-66, 23, -60, -54, 42, 15)
(-77, 11, -68, -36, 38, 0)
(-76, -2, -68, -18, 22, -13)
(-66, -13, -54, 5, 2, -11)
(-47, -3, -31, 42, -15, 0)
(-29, 25, -11, 52, -26, 6)
(-13, 41, 0, 42, -27, 3)
(-4, 47, 6, 25, -16, -3)
(-7, 46, 0, 12, -1, -9)
(-16, 36, -13, 2, 7, -16)
(-28, 23, -28, 2, 13, -19)
(-38, 14, -38, 12, 15, -21)
(-44, 11, -41, 29, 15, -21)
(-46, 23, -41, 42, 15, -23)
(-42, 34, -38, 43, 16, -31)
(-38, 35, -34, 39, 18, -38)
(-38, 30, -33, 35, 17, -38)
(-40, 26, -35, 36, 10, -31)
(-42, 23, -39, 36, 2, -26)
(-41, 25, -43, 38, 0, -24)
(-39, 26, -45, 38, 2, -25)
(-39, 26, -44, 38, 8, -27)
(-44, 24, -43, 36, 10, -27)
(-46, 23, -41, 30, 3, -26)
(-41, 21, -41, 20, -4, -25)
(-32, 10, -39, 8, -5, -23)
(-29, -5, -35, 7, 1, -23)
(-28, -13, -27, 16, 9, -20)
BatchID:  5




(-36, -16, -25, 4, 0, -1)
(-35, -15, -23, 4, -1, -1)
(-34, -14, -23, 5, 0, -2)
(-34, -14, -23, 4, 1, -2)
(-35, -16, -24, 3, 2, -2)
(-36, -17, -25, 5, 4, -1)
(-38, -16, -24, 6, 3, 0)
(-39, -14, -23, 6, 1, 0)
(-39, -14, -23, 6, -2, 0)
(-37, -14, -23, 5, -3, 0)
(-36, -14, -24, 4, -2, 0)
(-36, -15, -23, 4, 0, -2)
(-37, -15, -23, 4, 1, -2)
(-38, -15, -23, 4, 1, -2)
(-37, -16, -24, 4, 0, -2)
(-37, -18, -24, 4, 0, -1)
(-38, -19, -23, 5, 0, -2)
(-38, -20, -22, 5, -1, -2)
(-37, -24, -18, 3, 0, -4)
(-34, -31, -18, 0, 2, -6)
(-38, -40, -17, -1, 6, -8)
(-45, -50, -16, 0, 6, -10)
(-53, -59, -15, 2, 1, -13)
(-52, -65, -15, 5, -7, -16)
(-47, -71, -13, 6, -18, -18)
(-34, -73, -11, 8, -27, -15)
(-29, -81, -6, 12, -30, -10)
(-18, -78, -4, 20, -25, -4)
(-11, -69, -1, 26, -13, -1)
(-11, -59, 1, 27, 1, -3)
(-14, -48, 2, 24, 12, -11)
(-10, -37, 5, 10, 19, -17)
(-9, -35, 3, -2, 20, -13)
(-10, -31, 0, -9, 15, 0)
(-9, -24, -6, -12, 5, 20)
(-9, -17, -10, -12, -1, 41)
(-20, 0, -9, -4, -1, 54)
(-34, 29, -8, 0, -6, 48)
(-33, 55, -6, -28, -26, 49)
(-24, 64, -9, -66, -47, 63)
(-17, 64, -15, -81, -56, 87)
(-6, 70, -22, -72, -46, 112)
(-12, 92, -28, -54, -14, 127)
(-36, 119, -39, -49, 21, 125)
(-70, 127, -52, -72, 42, 96)
(-95, 105, -64, -104, 49, 47)
(-108, 49, -88, -108, 63, -6)
(-119, -8, -108, -87, 59, -52)
(-87, -45, -98, -32, 51, -75)
(-56, -40, -70, 39, 27, -47)
(-45, 3, -50, 91, -1, -14)
(-39, 40, -33, 88, -30, -13)
(-29, 52, -19, 70, -40, -19)
(-19, 54, -10, 60, -32, -25)
(-14, 54, -7, 52, -10, -36)
(-11, 51, -9, 39, 14, -48)
(-19, 40, -16, 32, 35, -52)
(-29, 32, -24, 33, 43, -50)
(-44, 29, -31, 35, 37, -45)
(-48, 26, -32, 36, 23, -42)
(-44, 23, -31, 33, 10, -40)
(-35, 16, -29, 29, 5, -39)
(-32, 10, -28, 27, 3, -35)
(-31, 8, -30, 29, 3, -30)
(-29, 7, -31, 27, 1, -25)
(-23, 5, -29, 25, 0, -21)
(-19, 2, -27, 23, 0, -16)
(-16, 0, -25, 19, 5, -9)
(-19, -3, -23, 14, 11, -6)
(-27, -6, -22, 9, 14, -3)
(-34, -11, -20, 4, 12, -3)
BatchID:  6




(-38, -18, -23, 9, -2, -4)
(-39, -18, -22, 10, 0, -5)
(-37, -18, -20, 10, 0, -5)
(-34, -19, -20, 10, 1, -4)
(-32, -20, -19, 9, 3, -4)
(-31, -22, -17, 9, 5, -3)
(-33, -21, -15, 9, 5, -4)
(-36, -21, -14, 7, 0, -7)
(-35, -19, -13, 3, -5, -5)
(-36, -18, -14, 0, -7, -1)
(-33, -18, -16, -2, -6, -2)
(-32, -19, -16, -5, -1, -3)
(-31, -23, -17, -6, 3, -4)
(-33, -31, -17, -4, 6, -3)
(-35, -39, -17, 0, 7, -1)
(-43, -40, -15, 10, 5, 3)
(-48, -37, -12, 12, -1, 1)
(-47, -39, -9, 8, -7, -2)
(-42, -46, -6, 3, -12, -4)
(-34, -52, -6, 2, -10, -4)
(-28, -56, -6, 1, -4, -3)
(-26, -59, -8, 1, 4, -2)
(-23, -63, -8, 3, 12, 1)
(-23, -67, -8, 6, 18, 8)
(-25, -58, -7, 15, 20, 15)
(-28, -47, -6, 14, 16, 19)
(-35, -35, -4, 12, 7, 17)
(-38, -24, 0, 8, -4, 15)
(-30, -8, 3, -2, -18, 17)
(-15, 8, 5, -16, -22, 30)
(-10, 22, 0, -32, -21, 47)
(-18, 37, -6, -37, -20, 60)
(-25, 62, -12, -43, -24, 82)
(-40, 90, -20, -44, -24, 90)
(-47, 124, -33, -66, -21, 86)
(-53, 127, -48, -109, -13, 62)
(-48, 87, -62, -127, 2, 39)
(-43, 46, -71, -107, 24, 30)
(-44, 26, -81, -77, 50, 19)
(-59, 8, -93, -55, 67, -2)
(-83, -12, -96, -25, 63, -24)
(-80, -20, -80, 18, 32, -31)
(-59, -2, -57, 60, 2, -20)
(-34, 28, -36, 71, -22, -15)
(-21, 38, -22, 64, -32, -17)
(-18, 42, -11, 65, -28, -15)
(-20, 49, -9, 64, -15, -15)
(-22, 54, -11, 52, 5, -29)
(-25, 45, -17, 39, 26, -42)
(-32, 31, -26, 37, 40, -44)
(-40, 21, -32, 44, 41, -39)
(-46, 19, -34, 52, 29, -31)
(-46, 20, -31, 55, 12, -23)
(-41, 23, -26, 53, 0, -17)
(-32, 23, -23, 46, -3, -14)
(-28, 19, -21, 36, 1, -14)
(-25, 5, -21, 27, 6, -16)
(-27, -5, -20, 23, 10, -13)
(-35, -14, -18, 23, 10, -7)
(-42, -18, -15, 29, 4, 1)
(-43, -6, -13, 30, 0, 4)
(-36, 2, -12, 14, 1, 0)
(-20, 0, -12, -2, 12, -6)
(-14, -8, -18, -14, 31, -7)
(-18, -19, -22, -16, 48, -7)
(-24, -23, -25, -9, 55, -3)
(-25, -17, -25, -5, 56, -2)
(-27, -8, -28, -14, 49, 0)
(-31, -7, -34, -27, 41, 2)
(-32, -15, -39, -37, 33, 2)
(-32, -27, -41, -36, 29, 3)
BatchID:  7




(-34, -15, -23, 3, 0, 0)
(-36, -13, -22, 3, 1, 0)
(-36, -13, -23, 1, 2, -1)
(-37, -14, -23, 1, 2, 0)
(-38, -12, -24, 2, 3, 0)
(-38, -13, -25, 1, 2, -1)
(-38, -14, -25, 2, 0, 0)
(-38, -14, -24, 3, 0, 0)
(-37, -15, -24, 4, -1, 1)
(-36, -14, -23, 4, -1, 1)
(-36, -14, -23, 3, 0, 1)
(-36, -14, -23, 3, 0, 1)
(-36, -16, -22, 2, 1, 1)
(-37, -17, -22, 2, 2, 1)
(-37, -18, -22, 1, 3, 0)
(-36, -22, -21, 0, 4, 0)
(-35, -28, -19, -1, 4, 0)
(-39, -37, -19, -1, 4, 0)
(-44, -45, -15, 0, -1, 0)
(-47, -51, -13, 2, -9, 0)
(-45, -58, -9, 1, -16, -2)
(-39, -64, -6, 2, -21, -5)
(-34, -65, -3, 7, -22, -9)
(-26, -63, 0, 8, -21, -10)
(-21, -62, 2, 8, -17, -9)
(-18, -63, 2, 5, -12, -7)
(-11, -62, 2, 1, -7, -1)
(-6, -63, 2, 0, 0, 7)
(-11, -62, 2, 8, 12, 8)
(-21, -50, 1, 9, 16, 7)
(-25, -47, 0, 2, 8, 5)
(-28, -47, 0, 2, -7, 10)
(-12, -40, 3, 0, -19, 24)
(-5, -22, 9, 3, -16, 40)
(-11, 12, 9, 1, -8, 49)
(-17, 50, 3, -14, -9, 59)
(-15, 83, -8, -46, -14, 80)
(-15, 106, -28, -79, -12, 99)
(-26, 112, -48, -95, -1, 115)
(-41, 118, -62, -85, 14, 126)
(-68, 127, -76, -73, 32, 119)
(-94, 117, -88, -86, 43, 82)
(-110, 69, -102, -98, 53, 27)
(-127, 9, -126, -82, 58, -29)
(-115, -40, -121, -28, 48, -73)
(-74, -34, -74, 47, 23, -61)
(-53, 7, -53, 101, -13, -18)
(-43, 48, -36, 98, -47, -19)
(-25, 58, -18, 76, -56, -32)
(-9, 57, -5, 70, -43, -36)
(-2, 61, 0, 64, -15, -44)
(-7, 57, -1, 50, 11, -53)
(-14, 48, -6, 40, 30, -58)
(-25, 38, -14, 36, 37, -57)
(-33, 32, -20, 35, 31, -50)
(-37, 29, -24, 35, 19, -43)
(-35, 26, -24, 35, 7, -35)
(-32, 25, -23, 34, 0, -31)
(-26, 21, -20, 28, -3, -30)
(-24, 13, -19, 21, -2, -27)
(-23, 8, -20, 18, -1, -21)
(-24, 4, -22, 16, 0, -17)
(-25, 1, -23, 12, 2, -12)
(-28, -1, -23, 9, 7, -11)
(-29, -6, -23, 5, 9, -10)
(-33, -10, -21, 4, 9, -9)
(-31, -14, -20, 2, 6, -4)
(-32, -15, -20, 1, 5, 3)
(-30, -13, -21, -2, 4, 6)
(-28, -13, -22, -10, 5, 8)
BatchID:  8




(-29, -21, -21, 4, 0, -1)
(-26, -25, -20, 3, 3, 0)
(-25, -27, -20, 2, 9, 0)
(-28, -28, -22, 1, 14, 0)
(-32, -29, -25, 1, 15, -2)
(-40, -31, -25, 0, 12, -6)
(-44, -32, -25, 1, 6, -10)
(-44, -35, -23, 1, -4, -13)
(-39, -38, -23, 4, -11, -13)
(-34, -38, -21, 6, -16, -12)
(-30, -38, -18, 8, -16, -11)
(-27, -39, -15, 8, -14, -10)
(-27, -39, -13, 9, -11, -9)
(-29, -38, -11, 9, -7, -11)
(-29, -40, -9, 6, -5, -13)
(-24, -43, -8, 5, -4, -11)
(-19, -47, -8, 3, 0, -6)
(-17, -53, -7, 3, 5, 0)
(-18, -57, -6, 6, 11, 8)
(-19, -57, -5, 10, 17, 15)
(-28, -53, -3, 15, 20, 15)
(-31, -50, -1, 9, 19, 10)
(-34, -53, 0, 3, 13, 7)
(-34, -53, 2, -2, 1, 7)
(-24, -51, 4, -8, -14, 16)
(-4, -42, 6, -12, -18, 35)
(-5, -23, 6, -14, -9, 51)
(-12, 3, 4, -19, -6, 57)
(-24, 30, 3, -29, -11, 64)
(-19, 60, 0, -44, -25, 84)
(-13, 83, -10, -61, -28, 108)
(-13, 104, -27, -75, -19, 127)
(-27, 118, -49, -75, 0, 127)
(-61, 127, -66, -75, 17, 126)
(-102, 120, -82, -83, 20, 93)
(-108, 85, -97, -104, 24, 35)
(-123, 17, -127, -97, 50, -37)
(-103, -61, -127, -42, 71, -113)
(-53, -54, -75, 39, 57, -89)
(-47, -16, -53, 115, 17, -14)
(-51, 55, -33, 113, -40, -3)
(-29, 66, -17, 66, -75, -17)
(-17, 48, -3, 53, -84, -17)
(0, 45, 5, 51, -64, -19)
(8, 47, 6, 41, -26, -28)
(-2, 36, 0, 25, 12, -39)
(-20, 21, -9, 22, 34, -41)
(-37, 14, -17, 29, 37, -36)
(-45, 15, -22, 33, 29, -31)
(-46, 20, -24, 30, 18, -30)
(-41, 16, -24, 24, 10, -32)
(-33, 10, -26, 22, 6, -29)
(-28, 4, -29, 19, 6, -27)
(-31, -3, -31, 17, 7, -22)
(-39, -4, -33, 23, 5, -15)
(-45, 2, -35, 27, 1, -10)
(-46, 9, -34, 25, -3, -12)
(-41, 11, -31, 20, -4, -15)
(-38, 9, -29, 16, -1, -19)
(-29, 4, -27, 12, 4, -23)
(-24, -3, -23, 8, 12, -23)
(-25, -7, -22, 10, 20, -16)
(-34, -6, -21, 8, 24, -13)
(-39, -4, -21, 2, 23, -10)
(-42, -7, -21, -8, 17, -14)
(-37, -14, -21, -13, 10, -14)
(-32, -19, -21, -18, 7, -12)
(-32, -31, -21, -21, 3, -10)
(-33, -38, -20, -13, 2, 0)
(-33, -34, -18, -6, 2, 6)
(-30, -30, -19, -12, 5, 10)
BatchID:  9




(-38, -20, -24, 9, -6, 3)
(-39, -19, -23, 11, -7, 3)
(-39, -18, -22, 10, -8, 1)
(-37, -21, -21, 10, -8, 1)
(-36, -22, -20, 11, -8, 2)
(-37, -22, -19, 12, -6, 2)
(-36, -20, -18, 12, -4, 2)
(-35, -21, -16, 11, -3, 2)
(-35, -20, -16, 11, 0, 2)
(-38, -20, -16, 10, 2, 1)
(-39, -21, -17, 8, 3, -1)
(-42, -22, -18, 8, 1, 0)
(-43, -23, -19, 9, 0, -1)
(-42, -24, -19, 9, -1, -3)
(-40, -26, -20, 9, -2, -3)
(-40, -27, -19, 8, -3, -3)
(-42, -32, -16, 6, -8, -2)
(-44, -37, -13, 5, -15, -1)
(-44, -45, -9, 1, -25, 1)
(-39, -54, -5, 0, -36, 5)
(-31, -63, -1, 3, -42, 11)
(-27, -68, 5, 13, -40, 10)
(-21, -64, 12, 21, -31, 7)
(-17, -58, 18, 21, -21, 2)
(-17, -54, 23, 13, -15, 0)
(-16, -50, 26, 4, -15, -1)
(-10, -45, 27, -11, -19, 0)
(0, -46, 24, -24, -15, 6)
(9, -44, 20, -33, -6, 20)
(17, -45, 11, -34, 17, 36)
(6, -34, 3, -24, 37, 52)
(-10, -16, 0, -12, 48, 65)
(-34, 14, -6, 2, 46, 66)
(-37, 50, -8, -4, 35, 57)
(-32, 76, -12, -28, 26, 54)
(-26, 90, -18, -63, 17, 56)
(-19, 95, -28, -84, 10, 81)
(-22, 100, -40, -85, 12, 114)
(-39, 109, -53, -69, 24, 127)
(-68, 124, -66, -63, 36, 118)
(-101, 112, -77, -86, 37, 78)
(-124, 62, -90, -102, 40, 26)
(-127, 10, -114, -85, 46, -21)
(-114, -38, -98, -33, 53, -73)
(-68, -29, -64, 37, 28, -71)
(-51, -5, -45, 83, -10, -21)
(-38, 34, -28, 91, -45, -8)
(-26, 49, -13, 73, -59, -13)
(-15, 50, -1, 58, -53, -15)
(-10, 51, 4, 45, -32, -22)
(-14, 48, 0, 31, -7, -33)
(-21, 42, -5, 22, 12, -42)
(-28, 35, -12, 19, 21, -44)
(-34, 28, -20, 20, 23, -43)
(-39, 25, -26, 22, 20, -42)
(-40, 22, -31, 24, 15, -40)
(-40, 18, -34, 29, 12, -37)
(-40, 20, -32, 39, 11, -34)
(-38, 26, -30, 41, 11, -35)
(-33, 23, -30, 34, 13, -38)
(-34, 16, -29, 30, 11, -34)
(-33, 11, -28, 29, 7, -28)
(-33, 7, -25, 29, 2, -20)
(-33, 7, -22, 27, 0, -13)
(-32, 5, -20, 24, 0, -12)
(-30, 3, -17, 19, 4, -13)
(-28, -3, -14, 13, 10, -15)
(-24, -8, -13, 7, 14, -11)
(-24, -12, -12, 4, 16, -3)
(-21, -11, -16, -1, 18, 2)
(-22, -12, -18, -11, 20, 4)
BatchID:  10




(-37, -14, -22, 1, 2, 0)
(-38, -14, -22, 1, 3, 0)
(-38, -13, -22, 1, 2, 0)
(-37, -14, -22, 0, 1, 0)
(-38, -15, -23, 1, 1, 0)
(-38, -14, -22, 0, 1, 0)
(-38, -14, -22, 1, 2, -1)
(-38, -15, -23, 1, 3, -2)
(-37, -15, -23, 0, 3, -3)
(-37, -18, -23, 0, 5, -3)
(-38, -16, -23, 1, 5, -2)
(-41, -14, -24, 2, 3, -2)
(-39, -15, -23, 1, 0, -3)
(-36, -17, -21, 1, -2, -3)
(-32, -18, -20, 1, -2, -2)
(-30, -21, -19, 0, 0, -1)
(-29, -27, -16, -1, 2, 0)
(-32, -36, -14, -1, 5, 0)
(-37, -45, -10, 1, 4, 2)
(-40, -51, -4, 2, 0, 1)
(-41, -57, 0, 1, -3, -3)
(-42, -62, 2, -1, -9, -9)
(-38, -67, 5, -3, -14, -13)
(-32, -76, 8, -5, -16, -15)
(-18, -78, 8, -1, -9, -11)
(-14, -73, 6, 1, 4, -5)
(-20, -62, 1, 1, 16, -3)
(-29, -50, -7, -2, 18, -6)
(-31, -45, -15, -10, 10, -3)
(-25, -43, -19, -9, 1, 6)
(-11, -33, -20, -4, -1, 24)
(-4, -20, -19, -2, 1, 39)
(-5, -2, -16, -2, 8, 51)
(-11, 15, -14, -9, 8, 54)
(-16, 29, -14, -23, -1, 55)
(-12, 44, -14, -40, -17, 65)
(-1, 60, -15, -53, -26, 88)
(6, 83, -18, -52, -16, 119)
(1, 113, -29, -51, 4, 127)
(-19, 127, -45, -57, 28, 127)
(-57, 127, -68, -79, 47, 118)
(-95, 123, -88, -113, 50, 69)
(-123, 57, -123, -127, 59, 14)
(-127, -24, -127, -102, 56, -38)
(-99, -64, -119, 9, 56, -115)
(-45, -23, -62, 82, 17, -68)
(-25, 19, -29, 113, -22, -5)
(-11, 54, -7, 91, -62, 6)
(0, 58, 9, 53, -76, 10)
(3, 47, 17, 33, -65, 9)
(-1, 44, 16, 23, -39, 0)
(-6, 39, 10, 7, -12, -12)
(-17, 32, -1, 0, 11, -19)
(-32, 25, -15, -1, 21, -24)
(-41, 20, -26, 1, 19, -26)
(-44, 18, -33, 6, 11, -26)
(-42, 17, -37, 10, 5, -25)
(-40, 15, -38, 15, 2, -26)
(-41, 16, -40, 23, 3, -27)
(-44, 20, -42, 29, 5, -27)
(-46, 21, -44, 33, 9, -31)
(-48, 23, -44, 37, 10, -35)
(-47, 26, -42, 42, 9, -34)
(-45, 31, -41, 43, 4, -33)
(-41, 31, -38, 38, 0, -32)
(-36, 28, -35, 32, 0, -32)
(-34, 20, -34, 26, 0, -31)
(-31, 12, -32, 22, -2, -27)
(-34, 5, -29, 21, -2, -22)
BatchID:  11




(-39, -14, -23, 3, 0, -2)
(-38, -14, -24, 4, 0, -1)
(-37, -14, -23, 2, 0, -2)
(-37, -16, -22, 2, 0, -2)
(-37, -15, -23, 3, -1, -2)
(-36, -14, -22, 3, -1, -2)
(-35, -14, -22, 1, -1, -2)
(-35, -14, -24, 2, -1, -1)
(-36, -14, -25, 3, 0, -1)
(-37, -15, -25, 3, 1, -1)
(-39, -13, -25, 5, 0, 0)
(-39, -12, -25, 4, -2, 0)
(-38, -12, -25, 4, -2, 0)
(-36, -12, -23, 5, -1, 0)
(-35, -14, -22, 4, 0, 0)
(-36, -17, -21, 4, 1, 0)
(-38, -19, -18, 6, 0, 1)
(-39, -23, -15, 4, 0, 0)
(-40, -29, -11, 1, -3, 0)
(-37, -36, -10, 0, -5, -2)
(-35, -45, -8, -1, -6, -4)
(-34, -54, -6, -1, -6, -4)
(-33, -60, -6, 1, -6, -1)
(-30, -64, -5, 6, -3, 6)
(-28, -64, -7, 10, 0, 10)
(-33, -58, -8, 18, 4, 13)
(-37, -53, -9, 19, 7, 9)
(-43, -48, -12, 20, 6, 1)
(-43, -43, -12, 16, -3, -4)
(-38, -43, -13, 12, -13, -2)
(-29, -44, -13, 12, -21, 5)
(-21, -36, -11, 17, -21, 16)
(-18, -23, -8, 16, -19, 23)
(-24, -11, -6, 12, -21, 29)
(-27, 0, -2, 5, -29, 36)
(-21, 11, 4, -3, -37, 44)
(-4, 27, 12, -17, -34, 59)
(10, 45, 15, -29, -15, 80)
(10, 66, 6, -41, 15, 96)
(-5, 86, -8, -54, 42, 102)
(-25, 103, -24, -65, 54, 100)
(-43, 118, -41, -79, 54, 98)
(-59, 124, -61, -97, 48, 87)
(-68, 106, -82, -117, 41, 60)
(-76, 56, -105, -122, 43, 31)
(-127, 4, -127, -99, 36, -1)
(-127, -47, -127, -38, 23, -41)
(-74, -39, -91, 50, 6, -64)
(-35, 6, -44, 95, -19, -20)
(-16, 45, -17, 92, -38, 0)
(-7, 63, 0, 65, -40, -12)
(-9, 57, 9, 45, -30, -16)
(-10, 50, 9, 35, -9, -20)
(-18, 49, 1, 23, 10, -33)
(-24, 42, -10, 7, 24, -45)
(-30, 27, -23, 4, 30, -50)
(-35, 19, -32, 11, 28, -46)
(-38, 19, -39, 21, 24, -40)
(-37, 22, -41, 27, 18, -40)
(-32, 19, -39, 30, 16, -42)
(-32, 19, -37, 38, 19, -40)
(-34, 24, -37, 42, 19, -38)
(-37, 29, -39, 40, 17, -37)
(-34, 27, -39, 34, 12, -37)
(-30, 21, -38, 31, 8, -31)
(-27, 19, -38, 28, 4, -24)
(-25, 15, -37, 23, 1, -18)
(-24, 6, -36, 19, 1, -16)
(-27, -1, -35, 21, 2, -15)
(-26, -3, -34, 24, 2, -10)
BatchID:  12




(-31, -23, -20, 3, 8, 0)
(-31, -24, -20, 3, 16, -2)
(-35, -26, -20, 3, 23, -5)
(-44, -26, -19, 4, 24, -7)
(-54, -27, -20, 3, 13, -10)
(-58, -27, -19, 2, -4, -10)
(-52, -25, -17, 0, -19, -12)
(-42, -25, -14, -3, -24, -14)
(-32, -26, -13, -6, -16, -16)
(-30, -23, -16, -8, -4, -14)
(-31, -24, -22, -12, 6, -15)
(-38, -25, -26, -11, 13, -16)
(-41, -27, -32, -8, 16, -19)
(-42, -31, -33, 0, 14, -20)
(-40, -29, -32, 8, 9, -18)
(-37, -26, -29, 12, 2, -16)
(-31, -28, -24, 12, -1, -14)
(-26, -34, -20, 12, -2, -11)
(-23, -40, -16, 11, -1, -7)
(-26, -48, -13, 12, 0, -5)
(-33, -53, -10, 15, -3, -3)
(-38, -56, -6, 19, -14, -4)
(-39, -55, 0, 20, -33, -5)
(-32, -55, 3, 16, -56, -4)
(-10, -51, 7, 6, -71, 3)
(14, -50, 16, -6, -64, 9)
(32, -50, 18, -16, -30, 21)
(28, -49, 13, -15, 11, 33)
(3, -39, 7, -8, 34, 43)
(-17, -20, 2, -2, 36, 46)
(-24, 12, 1, -11, 18, 56)
(-26, 39, -2, -29, 10, 70)
(-36, 60, -14, -50, 6, 66)
(-38, 66, -24, -80, -1, 55)
(-46, 60, -34, -90, -16, 62)
(-59, 57, -38, -82, -42, 91)
(-70, 70, -39, -63, -64, 119)
(-63, 92, -34, -58, -71, 123)
(-46, 106, -33, -74, -44, 101)
(-50, 90, -41, -101, 7, 54)
(-71, 40, -65, -103, 62, 7)
(-100, -9, -105, -69, 89, -36)
(-99, -43, -100, -23, 92, -76)
(-78, -37, -68, 34, 50, -51)
(-61, 5, -45, 78, -2, -12)
(-42, 40, -25, 67, -45, -6)
(-23, 42, -7, 46, -61, -7)
(-12, 38, 0, 39, -53, -8)
(-3, 36, 3, 30, -30, -14)
(-6, 30, -1, 19, -3, -21)
(-17, 20, -8, 15, 16, -24)
(-30, 17, -16, 18, 26, -22)
(-41, 19, -24, 19, 26, -21)
(-48, 21, -30, 15, 20, -25)
(-48, 16, -35, 13, 12, -27)
(-45, 13, -37, 16, 7, -27)
(-45, 12, -39, 21, 5, -26)
(-44, 14, -39, 26, 4, -28)
(-40, 14, -37, 28, 7, -31)
(-39, 15, -38, 29, 9, -30)
(-37, 16, -38, 28, 9, -28)
(-35, 15, -36, 27, 8, -27)
(-34, 13, -33, 25, 7, -24)
(-34, 10, -31, 25, 7, -22)
(-34, 4, -27, 22, 7, -23)
(-34, 0, -24, 23, 7, -22)
(-30, -1, -23, 23, 7, -17)
(-27, 0, -21, 19, 11, -13)
(-23, 0, -20, 12, 19, -10)
(-25, -6, -21, 4, 26, -9)
BatchID:  13




(-36, -17, -25, 1, 1, 0)
(-35, -18, -25, 0, 0, 0)
(-36, -19, -26, 1, 0, 0)
(-35, -19, -25, 1, 0, 0)
(-36, -21, -23, 1, -1, 0)
(-36, -21, -23, 2, -1, 0)
(-35, -21, -22, 1, -2, 0)
(-35, -22, -22, 0, -2, -2)
(-33, -25, -22, 0, -1, -2)
(-33, -27, -23, 0, 0, -2)
(-34, -28, -22, 0, 0, -2)
(-33, -28, -21, 1, -1, -3)
(-30, -29, -18, 0, -4, -4)
(-26, -33, -15, 0, -7, -3)
(-23, -39, -12, 0, -9, -2)
(-20, -43, -8, 1, -10, 0)
(-20, -47, -5, 2, -10, 4)
(-21, -48, -4, 3, -7, 7)
(-23, -51, -3, 1, -4, 10)
(-27, -54, -4, 3, 0, 11)
(-30, -54, -5, 5, 1, 12)
(-33, -53, -6, 5, 0, 15)
(-29, -53, -6, 5, -2, 17)
(-26, -49, -7, 7, 4, 15)
(-25, -46, -6, 4, 12, 13)
(-29, -45, -8, 3, 14, 14)
(-31, -43, -8, 2, 6, 21)
(-30, -39, -10, 1, -5, 27)
(-23, -27, -8, 2, -9, 32)
(-23, -10, -7, -1, -7, 35)
(-24, 10, -8, -12, -3, 36)
(-35, 22, -10, -27, -8, 39)
(-40, 33, -14, -41, -25, 52)
(-27, 44, -14, -52, -43, 72)
(-8, 56, -16, -58, -41, 92)
(4, 73, -19, -60, -17, 112)
(-6, 97, -26, -54, 18, 118)
(-29, 117, -42, -62, 46, 113)
(-57, 121, -58, -83, 55, 92)
(-76, 100, -76, -99, 54, 61)
(-100, 61, -94, -104, 48, 24)
(-127, 13, -116, -89, 23, -10)
(-117, -26, -127, -46, 10, -46)
(-69, -30, -83, 20, -1, -71)
(-31, -5, -50, 67, -16, -36)
(-22, 28, -35, 81, -33, -17)
(-16, 44, -23, 69, -41, -20)
(-17, 45, -13, 63, -38, -18)
(-13, 51, -9, 57, -22, -22)
(-18, 53, -10, 43, 1, -35)
(-28, 44, -16, 32, 21, -46)
(-37, 38, -23, 30, 31, -51)
(-43, 36, -30, 31, 35, -53)
(-45, 35, -34, 28, 32, -55)
(-44, 30, -36, 26, 26, -55)
(-39, 22, -36, 25, 19, -53)
(-33, 13, -35, 27, 14, -45)
(-35, 10, -34, 32, 13, -37)
(-40, 9, -35, 36, 9, -33)
(-40, 10, -34, 36, 1, -30)
(-38, 10, -31, 33, -6, -25)
(-31, 11, -29, 29, -11, -20)
(-28, 8, -26, 22, -11, -20)
(-27, 3, -25, 20, -8, -18)
(-25, 0, -22, 17, -3, -16)
(-29, -4, -21, 16, 2, -16)
(-28, -4, -21, 15, 6, -15)
(-28, -3, -19, 11, 8, -16)
BatchID:  14





(-24, -14, -6, 9, -7, 1)
(-29, 0, -9, 0, 9, -2)
(-37, -5, -11, -12, 21, -10)
(-42, -15, -14, -11, 22, -6)
(-44, -13, -15, -8, 15, -1)
(-45, -8, -16, -7, 4, 1)
(-40, -5, -14, -10, -9, 4)
(-29, -8, -11, -13, -16, 11)
(-19, -8, -8, -15, -13, 18)
(-16, -10, -6, -19, -3, 19)
(-23, -8, -3, -17, 5, 21)
(-34, 5, -2, -16, 7, 20)
(-41, 10, -2, -31, -2, 20)
(-38, 2, 0, -43, -19, 27)
(-25, -1, 0, -49, -34, 41)
(-12, 7, 0, -51, -40, 62)
(-7, 23, -1, -49, -35, 89)
(-11, 43, -6, -45, -20, 111)
(-30, 65, -9, -37, -1, 124)
(-54, 89, -20, -37, 12, 116)
(-71, 101, -34, -62, 24, 89)
(-94, 79, -54, -97, 39, 43)
(-107, 40, -85, -101, 53, 1)
(-99, -10, -109, -76, 70, -51)
(-70, -34, -86, -15, 70, -85)
(-53, -26, -66, 41, 35, -45)
(-41, 8, -48, 80, -4, -12)
(-30, 35, -34, 81, -36, -6)
(-16, 44, -18, 67, -42, -6)
(-16, 43, -8, 61, -35, -8)
(-20, 46, -4, 58, -19, -13)
(-23, 48, -3, 45, -4, -23)
(-28, 41, -7, 31, 9, -30)
(-32, 31, -11, 27, 20, -33)
(-38, 31, -16, 30, 27, -32)
(-41, 33, -21, 25, 31, -34)
(-42, 26, -25, 20, 33, -38)
(-44, 14, -27, 22, 29, -39)
(-45, 11, -27, 29, 20, -33)
(-47, 14, -28, 34, 8, -26)
(-45, 20, -28, 36, -2, -20)
(-41, 22, -27, 30, -7, -21)
(-36, 14, -25, 25, -5, -22)
(-34, 7, -25, 25, 1, -22)
(-37, 6, -27, 26, 6, -21)
(-36, 4, -27, 26, 6, -21)
(-35, 5, -26, 27, 3, -16)
(-27, 8, -26, 24, 4, -11)
(-27, 4, -25, 16, 11, -10)
(-30, -4, -23, 14, 15, -12)
(-34, -11, -24, 14, 15, -13)
(-35, -15, -24, 17, 9, -9)
(-34, -14, -25, 17, 0, -2)
(-28, -11, -24, 12, -6, 4)
(-26, -16, -22, 7, -8, 6)
(-30, -21, -19, 8, -6, 11)
(-33, -23, -15, 12, -6, 14)
(-32, -21, -11, 14, -3, 14)
(-27, -15, -8, 9, 1, 11)
(-21, -15, -8, -4, 9, 10)
(-20, -22, -10, -17, 15, 8)
(-21, -29, -14, -23, 18, 12)
(-23, -34, -17, -23, 19, 17)
(-28, -36, -22, -22, 16, 21)
(-33, -37, -24, -19, 9, 25)
(-35, -35, -24, -16, 2, 28)
(-35, -34, -23, -14, -2, 30)
(-36, -33, -22, -12, -1, 30)
(-37, -31, -21, -9, 4, 29)
BatchID:  2




(-37, -7, -25, 0, 1, 0)
(-39, -7, -26, 0, 1, 0)
(-40, -6, -25, 0, 0, 0)
(-40, -6, -25, 0, 0, 0)
(-39, -7, -25, 0, -1, 0)
(-38, -7, -24, 0, -1, 0)
(-37, -7, -25, 0, -1, 0)
(-37, -7, -24, 0, 0, 0)
(-38, -7, -24, 0, 0, 0)
(-39, -7, -25, 0, 0, 0)
(-39, -7, -24, 0, 0, 0)
(-39, -7, -24, 0, -1, 0)
(-38, -7, -24, 0, -2, 0)
(-38, -7, -24, 0, -2, 0)
(-39, -7, -24, 0, -2, 0)
(-38, -7, -23, 0, -1, 0)
(-39, -6, -23, 0, 0, 0)
(-38, -7, -24, -1, 0, -1)
(-40, -8, -25, 0, 0, -1)
(-40, -8, -25, 0, 0, -2)
(-39, -9, -25, 0, 0, -1)
(-39, -8, -26, 0, -1, -1)
(-38, -8, -25, 1, -1, -1)
(-37, -8, -25, 1, -1, -1)
(-37, -8, -26, 1, 0, -2)
(-37, -10, -25, 1, 0, -2)
(-38, -11, -24, 2, 0, -1)
(-37, -11, -24, 3, 0, 0)
(-37, -11, -23, 3, -1, 0)
(-37, -12, -22, 2, -1, 0)
(-36, -15, -23, 2, 0, -1)
(-34, -18, -22, 2, 1, -2)
(-33, -22, -23, 2, 3, -3)
(-36, -27, -23, 2, 6, -3)
(-40, -31, -22, 4, 7, -3)
(-43, -35, -22, 3, 6, -5)
(-46, -42, -22, 3, 3, -7)
(-48, -49, -22, 5, 0, -9)
(-48, -56, -20, 7, -3, -12)
(-47, -62, -18, 10, -7, -12)
(-44, -67, -14, 13, -12, -11)
(-38, -71, -11, 16, -15, -7)
(-31, -76, -6, 19, -14, -4)
(-25, -76, -3, 23, -8, 0)
(-25, -74, 0, 28, 0, 0)
(-31, -60, 1, 31, 1, -5)
(-33, -51, 4, 21, -7, -14)
(-22, -47, 8, 11, -18, -14)
(-5, -37, 11, 4, -16, 0)
(3, -22, 11, -1, -5, 15)
(2, -1, 8, -5, 8, 30)
(-16, 24, 1, -5, 15, 37)
(-25, 59, -8, -15, 3, 44)
(68, 2, -22, 84, -15, -42)
(-11, 97, -26, -73, -24, 82)
(-14, 105, -38, -81, -22, 119)
(-29, 121, -51, -62, -9, 127)
(-46, 127, -64, -55, 11, 127)
(-68, 127, -70, -84, 34, 82)
(-90, 75, -76, -100, 52, 33)
(-123, 27, -90, -81, 62, -9)
(-127, -9, -101, -42, 49, -46)
(-98, -23, -72, 6, 22, -68)
(-62, -3, -49, 53, -11, -43)
(-43, 27, -36, 74, -40, -25)
(-29, 46, -24, 67, -53, -29)
(-18, 50, -13, 62, -51, -31)
(-4, 54, -1, 56, -34, -36)
(-1, 55, 0, 42, -9, -43)
(-7, 45, -3, 29, 12, -48)
BatchID:  3




(-38, -8, -23, -1, -1, 0)
(-37, -9, -23, -1, -1, 0)
(-37, -9, -25, 0, 0, 0)
(-37, -9, -24, 0, 2, 0)
(-39, -9, -24, 0, 2, 0)
(-41, -8, -25, 0, 0, 0)
(-41, -9, -25, 0, -1, 0)
(-39, -8, -23, 0, -2, 0)
(-39, -9, -23, 1, -2, 0)
(-38, -8, -22, 1, -2, 0)
(-38, -8, -23, 1, -1, 0)
(-38, -8, -22, 1, 0, 0)
(-38, -8, -23, 0, 0, 0)
(-39, -8, -23, 0, 1, 0)
(-39, -8, -24, 0, 1, -1)
(-41, -9, -25, 0, 1, 0)
(-42, -8, -25, 1, 0, -2)
(-41, -9, -26, 0, 0, -2)
(-40, -10, -25, 1, 0, -2)
(-40, -11, -26, 2, 0, -2)
(-38, -11, -25, 2, 3, -3)
(-37, -13, -25, 2, 6, -4)
(-36, -16, -24, 2, 9, -5)
(-34, -21, -23, 1, 14, -6)
(-36, -29, -23, -1, 18, -7)
(-42, -39, -22, -2, 16, -6)
(-51, -51, -21, -3, 6, -5)
(-59, -61, -20, -1, -9, -4)
(-59, -67, -17, 1, -26, -4)
(-53, -74, -14, 4, -40, -7)
(-42, -79, -13, 9, -50, -5)
(-29, -83, -4, 16, -53, -8)
(-15, -77, 1, 27, -44, -2)
(-3, -66, 8, 29, -28, 1)
(-1, -59, 13, 28, -7, 1)
(-7, -45, 14, 23, 10, 0)
(-7, -36, 12, 9, 23, 1)
(-18, -31, 8, -1, 32, 2)
(-23, -27, 4, -10, 28, 5)
(-30, -17, 0, -10, 18, 17)
(-29, -2, -2, -11, 0, 34)
(-21, 17, -2, -10, -8, 49)
(-17, 47, -3, -11, -13, 62)
(-11, 80, -7, -26, -16, 76)
(-8, 106, -16, -51, -16, 96)
(-10, 125, -29, -73, -9, 121)
(-25, 127, -48, -82, 5, 127)
(-54, 127, -65, -81, 22, 127)
(-82, 125, -75, -83, 34, 95)
(-107, 87, -88, -101, 49, 37)
(-127, 33, -127, -100, 65, -20)
(-127, -38, -117, -50, 67, -95)
(-70, -32, -70, 36, 25, -98)
(-52, 0, -50, 94, -13, -34)
(-34, 48, -37, 100, -54, -20)
(-21, 65, -24, 78, -70, -28)
(-8, 64, -15, 69, -64, -30)
(-3, 70, -10, 67, -41, -37)
(-2, 75, -12, 51, -10, -54)
(-7, 63, -15, 36, 17, -67)
(-19, 48, -19, 37, 32, -66)
(-27, 44, -22, 41, 33, -58)
(-31, 42, -25, 41, 26, -50)
(-33, 39, -25, 37, 17, -44)
(-31, 34, -25, 33, 10, -39)
(-28, 23, -22, 28, 5, -39)
(-25, 15, -20, 26, 2, -36)
(-21, 9, -19, 24, 2, -29)
(-19, 4, -17, 20, 2, -21)
(-20, -2, -16, 13, 3, -17)
(-18, -9, -14, 7, 5, -12)
BatchID:  4




(-36, -14, -24, 0, 0, 0)
(-35, -14, -24, 0, 0, 0)
(-35, -14, -25, 0, 0, -1)
(-36, -15, -24, 0, 0, 0)
(-36, -15, -24, 0, 0, 0)
(-36, -14, -23, 0, 0, 0)
(-36, -14, -24, 0, 2, 0)
(-37, -14, -24, 0, 2, 0)
(-37, -15, -25, 0, 2, 0)
(-37, -15, -24, 0, 0, 0)
(-37, -15, -24, 0, -1, 0)
(-36, -14, -25, 0, -1, 1)
(-35, -15, -24, 0, 0, 0)
(-36, -15, -25, 0, 1, 0)
(-37, -15, -25, 0, 2, 0)
(-38, -15, -26, 0, 2, 0)
(-38, -16, -26, 0, 1, 0)
(-37, -16, -26, 0, 0, 0)
(-36, -18, -26, 0, 1, 0)
(-34, -21, -25, 0, 2, 0)
(-33, -25, -24, 0, 3, 0)
(-32, -32, -22, -1, 4, 0)
(-35, -43, -20, -2, 4, 0)
(-42, -54, -18, -2, 1, 1)
(-49, -63, -14, -2, -7, 1)
(-51, -73, -11, -2, -19, 0)
(-44, -80, -6, 0, -29, 0)
(-32, -85, 0, 3, -34, -3)
(-23, -84, 3, 12, -30, 0)
(-17, -83, 9, 17, -26, 0)
(-11, -77, 13, 19, -22, 3)
(-3, -66, 18, 17, -19, 9)
(1, -56, 21, 10, -15, 17)
(10, -44, 22, 2, -7, 29)
(8, -27, 19, -1, 10, 41)
(-8, -7, 14, -3, 19, 44)
(-18, 20, 8, -7, 20, 39)
(-19, 45, 2, -22, 12, 47)
(-12, 68, -2, -36, 1, 69)
(-5, 98, -12, -48, -6, 109)
(-5, 127, -28, -56, -5, 127)
(-14, 127, -50, -69, 9, 127)
(-45, 127, -75, -85, 32, 127)
(-82, 127, -93, -116, 46, 96)
(-96, 116, -105, -127, 57, 31)
(-127, 36, -127, -127, 82, -25)
(-127, -47, -127, -91, 98, -95)
(-76, -56, -89, 12, 48, -121)
(-56, -23, -64, 95, 1, -31)
(-43, 38, -50, 125, -56, -1)
(-24, 70, -35, 95, -84, -8)
(-7, 71, -24, 76, -81, -18)
(0, 74, -20, 72, -51, -30)
(0, 80, -18, 65, -19, -46)
(-3, 77, -23, 53, 13, -60)
(-10, 64, -27, 46, 32, -64)
(-24, 52, -32, 49, 34, -54)
(-32, 47, -34, 52, 22, -39)
(-35, 45, -33, 50, 7, -29)
(-32, 41, -28, 44, -2, -26)
(-25, 29, -22, 31, -5, -28)
(-19, 9, -16, 22, -4, -29)
(-18, -5, -11, 16, -3, -22)
(-18, -16, -7, 19, -2, -11)
(-18, -14, -5, 23, 0, 1)
(-20, -7, -5, 14, 8, 5)
(-25, -13, -6, 0, 16, 3)
(-31, -22, -4, -4, 21, 2)
(-36, -28, -3, -7, 21, 6)
(-34, -31, -3, -11, 18, 9)
(-31, -34, -5, -19, 17, 10)
BatchID:  5




(-38, -13, -28, 6, 1, 0)
(-35, -14, -27, 7, 0, 0)
(-36, -12, -26, 7, -1, 1)
(-35, -12, -24, 7, -1, 0)
(-34, -12, -23, 6, 0, 0)
(-32, -13, -23, 5, 1, 0)
(-34, -13, -24, 5, 4, 1)
(-36, -13, -24, 5, 6, 0)
(-38, -14, -25, 5, 6, 0)
(-39, -14, -25, 4, 2, 0)
(-38, -15, -25, 4, 0, 0)
(-36, -16, -24, 4, -1, 0)
(-34, -17, -22, 4, 0, 0)
(-33, -18, -20, 4, 0, 0)
(-33, -22, -18, 2, 1, 0)
(-32, -28, -14, 0, 1, 0)
(-34, -36, -13, -1, 1, -1)
(-40, -43, -10, -1, -3, 0)
(-43, -49, -7, 0, -10, 0)
(-45, -56, -3, 0, -18, 1)
(-40, -63, 0, 1, -22, 1)
(-35, -70, 3, 1, -23, 1)
(-32, -76, 6, 5, -22, 0)
(-31, -72, 11, 9, -23, 0)
(-27, -66, 16, 7, -27, 1)
(-19, -60, 19, 1, -30, 5)
(-9, -48, 20, -1, -20, 11)
(-3, -34, 19, -11, -4, 13)
(-4, -26, 14, -20, 8, 20)
(-4, -13, 11, -22, 15, 38)
(-14, 13, 8, -22, 13, 55)
(-12, 50, 5, -31, 4, 67)
(-4, 86, -2, -47, 0, 86)
(3, 117, -17, -78, 5, 107)
(-2, 127, -43, -100, 18, 127)
(-27, 127, -72, -102, 32, 127)
(-64, 127, -96, -102, 42, 127)
(-94, 127, -105, -114, 45, 87)
(-127, 74, -127, -122, 57, 26)
(-127, -28, -127, -108, 76, -56)
(-101, -63, -108, 6, 64, -127)
(-52, -21, -55, 80, 20, -66)
(-42, 28, -46, 109, -24, -9)
(-25, 62, -31, 83, -72, -20)
(-7, 52, -15, 56, -84, -22)
(5, 43, -4, 64, -71, -10)
(7, 58, 0, 59, -39, -18)
(1, 56, 0, 34, -5, -37)
(-12, 38, -6, 22, 16, -45)
(-24, 27, -14, 23, 25, -40)
(-37, 26, -23, 25, 22, -34)
(-43, 24, -28, 22, 14, -32)
(-43, 23, -31, 23, 7, -33)
(-37, 20, -32, 22, 4, -37)
(-31, 16, -32, 20, 6, -39)
(-29, 6, -33, 17, 10, -40)
(-34, -1, -34, 22, 12, -33)
(-39, 2, -35, 28, 10, -25)
(-43, 6, -37, 27, 6, -23)
(-41, 9, -35, 25, 0, -23)
(-37, 8, -36, 21, -2, -24)
(-31, 3, -35, 21, 0, -28)
(-27, -3, -32, 21, 4, -27)
(-26, -6, -30, 26, 11, -21)
(-28, -6, -27, 29, 13, -19)
(-30, -4, -24, 26, 12, -15)
(-29, -5, -21, 20, 9, -13)
(-27, -9, -18, 13, 6, -14)
(-22, -15, -18, 7, 6, -12)
(-22, -20, -16, 4, 6, -6)
(-19, -24, -14, 2, 7, -2)
BatchID:  6




(-37, -12, -20, 1, 0, 0)
(-36, -12, -20, 0, -1, 0)
(-35, -13, -20, 0, 0, 1)
(-35, -13, -20, 0, 2, 1)
(-37, -13, -21, 0, 4, 1)
(-40, -15, -22, 0, 3, 1)
(-40, -16, -23, 0, 1, 2)
(-40, -16, -22, 2, 0, 2)
(-38, -16, -20, 2, 0, 2)
(-38, -15, -21, 2, 1, 1)
(-37, -16, -20, 2, 2, 1)
(-37, -16, -20, 2, 4, 1)
(-37, -16, -21, 3, 6, 1)
(-38, -16, -21, 3, 5, 0)
(-38, -16, -21, 3, 3, 1)
(-36, -16, -19, 4, 0, 2)
(-34, -16, -18, 4, 0, 2)
(-29, -17, -16, 2, 3, 2)
(-25, -22, -13, -1, 11, 1)
(-25, -32, -11, -5, 21, 0)
(-35, -45, -11, -6, 28, -2)
(-48, -57, -12, -5, 24, -2)
(-59, -67, -10, -2, 9, -5)
(-62, -79, -8, 0, -8, -6)
(-56, -86, -4, 3, -26, -9)
(-44, -86, -2, 9, -33, -7)
(-34, -79, 0, 15, -27, -9)
(-20, -68, 0, 14, -11, -10)
(-16, -63, 0, 13, 6, -11)
(-21, -52, -2, 13, 19, -8)
(-26, -40, -2, 8, 22, -7)
(-33, -31, -5, 1, 14, -4)
(-36, -21, -6, -5, -5, 1)
(-28, -9, -5, -13, -26, 9)
(-16, 1, -2, -21, -42, 25)
(-2, 17, 0, -26, -46, 45)
(9, 40, 1, -32, -39, 66)
(16, 65, -1, -40, -22, 84)
(15, 94, -11, -55, 3, 104)
(2, 117, -26, -68, 29, 117)
(-21, 127, -46, -79, 45, 127)
(-56, 127, -67, -85, 49, 123)
(-87, 118, -79, -87, 43, 97)
(-101, 90, -85, -93, 33, 53)
(-113, 38, -99, -91, 28, 5)
(-108, -11, -108, -63, 29, -37)
(-80, -40, -82, 0, 20, -63)
(-47, -18, -56, 66, 1, -35)
(-38, 22, -40, 87, -26, -13)
(-29, 43, -27, 76, -46, -15)
(-22, 47, -15, 68, -52, -14)
(-12, 54, -9, 65, -41, -17)
(-4, 60, -7, 49, -18, -28)
(-8, 52, -9, 32, 8, -39)
(-17, 40, -16, 26, 27, -40)
(-31, 34, -23, 27, 37, -37)
(-42, 33, -30, 26, 36, -36)
(-47, 29, -36, 21, 28, -37)
(-45, 19, -39, 19, 17, -35)
(-42, 14, -40, 25, 9, -28)
(-39, 16, -39, 30, 4, -22)
(-38, 16, -36, 34, 4, -20)
(-38, 18, -32, 32, 4, -23)
(-36, 15, -30, 26, 2, -28)
(-31, 7, -29, 20, -1, -28)
(-25, 0, -27, 17, -6, -22)
(-21, -3, -26, 16, -10, -12)
(-24, -1, -24, 15, -10, -3)
(-22, 1, -22, 9, -8, 0)
(-22, -2, -23, 3, 0, -1)
(-26, -8, -24, 0, 7, -2)
BatchID:  7




(-37, -11, -24, 0, -2, 0)
(-37, -11, -24, 0, 0, 0)
(-37, -11, -25, 0, 1, -1)
(-38, -10, -25, 0, 2, -1)
(-39, -11, -25, 0, 1, -1)
(-39, -12, -26, 0, 0, -1)
(-38, -12, -25, 1, 0, -1)
(-38, -12, -25, 2, -1, 0)
(-38, -11, -25, 2, -2, 0)
(-37, -11, -24, 1, -2, 0)
(-36, -12, -24, 2, 0, 0)
(-36, -12, -24, 1, 1, -1)
(-37, -12, -24, 2, 2, -1)
(-39, -12, -25, 1, 1, -1)
(-37, -13, -24, 1, 0, -1)
(-36, -14, -24, 2, 0, 0)
(-35, -15, -23, 2, 1, 0)
(-33, -18, -23, 1, 4, -1)
(-32, -22, -23, 0, 8, -2)
(-34, -29, -22, 0, 12, -3)
(-38, -37, -23, 0, 14, -4)
(-45, -43, -22, 1, 11, -4)
(-52, -49, -20, 2, 1, -3)
(-55, -56, -18, 3, -9, -5)
(-50, -62, -14, 3, -21, -7)
(-39, -68, -9, 4, -27, -9)
(-29, -72, -4, 6, -25, -6)
(-17, -76, -2, 5, -19, -8)
(-7, -77, 0, 10, -3, 1)
(-2, -72, 2, 15, 17, 10)
(-10, -62, -1, 15, 32, 19)
(-21, -54, -4, 11, 34, 24)
(-32, -49, -3, 10, 25, 24)
(-38, -34, -1, 11, 11, 15)
(-25, -17, 4, 0, 2, 7)
(-18, -7, 6, -12, 2, 7)
(-11, 5, 5, -22, 3, 18)
(-9, 23, 0, -30, 4, 33)
(-9, 44, -7, -38, 0, 52)
(-11, 71, -17, -44, -5, 67)
(-7, 98, -27, -58, -11, 87)
(-7, 117, -36, -77, -10, 110)
(-25, 127, -52, -83, -4, 127)
(-55, 127, -66, -84, 0, 127)
(-80, 126, -78, -90, 2, 105)
(-100, 92, -90, -112, 13, 59)
(-124, 40, -127, -114, 39, 10)
(-127, -40, -127, -53, 69, -82)
(-69, -30, -80, 35, 32, -103)
(-52, -3, -53, 84, -13, -33)
(-31, 34, -39, 95, -60, -12)
(-12, 50, -24, 76, -81, -10)
(4, 49, -10, 64, -77, -8)
(13, 52, 1, 56, -48, -12)
(1, 49, 2, 41, -12, -23)
(-17, 46, -1, 34, 11, -29)
(-31, 48, -10, 29, 21, -33)
(-37, 46, -17, 21, 26, -40)
(-37, 41, -25, 17, 29, -45)
(-38, 32, -30, 16, 30, -50)
(-41, 27, -35, 25, 25, -47)
(-41, 30, -36, 33, 16, -43)
(-37, 36, -37, 37, 12, -41)
(-34, 38, -38, 35, 14, -44)
(-34, 27, -37, 32, 18, -48)
(-34, 18, -37, 34, 14, -44)
(-36, 14, -36, 38, 3, -34)
(-33, 9, -31, 38, -8, -28)
(-29, 8, -25, 40, -15, -20)
(-20, 9, -20, 35, -14, -15)
(-14, 7, -15, 24, -7, -15)
(-12, 0, -13, 13, 4, -14)
BatchID:  8




(-33, -20, -24, 0, 3, -1)
(-34, -20, -25, 0, 1, 0)
(-35, -21, -27, 1, 0, 1)
(-36, -23, -28, 4, -1, 2)
(-36, -20, -27, 7, -1, 3)
(-35, -18, -24, 8, -2, 2)
(-35, -17, -23, 6, -3, 2)
(-35, -17, -22, 5, -2, 1)
(-34, -17, -23, 4, 0, 0)
(-34, -17, -23, 3, 0, 1)
(-34, -17, -24, 2, 0, 1)
(-33, -18, -24, 1, 1, 2)
(-31, -19, -23, 1, 2, 2)
(-30, -21, -23, 0, 3, 2)
(-30, -23, -21, 0, 5, 2)
(-34, -27, -19, -2, 5, 2)
(-38, -34, -15, -6, 0, 2)
(-38, -44, -11, -10, -5, 2)
(-38, -54, -9, -12, -11, 0)
(-37, -66, -5, -11, -17, -1)
(-30, -69, -1, -5, -17, 0)
(-25, -79, 7, -3, -13, -2)
(-21, -78, 11, 3, -3, 2)
(-20, -70, 15, 5, 7, 3)
(-29, -61, 15, 0, 9, -1)
(-34, -55, 10, -12, -3, -7)
(-29, -53, 6, -22, -20, -6)
(-17, -50, 2, -27, -29, 2)
(-4, -45, -1, -29, -28, 14)
(5, -41, -4, -26, -15, 31)
(0, -27, -6, -16, -1, 50)
(-13, 0, -4, -7, 6, 63)
(-29, 35, -4, -5, 2, 61)
(-29, 68, -6, -25, -12, 63)
(-12, 87, -11, -57, -25, 73)
(0, 97, -18, -75, -25, 103)
(4, 111, -29, -77, -15, 127)
(-5, 127, -45, -72, 5, 127)
(-39, 127, -65, -69, 31, 127)
(-74, 127, -80, -96, 50, 118)
(-108, 126, -104, -127, 63, 50)
(-127, 58, -127, -127, 87, -4)
(-127, -61, -127, -104, 85, -99)
(-79, -64, -103, 12, 11, -124)
(-57, -33, -74, 105, -44, -27)
(-26, 28, -53, 127, -98, 8)
(5, 61, -32, 102, -107, 6)
(20, 68, -11, 79, -74, -4)
(6, 66, -3, 73, -21, -21)
(-15, 67, -2, 66, 16, -41)
(-33, 66, -5, 55, 31, -52)
(-40, 59, -11, 43, 32, -55)
(-37, 55, -20, 35, 30, -55)
(-32, 49, -28, 29, 30, -56)
(-31, 38, -33, 29, 32, -52)
(-36, 30, -37, 39, 33, -43)
(-45, 33, -38, 52, 29, -37)
(-49, 35, -36, 54, 21, -39)
(-45, 33, -31, 51, 10, -40)
(-36, 31, -28, 46, 1, -37)
(-23, 28, -27, 37, 0, -33)
(-16, 18, -24, 28, 5, -31)
(-17, 5, -23, 24, 12, -28)
(-18, -5, -21, 24, 13, -22)
(-22, -12, -20, 27, 10, -14)
(-20, -17, -14, 24, 0, -8)
(-12, -21, -11, 17, -4, -1)
(-8, -29, -8, 7, -2, 9)
(-15, -38, -7, 5, 2, 19)
(-23, -41, -5, 9, 2, 27)
BatchID:  9




(-37, -11, -24, 0, -1, 1)
(-36, -11, -24, 0, 0, 1)
(-36, -11, -24, 0, 0, 1)
(-36, -11, -25, -1, 0, 0)
(-37, -11, -25, -1, 0, 1)
(-38, -12, -26, -1, 1, 0)
(-38, -12, -26, 0, 1, 0)
(-39, -12, -26, 0, 0, 0)
(-39, -12, -26, 0, 0, 0)
(-38, -12, -26, 0, 0, 0)
(-38, -12, -26, 0, 0, 0)
(-37, -13, -26, 0, 0, 0)
(-37, -14, -26, 0, 0, 0)
(-36, -14, -26, 1, 0, 0)
(-36, -14, -24, 1, 0, 0)
(-36, -15, -23, 1, 0, 0)
(-35, -16, -21, 1, 0, 0)
(-33, -18, -19, 0, 0, 0)
(-33, -25, -18, -3, 1, -1)
(-33, -36, -17, -5, 3, -1)
(-36, -47, -16, -4, 4, 0)
(-41, -56, -14, 0, 2, -1)
(-43, -63, -9, 6, -2, -1)
(-40, -63, -4, 11, -6, 0)
(-35, -61, 0, 14, -5, 0)
(-31, -57, 3, 13, 0, -2)
(-30, -55, 4, 8, 6, -4)
(-34, -52, 1, 4, 9, -6)
(-35, -50, 0, -2, 5, -7)
(-33, -50, -2, -7, -3, -3)
(-27, -48, -3, -11, -16, 4)
(-16, -46, -2, -13, -19, 18)
(-12, -41, -1, -13, -17, 29)
(-12, -32, 0, -13, -14, 41)
(-14, -17, 3, -11, -14, 52)
(-24, 5, 5, -8, -18, 53)
(-21, 38, 6, -17, -25, 50)
(-5, 64, 5, -38, -30, 57)
(12, 85, -1, -60, -23, 83)
(16, 110, -14, -74, -2, 119)
(0, 127, -34, -78, 20, 127)
(-28, 127, -63, -81, 40, 127)
(-71, 127, -86, -102, 52, 113)
(-99, 127, -102, -127, 51, 54)
(-104, 79, -127, -127, 69, -22)
(-109, -22, -127, -127, 113, -99)
(-79, -77, -114, -41, 108, -127)
(-45, -64, -83, 70, 46, -60)
(-55, 5, -62, 127, -18, 9)
(-33, 56, -49, 127, -70, 18)
(-21, 71, -31, 105, -88, 10)
(-4, 76, -19, 90, -74, -2)
(0, 81, -13, 77, -41, -24)
(-1, 75, -12, 58, -4, -43)
(-8, 62, -17, 51, 20, -48)
(-16, 51, -21, 50, 29, -44)
(-19, 45, -24, 47, 26, -35)
(-26, 39, -27, 41, 16, -26)
(-31, 26, -28, 36, 4, -16)
(-35, 16, -27, 42, -1, -8)
(-39, 19, -25, 48, -5, -5)
(-39, 21, -23, 42, -7, -9)
(-36, 18, -21, 31, -7, -11)
(-33, 10, -20, 23, -6, -11)
(-35, 4, -21, 19, -5, -5)
(-38, 0, -20, 17, -5, -1)
(-38, 0, -19, 15, -3, 0)
(-38, 1, -19, 10, 1, -2)
(-34, 0, -19, 2, 9, -7)
BatchID:  10




(-36, -13, -23, 4, -2, 1)
(-33, -13, -24, 1, 0, -1)
(-30, -16, -26, 2, 5, -3)
(-32, -16, -27, 6, 12, -5)
(-34, -15, -29, 9, 19, -7)
(-38, -16, -30, 10, 21, -7)
(-42, -16, -31, 11, 17, -4)
(-43, -15, -32, 11, 9, -2)
(-44, -14, -32, 11, 1, 0)
(-40, -14, -30, 10, -4, 0)
(-37, -12, -30, 8, -6, 1)
(-36, -12, -30, 6, -6, 0)
(-34, -17, -29, 5, -3, 0)
(-32, -19, -27, 8, 0, 1)
(-31, -20, -24, 8, 4, 0)
(-30, -26, -22, 5, 8, 0)
(-32, -34, -18, 3, 11, 0)
(-36, -40, -16, 2, 11, 3)
(-40, -46, -11, 1, 6, 6)
(-42, -49, -6, 0, 0, 6)
(-40, -52, -2, -3, -4, 2)
(-37, -54, 0, -5, -7, -2)
(-33, -52, 1, -6, -8, -7)
(-31, -49, 3, -11, -14, -8)
(-25, -47, 5, -18, -22, -6)
(-17, -45, 5, -25, -25, 0)
(-5, -41, 6, -32, -24, 9)
(8, -35, 7, -36, -8, 21)
(7, -25, 4, -37, 14, 31)
(-3, -11, 1, -37, 29, 36)
(-23, 11, -1, -31, 30, 36)
(-29, 38, -4, -38, 15, 38)
(-25, 56, -7, -57, -6, 49)
(-15, 74, -13, -64, -26, 72)
(-5, 100, -21, -69, -38, 107)
(0, 127, -33, -71, -38, 127)
(-4, 127, -52, -86, -20, 127)
(-40, 127, -73, -116, 5, 127)
(-78, 127, -94, -127, 33, 90)
(-106, 99, -127, -127, 84, 23)
(-127, -23, -127, -127, 127, -79)
(-85, -88, -127, -38, 127, -127)
(-90, -84, -88, 65, 58, -82)
(-72, -12, -60, 127, -28, 23)
(-39, 53, -49, 127, -110, 47)
(-14, 75, -29, 105, -127, 44)
(1, 77, -10, 69, -117, 15)
(6, 63, 5, 47, -79, -14)
(8, 51, 12, 35, -35, -27)
(-5, 44, 7, 30, 3, -28)
(-18, 43, -4, 23, 24, -32)
(-28, 39, -15, 11, 31, -38)
(-33, 28, -27, 4, 32, -40)
(-39, 19, -35, 6, 28, -37)
(-42, 11, -42, 16, 20, -35)
(-44, 13, -45, 29, 11, -32)
(-42, 17, -44, 37, 2, -30)
(-37, 24, -43, 41, -1, -28)
(-32, 28, -41, 40, 0, -29)
(-32, 27, -41, 39, 4, -30)
(-35, 26, -38, 41, 5, -32)
(-35, 23, -35, 42, 4, -32)
(-31, 22, -32, 41, 0, -28)
(-27, 17, -29, 37, 0, -24)
(-24, 16, -28, 34, 0, -21)
(-18, 14, -27, 27, 5, -20)
(-17, 7, -27, 22, 12, -18)
(-22, 1, -29, 20, 19, -13)
BatchID:  11




(-37, -7, -28, 0, 0, -1)
(-36, -8, -28, 0, 0, -1)
(-36, -8, -28, 0, 0, 0)
(-36, -8, -29, 1, 0, 0)
(-37, -7, -29, 1, 0, 0)
(-36, -6, -28, 0, -1, 0)
(-36, -7, -28, 0, 0, -1)
(-36, -8, -28, 0, 0, -1)
(-37, -7, -28, 0, 0, -1)
(-38, -7, -28, 0, 0, -2)
(-37, -7, -29, 0, -1, -1)
(-36, -8, -28, 0, -1, -1)
(-34, -8, -28, 0, -1, -1)
(-34, -9, -29, 0, 1, -1)
(-35, -9, -28, 1, 2, -2)
(-36, -9, -28, 0, 2, -2)
(-34, -12, -26, 0, 3, -2)
(-29, -17, -25, -3, 6, -3)
(-27, -26, -25, -6, 13, -4)
(-32, -36, -24, -7, 19, -3)
(-40, -49, -25, -9, 19, -3)
(-52, -60, -26, -7, 10, -2)
(-60, -69, -25, -5, -5, -3)
(-56, -76, -22, 0, -20, -5)
(-46, -83, -15, 7, -31, -10)
(-30, -80, -8, 18, -30, -13)
(-18, -72, 0, 24, -20, -13)
(-10, -61, 6, 25, -6, -10)
(-11, -48, 9, 17, 1, -8)
(-14, -43, 5, 6, 5, -2)
(-13, -40, 2, -2, 8, 2)
(-9, -36, -1, -6, 12, 12)
(-15, -28, -4, -7, 10, 25)
(-22, -11, -5, -6, -1, 44)
(-23, 10, -6, -4, -12, 57)
(-24, 42, -8, -5, -12, 54)
(-22, 77, -14, -18, -9, 44)
(-16, 96, -22, -57, -9, 42)
(-16, 95, -33, -80, -10, 58)
(-24, 100, -45, -80, -10, 89)
(-36, 109, -55, -70, -6, 109)
(-49, 123, -64, -66, 4, 97)
(-69, 121, -72, -86, 18, 49)
(-74, 79, -75, -103, 28, 3)
(-76, 28, -81, -91, 38, -24)
(-73, -3, -85, -54, 41, -39)
(-59, -14, -79, -7, 33, -46)
(-48, -6, -66, 32, 11, -34)
(-43, 12, -53, 61, -14, -17)
(-35, 37, -37, 71, -33, -11)
(-24, 51, -27, 70, -34, -13)
(-17, 62, -21, 65, -19, -22)
(-15, 67, -22, 58, 4, -36)
(-15, 61, -24, 48, 28, -48)
(-21, 48, -32, 47, 43, -48)
(-33, 43, -40, 51, 44, -41)
(-43, 39, -42, 51, 29, -36)
(-47, 32, -39, 50, 7, -26)
(-45, 30, -34, 52, -12, -16)
(-37, 31, -30, 45, -23, -15)
(-25, 20, -24, 32, -25, -17)
(-22, 10, -22, 26, -20, -14)
(-21, 2, -20, 21, -14, -12)
(-23, -1, -20, 18, -9, -6)
(-26, -4, -21, 13, -3, -2)
(-29, -9, -22, 10, -1, 2)
(-33, -12, -20, 12, 0, 3)
(-34, -10, -18, 8, -1, 0)
(-28, -13, -18, 0, -1, 0)
BatchID:  12




(-40, -9, -30, -1, 4, -3)
(-38, -10, -31, -2, 0, -3)
(-35, -10, -31, -1, -2, -2)
(-32, -10, -32, 0, -2, -2)
(-30, -10, -31, 1, 0, -1)
(-30, -8, -30, 3, 3, 0)
(-30, -6, -29, 2, 3, 0)
(-31, -6, -29, 1, 3, 1)
(-32, -7, -28, 0, 3, 2)
(-34, -8, -28, 1, 3, 3)
(-34, -8, -28, 0, 3, 3)
(-34, -9, -28, 0, 3, 3)
(-34, -10, -28, 0, 4, 4)
(-34, -11, -27, 0, 6, 3)
(-33, -14, -27, 0, 8, 3)
(-35, -17, -27, 0, 10, 3)
(-35, -21, -28, -1, 11, 2)
(-36, -26, -27, -1, 11, 1)
(-36, -30, -28, -3, 11, 0)
(-36, -38, -28, -5, 11, -2)
(-36, -43, -28, -6, 10, -4)
(-36, -51, -25, -6, 8, -6)
(-34, -58, -22, -5, 3, -7)
(-34, -63, -18, -3, -1, -6)
(-30, -67, -14, 0, -4, -4)
(-27, -69, -12, 4, -2, -1)
(-22, -69, -9, 7, 1, -1)
(-21, -69, -7, 11, 8, 2)
(-30, -64, -3, 14, 7, 13)
(-33, -60, -1, 14, -1, 29)
(-28, -47, 2, 13, -10, 46)
(-20, -30, 5, 11, -2, 51)
(-28, -7, 7, 6, 16, 35)
(-44, 21, 3, -15, 17, 9)
(-46, 31, -1, -54, -6, 3)
(-32, 32, -10, -77, -37, 20)
(-7, 36, -23, -82, -50, 48)
(8, 47, -32, -76, -40, 68)
(3, 67, -37, -63, -23, 79)
(-8, 99, -41, -52, -14, 87)
(-18, 122, -47, -64, -15, 102)
(-34, 127, -53, -72, -17, 112)
(-41, 122, -58, -75, -8, 100)
(-53, 101, -63, -78, 9, 72)
(-75, 69, -76, -76, 36, 35)
(-103, 33, -99, -61, 53, -6)
(-100, -5, -96, -23, 55, -56)
(-71, -8, -70, 27, 33, -72)
(-47, 10, -52, 63, 1, -44)
(-31, 37, -38, 70, -30, -33)
(-21, 44, -28, 64, -44, -28)
(-9, 51, -20, 64, -39, -29)
(-4, 59, -16, 60, -15, -38)
(-9, 59, -15, 52, 12, -53)
(-16, 51, -18, 47, 35, -61)
(-27, 44, -27, 48, 44, -58)
(-36, 41, -34, 47, 40, -54)
(-41, 37, -38, 48, 28, -49)
(-38, 35, -38, 47, 14, -45)
(-29, 30, -37, 45, 9, -42)
(-27, 20, -33, 41, 9, -42)
(-28, 13, -32, 45, 13, -36)
(-33, 18, -32, 45, 10, -30)
(-34, 19, -32, 36, 3, -27)
(-28, 19, -34, 28, -1, -23)
(-21, 13, -36, 21, 0, -23)
(-18, 0, -37, 20, 4, -19)
(-21, -7, -34, 28, 10, -12)
(-29, -4, -28, 34, 13, -6)
(-31, -1, -24, 29, 7, -4)
(-30, -2, -22, 16, 1, -1)
(-26, -12, -20, 1, -6, -1)
BatchID:  13




(-36, -12, -32, 4, 1, 0)
(-35, -12, -32, 4, 0, 0)
(-35, -13, -31, 5, -1, 0)
(-34, -11, -31, 6, -1, 0)
(-33, -12, -31, 4, -1, 0)
(-33, -15, -32, 5, -1, 0)
(-34, -16, -30, 7, 0, 0)
(-33, -16, -31, 8, -1, 0)
(-32, -15, -29, 9, -1, 2)
(-33, -13, -29, 9, -1, 4)
(-34, -12, -29, 8, -1, 4)
(-34, -10, -30, 7, 0, 2)
(-33, -10, -31, 6, 3, 0)
(-35, -10, -33, 6, 5, 0)
(-36, -9, -34, 5, 5, -1)
(-36, -11, -35, 6, 3, -1)
(-35, -11, -34, 7, 1, 0)
(-34, -10, -33, 7, 0, 0)
(-31, -10, -32, 7, 0, 0)
(-31, -11, -31, 6, 1, 0)
(-29, -12, -29, 4, 3, 0)
(-27, -16, -28, 1, 5, 0)
(-24, -22, -27, -1, 9, -1)
(-22, -30, -26, -5, 13, -1)
(-24, -40, -26, -8, 16, 0)
(-29, -51, -27, -8, 15, -1)
(-36, -57, -28, -7, 10, -5)
(-39, -65, -28, -4, 4, -13)
(-38, -71, -27, 2, -2, -19)
(-34, -73, -21, 10, -8, -31)
(-26, -69, -16, 16, -10, -37)
(-17, -69, -13, 17, -6, -40)
(-12, -71, -13, 18, -1, -34)
(-9, -67, -15, 19, 6, -25)
(-13, -64, -20, 18, 10, -17)
(-21, -60, -26, 19, 11, -14)
(-22, -57, -29, 17, 9, -10)
(-25, -59, -33, 23, 4, 1)
(-27, -45, -31, 30, -2, 15)
(-28, -29, -28, 30, -11, 26)
(-22, -16, -22, 24, -22, 39)
(-24, 2, -16, 22, -27, 52)
(-25, 31, -13, 16, -28, 51)
(-42, 58, -16, -3, -32, 43)
(-45, 72, -16, -37, -49, 40)
(-46, 68, -20, -59, -62, 53)
(-35, 67, -24, -66, -65, 75)
(-33, 67, -26, -56, -44, 87)
(-38, 85, -31, -46, -12, 85)
(-62, 91, -41, -60, 10, 63)
(-82, 70, -52, -73, 15, 34)
(-84, 38, -58, -67, 15, 8)
(-72, 10, -64, -48, 13, -12)
(-59, -8, -64, -19, 11, -23)
(-51, -13, -58, 15, 3, -23)
(-46, 0, -48, 47, -8, -15)
(-37, 18, -36, 61, -16, -15)
(-30, 37, -23, 63, -14, -17)
(-28, 45, -19, 56, -3, -24)
(-30, 46, -19, 49, 10, -32)
(-36, 42, -25, 44, 22, -37)
(-48, 39, -29, 43, 25, -39)
(-52, 38, -33, 42, 17, -39)
(-49, 35, -34, 38, 6, -37)
(-41, 30, -32, 33, -3, -34)
(-32, 21, -31, 26, -5, -30)
(-31, 15, -30, 24, -2, -26)
(-35, 12, -32, 24, -1, -22)
(-35, 6, -32, 20, -3, -23)
(-34, -1, -30, 19, -7, -19)
BatchID:  14



(-44, -6, -8, -2, 3, 0)
(-45, -5, -8, -2, 3, 0)
(-45, -4, -7, -2, 2, -1)
(-44, -5, -7, -3, 1, -1)
(-44, -5, -8, -2, 1, -1)
(-43, -5, -8, -2, 2, -2)
(-42, -5, -8, -2, 2, -2)
(-43, -5, -7, -2, 3, -1)
(-42, -6, -8, -2, 3, -1)
(-43, -5, -8, -1, 3, -1)
(-43, -5, -8, -2, 2, -1)
(-43, -6, -9, -1, 2, 0)
(-43, -5, -9, -1, 1, 0)
(-43, -5, -10, -1, 1, 0)
(-43, -5, -8, 0, 1, 0)
(-42, -5, -8, 0, 1, 0)
(-43, -6, -9, 0, 2, 0)
(-43, -5, -8, 0, 4, -1)
(-42, -6, -7, -1, 7, -1)
(-43, -7, -6, -1, 10, -2)
(-43, -11, -4, -3, 12, -4)
(-46, -18, -1, -6, 12, -5)
(-50, -25, 1, -10, 10, -7)
(-56, -35, 4, -14, 5, -9)
(-56, -40, 6, -17, 1, -13)
(-53, -44, 6, -22, 3, -19)
(-46, -50, 7, -26, 11, -28)
(-35, -57, 6, -27, 24, -36)
(-33, -63, 3, -23, 35, -37)
(-32, -64, -1, -17, 38, -33)
(-32, -62, -3, -13, 34, -27)
(-24, -64, -4, -7, 28, -16)
(0, 68, 2, -17, -64, -2)
(-12, -56, -1, 8, 37, 11)
(-23, -38, 1, 17, 49, 3)
(-36, -25, 3, 9, 53, -14)
(-52, -14, 5, -3, 36, -25)
(-49, -7, 4, -20, 0, -19)
(-28, -1, 3, -35, -24, 4)
(-4, 9, 0, -46, -20, 31)
(-6, 28, -3, -45, 6, 32)
(-6, 53, -11, -49, 29, 31)
(-6, 70, -22, -68, 40, 43)
(-12, 79, -37, -85, 40, 67)
(-18, 82, -52, -88, 34, 94)
(-34, 87, -66, -71, 33, 116)
(-75, 95, -76, -48, 29, 122)
(-111, 95, -81, -43, 5, 110)
(-127, 75, -90, -56, -33, 69)
(-127, 36, -109, -58, -44, 17)
(-93, -13, -99, -17, -18, -51)
(-34, -1, -58, 46, 4, -73)
(-18, 24, -40, 77, 8, -46)
(-29, 52, -35, 74, -6, -42)
(-31, 54, -33, 66, -21, -45)
(-27, 59, -27, 70, -25, -45)
(-16, 67, -23, 65, -18, -52)
(-8, 67, -20, 52, 0, -61)
(-12, 56, -24, 43, 18, -63)
(-29, 48, -31, 44, 24, -58)
(-40, 40, -33, 45, 13, -54)
(-36, 34, -31, 50, -1, -44)
(-29, 32, -27, 50, -10, -38)
(-19, 27, -22, 43, -13, -35)
(-12, 20, -17, 35, -10, -30)
(-12, 11, -16, 27, -5, -22)
(-15, 3, -16, 22, -2, -13)
(-18, -1, -16, 20, -1, -7)
(-17, -5, -15, 16, -3, -2)
(-18, -10, -15, 13, -4, 4)
(-17, -10, -15, 9, -6, 9)
BatchID:  2




(-35, -8, -29, 2, -1, 1)
(-34, -8, -29, 3, -1, 1)
(-36, -7, -30, 2, 0, 0)
(-36, -8, -30, 3, 0, 0)
(-38, -7, -30, 3, 0, 1)
(-37, -6, -30, 2, -1, 0)
(-37, -6, -29, 2, -2, 0)
(-35, -5, -30, 1, -1, -1)
(-34, -6, -29, 0, 0, -1)
(-33, -6, -29, 0, 2, -1)
(-34, -6, -29, 0, 3, -1)
(-34, -6, -30, 0, 2, 0)
(-35, -7, -31, 0, 0, 1)
(-34, -6, -31, 0, 0, 1)
(-35, -8, -31, 0, 0, 1)
(-35, -8, -31, 0, 0, 1)
(-35, -9, -31, 0, 0, 1)
(-34, -10, -30, 1, 0, 2)
(-34, -12, -29, 1, 1, 3)
(-33, -14, -29, 0, 2, 2)
(-32, -18, -28, -1, 3, 2)
(-31, -24, -28, -4, 4, 2)
(-31, -33, -29, -8, 3, 2)
(-34, -42, -29, -11, 1, 5)
(-36, -52, -31, -13, -4, 9)
(-36, -61, -30, -12, -11, 13)
(-32, -69, -25, -6, -16, 19)
(-22, -78, -25, 2, -17, 18)
(-17, -79, -20, 16, -10, 22)
(-13, -73, -17, 26, 0, 23)
(-20, -64, -13, 32, 13, 19)
(-40, -47, -12, 37, 18, -1)
(-47, -42, -11, 19, 5, -18)
(-35, -52, -13, 10, -9, -17)
(-23, -55, -16, 10, -15, -4)
(-10, -53, -16, 17, -15, 8)
(-1, -40, -12, 27, -7, 32)
(-5, -8, -4, 39, 6, 59)
(-27, 48, -7, 47, 13, 60)
(-31, 100, -8, 12, 0, 62)
(-26, 118, -23, -44, -26, 79)
(-26, 116, -47, -74, -39, 120)
(-33, 113, -64, -63, -36, 127)
(-40, 125, -77, -30, -6, 127)
(-68, 127, -90, -22, 40, 107)
(-110, 102, -101, -54, 61, 29)
(-127, 25, -118, -43, 33, -36)
(-126, -6, -106, 4, 2, -58)
(-69, 10, -77, 57, -29, -54)
(-30, 41, -54, 70, -46, -47)
(-10, 53, -38, 67, -47, -53)
(-5, 53, -25, 70, -36, -53)
(-7, 63, -16, 74, -23, -53)
(-12, 67, -13, 64, -17, -57)
(-16, 65, -16, 55, -12, -60)
(-22, 59, -20, 47, -9, -63)
(-23, 52, -24, 42, -7, -59)
(-22, 46, -29, 41, -3, -54)
(-25, 44, -30, 41, -2, -51)
(-24, 40, -27, 39, -2, -49)
(-22, 32, -21, 35, -3, -46)
(-21, 30, -15, 31, -3, -37)
(-15, 27, -13, 19, -4, -30)
(-13, 18, -11, 10, -5, -24)
(-10, 10, -12, 3, -1, -18)
(-12, 2, -13, 0, 4, -13)
(-11, -4, -12, -1, 10, -6)
(-15, -12, -9, -4, 11, 1)
(-19, -14, -7, -6, 11, 12)
(-20, -17, -5, -16, 8, 15)
BatchID:  3




(-38, -6, -30, 0, -1, -1)
(-35, -7, -28, 0, -1, -1)
(-35, -7, -28, 0, 0, 0)
(-35, -7, -28, 0, 1, 0)
(-36, -6, -28, 0, 1, 0)
(-37, -6, -29, 0, 0, 0)
(-36, -8, -29, 0, 0, 0)
(-35, -8, -28, 1, -1, 1)
(-36, -6, -28, 0, 0, 0)
(-35, -6, -28, 0, 0, -1)
(-34, -7, -28, 0, 1, -1)
(-34, -8, -28, 0, 2, -1)
(-35, -9, -30, 0, 2, 0)
(-36, -9, -29, 0, 1, 0)
(-37, -8, -29, 1, 0, 1)
(-38, -9, -30, 0, 0, 0)
(-39, -10, -29, 0, 1, -2)
(-38, -12, -29, -2, 3, -5)
(-35, -17, -29, -3, 9, -8)
(-34, -21, -30, -6, 18, -12)
(-35, -28, -31, -9, 24, -16)
(-39, -40, -32, -13, 24, -18)
(-47, -54, -33, -15, 17, -17)
(-54, -68, -33, -14, 2, -15)
(-54, -79, -32, -11, -13, -11)
(-51, -92, -26, -2, -28, -9)
(-41, -89, -22, 12, -36, -5)
(-30, -82, -16, 22, -41, -6)
(-18, -69, -10, 27, -41, -7)
(-6, -64, -2, 29, -37, -10)
(4, -54, 1, 28, -25, -6)
(13, -47, 4, 24, -11, 0)
(16, -41, 3, 20, 2, 17)
(10, -34, 0, 20, 16, 40)
(-2, -14, -5, 24, 22, 57)
(-12, 9, -8, 22, 25, 66)
(-34, 36, -9, 18, 16, 63)
(-29, 70, -8, 0, -3, 56)
(-12, 90, -14, -24, -19, 67)
(0, 109, -25, -50, -18, 94)
(1, 121, -42, -64, -7, 127)
(-18, 127, -61, -60, 12, 127)
(-57, 127, -82, -48, 33, 127)
(-101, 127, -94, -62, 43, 79)
(-122, 79, -107, -90, 42, 8)
(-127, 5, -124, -64, 20, -48)
(-91, -27, -99, -3, 18, -78)
(-49, -5, -69, 58, 3, -59)
(-39, 35, -52, 82, -19, -36)
(-33, 57, -37, 74, -41, -35)
(-22, 62, -25, 70, -45, -36)
(-19, 71, -22, 67, -36, -40)
(-19, 77, -24, 55, -20, -54)
(-17, 72, -29, 45, -3, -67)
(-17, 62, -34, 43, 10, -70)
(-22, 53, -39, 46, 14, -66)
(-28, 48, -39, 47, 8, -58)
(-31, 44, -36, 47, -6, -47)
(-25, 39, -28, 41, -18, -38)
(-18, 30, -21, 33, -19, -33)
(-10, 23, -14, 22, -11, -31)
(-7, 11, -13, 14, 2, -29)
(-8, 2, -12, 8, 14, -27)
(-10, -5, -13, 1, 20, -19)
(-15, -13, -14, -2, 19, -7)
(-22, -20, -14, -3, 14, 2)
(-25, -25, -10, -4, 5, 8)
(-23, -27, -2, -8, 0, 15)
(-14, -29, 0, -19, 3, 16)
(-10, -35, 0, -31, 15, 16)
BatchID:  4




(-34, -6, -33, 0, -1, 0)
(-35, -6, -32, 0, -1, 0)
(-35, -6, -31, 0, 0, 0)
(-35, -6, -33, 0, 0, -1)
(-35, -7, -32, 0, 0, -1)
(-35, -7, -32, 1, 0, -1)
(-35, -7, -32, 1, 0, -1)
(-35, -7, -32, 1, -2, 0)
(-36, -7, -31, 1, -5, 0)
(-36, -7, -30, 1, -9, 0)
(-34, -6, -29, 0, -11, -1)
(-31, -6, -27, 0, -11, -3)
(-27, -8, -26, 0, -7, -5)
(-26, -10, -24, 0, -1, -5)
(-27, -12, -25, 0, 3, -3)
(-25, -16, -25, 0, 8, -1)
(-25, -22, -25, 0, 13, 0)
(-30, -30, -25, 0, 16, 0)
(-38, -38, -28, 0, 12, 0)
(-46, -48, -29, 1, 2, 0)
(-50, -56, -31, 3, -9, 0)
(-49, -65, -29, 9, -20, 0)
(-45, -71, -26, 16, -26, 0)
(-41, -73, -23, 22, -27, 0)
(-38, -73, -19, 27, -23, 0)
(-35, -72, -15, 31, -18, 1)
(-34, -68, -11, 35, -11, 3)
(-33, -60, -6, 37, -7, 4)
(-34, -48, -1, 34, -5, 2)
(-32, -40, 1, 26, -8, 2)
(-35, -28, 5, 19, -16, 5)
(-27, -13, 7, 5, -26, 10)
(-14, 1, 10, -9, -32, 23)
(-2, 20, 9, -24, -30, 43)
(0, 44, 5, -34, -19, 60)
(3, 73, -4, -46, -4, 73)
(3, 102, -22, -63, 7, 87)
(-4, 117, -47, -78, 26, 102)
(-23, 125, -72, -77, 38, 109)
(-52, 124, -94, -70, 44, 101)
(-76, 108, -106, -71, 42, 66)
(-85, 57, -110, -73, 42, 21)
(-103, 2, -117, -38, 32, -15)
(-97, -17, -105, 11, 25, -33)
(-66, 5, -72, 63, 10, -35)
(-50, 38, -49, 76, -10, -33)
(-41, 49, -36, 68, -34, -34)
(-25, 50, -28, 66, -46, -33)
(-10, 56, -22, 63, -44, -35)
(-5, 56, -22, 57, -31, -40)
(-3, 53, -23, 52, -14, -45)
(-7, 49, -26, 49, 2, -48)
(-19, 43, -30, 47, 10, -46)
(-27, 39, -31, 46, 9, -41)
(-30, 37, -31, 41, 1, -35)
(-29, 31, -28, 33, -6, -29)
(-28, 23, -26, 24, -14, -24)
(-29, 16, -25, 17, -21, -16)
(-29, 10, -23, 12, -25, -10)
(-24, 6, -21, 7, -23, -10)
(-16, 1, -19, 4, -12, -14)
(-11, -3, -17, 4, 1, -15)
(-12, -9, -17, 7, 14, -11)
(-18, -9, -18, 8, 19, -4)
(-21, -8, -18, 5, 16, 2)
(-25, -7, -17, 0, 12, 12)
(-24, -9, -18, -5, 11, 16)
(-24, -12, -18, -7, 17, 15)
(-24, -15, -20, -9, 25, 16)
BatchID:  5




(-36, -5, -35, 0, 0, -5)
(-37, -5, -35, 0, 0, -5)
(-35, -4, -34, 0, -1, -6)
(-34, -5, -33, 0, -1, -6)
(-32, -4, -33, 0, 0, -7)
(-30, -5, -32, 0, 0, -7)
(-30, -6, -32, 0, 1, -6)
(-31, -7, -33, 0, 1, -5)
(-32, -7, -33, 0, 2, -5)
(-32, -8, -34, 0, 2, -5)
(-30, -10, -35, 1, 1, -3)
(-34, -8, -33, 2, 2, -2)
(-33, -9, -34, 0, 0, -2)
(-33, -11, -34, 1, 1, -1)
(-32, -12, -33, 1, 1, -1)
(-32, -14, -31, 0, 3, -1)
(-33, -17, -31, -2, 4, -2)
(-35, -24, -29, -5, 4, -3)
(-37, -32, -27, -5, 3, -2)
(-39, -41, -26, -6, 0, -2)
(-40, -50, -24, -5, -5, -3)
(-41, -59, -23, -5, -9, -4)
(-41, -64, -22, -3, -13, -3)
(-38, -78, -20, 0, -16, -5)
(-33, -83, -19, 10, -15, -1)
(-26, -82, -17, 21, -12, 4)
(-19, -77, -16, 30, -4, 10)
(-21, -67, -15, 37, 4, 11)
(-33, -54, -14, 43, 7, 6)
(-38, -39, -8, 38, -2, -5)
(-35, -31, -3, 25, -21, -9)
(-22, -24, 0, 12, -44, 2)
(-3, -12, 2, 0, -58, 19)
(21, 0, 4, -9, -54, 42)
(36, 25, 4, -12, -29, 66)
(37, 59, -1, -18, 1, 84)
(27, 94, -14, -28, 25, 103)
(15, 127, -36, -51, 35, 127)
(-26, 127, -68, -68, 29, 127)
(-71, 127, -91, -74, 7, 127)
(-112, 127, -98, -82, -28, 127)
(-105, 124, -98, -102, -30, 90)
(-127, 49, -127, -105, -1, 0)
(-127, -40, -127, -38, 25, -88)
(-51, -7, -73, 62, 25, -108)
(-31, 32, -49, 82, -3, -41)
(-28, 60, -41, 75, -39, -39)
(-11, 52, -24, 57, -57, -41)
(4, 46, -13, 63, -49, -28)
(2, 63, -9, 64, -25, -30)
(-4, 64, -10, 45, -4, -47)
(-14, 56, -15, 38, 11, -58)
(-19, 50, -21, 34, 19, -61)
(-24, 44, -26, 31, 18, -58)
(-24, 39, -28, 28, 12, -50)
(-20, 33, -24, 24, 6, -42)
(-19, 26, -22, 22, 5, -32)
(-21, 23, -21, 17, 5, -28)
(-28, 19, -23, 15, 6, -26)
(-32, 16, -24, 10, 6, -27)
(-33, 10, -25, 4, 4, -26)
(-31, 6, -25, 1, 0, -22)
(-26, 1, -26, -2, -1, -16)
(-24, -2, -26, -4, 0, -11)
(-23, -6, -24, -4, 2, -7)
(-23, -9, -21, -2, 5, -4)
(-23, -10, -19, -3, 8, -1)
(-21, -16, -16, -10, 15, 0)
(-26, -23, -16, -14, 22, 4)
BatchID:  6




(-24, -16, -42, 0, -3, 0)
(-24, -16, -42, 0, -2, 0)
(-23, -17, -41, 0, -1, 0)
(-24, -16, -41, 1, 0, 1)
(-26, -15, -42, 1, 0, 1)
(-26, -16, -41, 1, -4, 2)
(-26, -16, -42, 1, -7, 2)
(-24, -14, -40, 0, -10, 2)
(-20, -16, -38, 0, -9, 3)
(-18, -16, -39, 0, -4, 3)
(-20, -16, -39, 1, 2, 3)
(-24, -15, -41, 2, 6, 2)
(-27, -14, -41, 1, 5, 1)
(-26, -15, -41, 0, 4, 1)
(-23, -17, -40, -2, 6, 0)
(-20, -20, -37, -3, 11, 0)
(-19, -23, -35, -5, 19, 0)
(-21, -31, -32, -8, 26, -1)
(-28, -41, -32, -11, 26, -1)
(-40, -55, -32, -15, 15, 2)
(-47, -65, -31, -14, -1, 8)
(-43, -69, -31, -11, -16, 14)
(-38, -78, -27, -9, -24, 12)
(-27, -83, -28, 0, -22, 11)
(-18, -85, -21, 11, -14, 5)
(-11, -83, -15, 24, -1, 5)
(-8, -74, -11, 32, 12, 7)
(-3, -64, -10, 29, 23, 11)
(3, -60, -12, 20, 35, 13)
(13, -54, -15, 9, 54, 14)
(16, -42, -21, 0, 80, 17)
(-4, -32, -29, -10, 93, 22)
(-36, -26, -36, -13, 75, 21)
(-57, -9, -37, -10, 32, 15)
(-52, 12, -35, -13, -16, 11)
(-35, 38, -33, -24, -61, 18)
(-11, 70, -38, -41, -90, 35)
(6, 95, -42, -68, -100, 58)
(12, 117, -54, -91, -93, 91)
(-6, 127, -74, -95, -80, 123)
(-36, 127, -96, -98, -64, 127)
(-62, 127, -112, -113, -36, 74)
(-52, 86, -117, -127, 0, -4)
(-44, 18, -127, -105, 44, -61)
(-46, -41, -127, -44, 69, -90)
(-48, -55, -105, 37, 51, -72)
(-45, -14, -81, 110, 4, -13)
(-39, 40, -59, 116, -51, 16)
(-22, 60, -41, 97, -75, 13)
(-4, 69, -25, 78, -69, -1)
(0, 70, -17, 64, -45, -18)
(0, 63, -19, 50, -15, -34)
(-4, 56, -26, 42, 9, -43)
(-14, 45, -36, 38, 26, -49)
(-24, 37, -45, 40, 30, -48)
(-29, 35, -52, 42, 24, -43)
(-35, 33, -55, 38, 15, -39)
(-39, 24, -50, 38, 1, -37)
(-33, 19, -39, 40, -8, -36)
(-23, 16, -31, 35, -12, -33)
(-16, 9, -23, 27, -11, -32)
(-12, -1, -17, 19, -9, -31)
(-8, -6, -15, 14, -5, -24)
(-10, -4, -16, 6, -2, -16)
(-12, -8, -20, -4, -2, -11)
(-14, -13, -24, -9, -1, -5)
(-20, -20, -26, -9, -2, 2)
(-26, -26, -26, -2, -8, 8)
BatchID:  7




(-30, -7, -37, 4, 1, 0)
(-32, -6, -37, 2, 0, -1)
(-32, -6, -36, 1, 0, -1)
(-32, -6, -37, 0, -1, -1)
(-32, -7, -37, 0, 0, -2)
(-32, -7, -39, 0, 0, -2)
(-31, -7, -39, 0, 0, -2)
(-32, -6, -39, 0, 1, -3)
(-31, -6, -39, 0, 0, -3)
(-30, -6, -39, 1, 0, -3)
(-30, -7, -39, 0, 0, -3)
(-29, -7, -39, 0, 0, -3)
(-29, -6, -39, 1, 0, -2)
(-29, -6, -39, 1, 0, -2)
(-28, -7, -38, 1, 0, -2)
(-28, -7, -39, 1, 1, -1)
(-29, -8, -39, 1, 1, 0)
(-30, -8, -39, 2, 0, 0)
(-31, -7, -39, 2, 0, 0)
(-31, -8, -39, 2, 0, 0)
(-30, -10, -39, 2, 0, 1)
(-29, -10, -37, 1, 3, 1)
(-30, -13, -37, 0, 7, 0)
(-33, -17, -34, -3, 10, -1)
(-36, -28, -35, -7, 11, -3)
(-40, -40, -33, -10, 7, -5)
(-46, -55, -32, -13, 0, -6)
(-52, -70, -32, -13, -13, -7)
(-54, -87, -30, -11, -25, -9)
(-50, -98, -30, -8, -34, -11)
(-43, -109, -30, -3, -38, -13)
(-29, -114, -26, 10, -35, -14)
(-16, -101, -20, 30, -22, -11)
(-5, -82, -17, 40, -6, -13)
(-5, -66, -13, 44, 5, -11)
(-8, -52, -10, 44, 2, 2)
(-4, -36, -8, 42, -7, 22)
(0, -13, -3, 40, -11, 40)
(0, 14, -5, 36, -8, 52)
(-7, 41, -7, 26, -5, 50)
(-14, 81, -13, 8, -6, 47)
(-13, 111, -24, -29, -18, 53)
(-11, 119, -38, -73, -28, 76)
(-8, 119, -52, -89, -30, 114)
(-19, 125, -67, -79, -15, 127)
(-36, 127, -81, -73, 11, 106)
(-52, 117, -87, -97, 36, 51)
(-66, 63, -96, -96, 57, 9)
(-90, 15, -104, -70, 58, -22)
(-85, -10, -110, -25, 48, -45)
(-66, -13, -91, 21, 23, -51)
(-46, 6, -71, 61, -3, -33)
(-37, 34, -58, 79, -24, -23)
(-29, 58, -48, 85, -31, -25)
(-17, 86, -42, 72, -17, -48)
(-14, 81, -41, 65, 0, -60)
unpack requires a buffer of 20 bytes
(-17, 65, -43, 63, 17, -61)
(2, 3, 4, 5, 6, 0)
(0, 0, 0, 0, 0, 0)
(-22, 57, -42, 64, 12, -51)
(-24, 53, -36, 60, -2, -42)
(-15, 47, -29, 47, -15, -32)
(-3, 31, -20, 31, -15, -26)
(-2, 13, -14, 22, -8, -20)
(-6, 1, -9, 17, 0, -11)
(-9, -8, -7, 10, 3, -3)
(-9, -12, -6, 0, 6, 3)
(-10, -20, -8, -11, 9, 9)
BatchID:  8




(-33, -9, -36, 1, 0, -3)
(-33, -9, -36, 2, 0, -3)
(-33, -8, -35, 3, -2, -1)
(-32, -7, -35, 2, -3, -1)
(-31, -7, -34, 2, -3, -1)
(-30, -7, -33, 1, -2, -1)
(-30, -6, -33, 0, 0, -2)
(-30, -8, -35, 0, 1, -2)
(-32, -9, -36, 0, 2, -1)
(-33, -9, -37, 1, 1, -1)
(-34, -9, -37, 2, 0, 0)
(-34, -8, -35, 2, -2, 0)
(-33, -8, -34, 1, -2, -1)
(-33, -8, -33, 1, -2, -1)
(-33, -8, -34, 1, 0, -2)
(-35, -8, -35, 1, 0, -3)
(-35, -7, -35, 0, 0, -5)
(-35, -9, -35, -1, 0, -5)
(-33, -11, -35, -3, 1, -5)
(-31, -15, -35, -4, 4, -6)
(-28, -19, -34, -5, 9, -8)
(-27, -27, -32, -8, 15, -10)
(-28, -40, -31, -9, 18, -10)
(-32, -55, -30, -8, 17, -8)
(-40, -66, -29, -7, 11, -6)
(-46, -79, -27, -5, -1, -3)
(-48, -88, -22, -2, -15, -4)
(-43, -94, -20, 0, -23, -6)
(-34, -100, -16, 2, -26, -12)
(-20, -103, -12, 10, -21, -15)
(-4, -97, -8, 21, -7, -15)
(4, -87, -6, 30, 11, -12)
(1, -74, -5, 33, 22, -3)
(-6, -64, -5, 33, 20, 12)
(-8, -53, -4, 34, 7, 32)
(-7, -29, -1, 35, -4, 53)
(-13, -1, 0, 34, -8, 59)
(-22, 41, 0, 30, -6, 46)
(-21, 82, -3, 4, -12, 34)
(-2, 103, -14, -41, -17, 43)
(7, 116, -32, -70, -15, 80)
(1, 127, -54, -69, -5, 127)
(-25, 127, -81, -60, 13, 127)
(-61, 127, -103, -80, 36, 100)
(-77, 127, -107, -127, 49, 24)
(-80, 69, -122, -124, 64, -25)
(-93, -4, -127, -85, 71, -65)
(-76, -43, -123, -11, 49, -73)
(-59, -28, -94, 67, 20, -44)
(-53, 31, -70, 103, -13, -21)
(-41, 61, -50, 98, -33, -29)
(-32, 75, -38, 92, -33, -45)
(-24, 81, -35, 87, -24, -57)
(-15, 85, -36, 80, -15, -65)
(-6, 79, -39, 65, -8, -70)
(0, 61, -43, 60, -4, -62)
(-1, 51, -45, 60, -5, -44)
(-10, 44, -46, 57, -10, -27)
(-17, 39, -42, 51, -17, -17)
(-16, 28, -31, 40, -25, -16)
(-5, 13, -18, 26, -29, -11)
(0, 0, -10, 12, -23, -1)
(1, -9, -9, 1, -11, 11)
(-7, -16, -13, -6, -2, 18)
(-16, -23, -14, -10, 2, 24)
(-21, -26, -11, -10, 2, 28)
(-20, -27, -2, -16, 0, 33)
(-14, -29, 2, -28, 0, 38)
(-12, -31, 2, -41, 12, 38)
BatchID:  9




(-32, -9, -35, 0, 2, 0)
(-33, -10, -36, 1, 0, 1)
(-34, -8, -35, 2, -1, 1)
(-32, -7, -34, 0, -2, 0)
(-29, -10, -34, 0, -2, 0)
(-29, -10, -34, 1, 0, 1)
(-31, -9, -34, 1, 1, 0)
(-31, -9, -34, 0, 1, 1)
(-32, -10, -34, 0, 0, 1)
(-32, -11, -35, 1, 0, 1)
(-33, -10, -35, 1, 0, 1)
(-32, -10, -35, 1, 0, 1)
(-31, -9, -34, 1, 0, 1)
(-30, -9, -35, 0, 1, 1)
(-29, -11, -34, 0, 3, 1)
(-30, -11, -34, 1, 6, 1)
(-32, -11, -32, 1, 9, 1)
(-32, -11, -31, 0, 11, 0)
(-32, -13, -30, -3, 13, 0)
(-31, -18, -28, -9, 12, 0)
(-33, -30, -30, -15, 8, 2)
(-39, -46, -33, -16, -1, 8)
(-41, -61, -34, -11, -12, 16)
(-40, -66, -31, -5, -23, 23)
(-33, -70, -27, 0, -30, 27)
(-30, -77, -23, 2, -32, 29)
(-25, -74, -21, 8, -30, 28)
(-25, -70, -22, 13, -22, 21)
(-22, -64, -20, 16, -14, 10)
(-19, -63, -22, 23, -3, 2)
(-26, -56, -22, 31, 0, 0)
(-29, -48, -21, 36, -7, 4)
(-29, -38, -19, 35, -23, 13)
(-19, -28, -16, 32, -38, 25)
(-7, -15, -9, 28, -40, 40)
(-12, 3, -9, 31, -30, 43)
(-26, 32, -10, 22, -28, 37)
(-23, 50, -8, 2, -39, 45)
(-10, 72, -8, -16, -44, 67)
(0, 92, -11, -33, -41, 92)
(11, 115, -22, -49, -18, 113)
(0, 127, -37, -61, 15, 116)
(-22, 127, -61, -75, 49, 98)
(-50, 127, -83, -95, 72, 63)
(-76, 101, -101, -104, 80, 24)
(-103, 42, -112, -86, 64, -10)
(-111, -7, -122, -46, 45, -36)
(-100, -26, -109, 14, 16, -39)
(-71, 0, -80, 68, -16, -27)
(-49, 38, -53, 83, -42, -21)
(-27, 56, -31, 78, -51, -26)
(-14, 64, -15, 71, -40, -35)
(-12, 71, -10, 59, -19, -48)
(-17, 65, -13, 45, 0, -61)
(-20, 57, -20, 39, 12, -67)
(-25, 50, -27, 36, 19, -67)
(-31, 40, -34, 35, 18, -62)
(-38, 36, -37, 39, 10, -54)
(-38, 35, -35, 41, 0, -50)
(-31, 34, -30, 38, -6, -46)
(-25, 30, -24, 33, -6, -43)
(-23, 26, -23, 25, -3, -38)
(-22, 19, -25, 16, -2, -36)
(-21, 11, -29, 10, 1, -31)
(-25, 2, -31, 10, 1, -27)
(-27, -1, -29, 14, -1, -20)
(-27, 0, -23, 15, -6, -16)
(-24, 0, -17, 10, -11, -12)
(-20, -3, -14, 1, -11, -9)
(-15, -8, -11, -6, -5, -8)
BatchID:  10




(-34, -12, -33, 1, -1, 0)
(-34, -11, -33, 2, -1, 1)
(-35, -11, -32, 3, -1, 1)
(-35, -9, -31, 3, -1, 1)
(-35, -8, -30, 2, -1, 0)
(-34, -8, -30, 1, -1, -1)
(-33, -11, -30, 0, 0, -2)
(-32, -12, -30, 0, 0, 0)
(-33, -12, -30, 1, 0, 0)
(-35, -11, -30, 2, 0, 0)
(-34, -10, -29, 1, 0, 0)
(-33, -11, -30, 0, 0, 0)
(-34, -11, -30, 0, 0, 0)
(-34, -12, -30, 1, 0, 0)
(-34, -11, -30, 0, 0, 0)
(-33, -12, -30, 0, 0, 0)
(-33, -12, -30, 0, 0, 1)
(-33, -12, -30, 0, 0, 2)
(-33, -13, -31, 0, 0, 2)
(-32, -14, -30, 0, 0, 2)
(-31, -17, -30, 0, 0, 2)
(-29, -21, -30, 0, 0, 3)
(-28, -28, -28, -2, 0, 4)
(-27, -37, -27, -3, 0, 5)
(-29, -45, -25, -5, -1, 8)
(-28, -54, -25, -6, -1, 12)
(-30, -64, -25, -8, -5, 15)
(-32, -76, -25, -6, -9, 20)
(-27, -79, -23, -1, -13, 20)
(-26, -81, -22, 7, -9, 20)
(-25, -75, -20, 15, 1, 8)
(-24, -71, -19, 19, 15, -1)
(-27, -67, -21, 23, 28, -8)
(-34, -63, -25, 24, 29, -10)
(-38, -61, -27, 27, 21, -7)
(-36, -54, -27, 31, 4, 0)
(-36, -48, -24, 36, -11, 11)
(-38, -23, -19, 49, -26, 19)
(-35, 9, -14, 42, -43, 22)
(-21, 33, -4, 20, -56, 26)
(3, 58, 0, -10, -57, 47)
(28, 75, -6, -38, -41, 80)
(29, 89, -23, -52, -1, 110)
(1, 108, -46, -45, 37, 127)
(-47, 127, -69, -32, 59, 127)
(-98, 127, -83, -34, 51, 113)
(-119, 127, -89, -77, 21, 63)
(-113, 64, -94, -90, 3, 12)
(-94, 2, -99, -58, -3, -21)
(-70, -14, -87, -1, 4, -37)
(-49, 4, -69, 42, 1, -37)
(-43, 32, -51, 58, -13, -37)
(-37, 45, -38, 62, -27, -39)
(-32, 53, -29, 62, -34, -45)
(-22, 62, -22, 60, -30, -53)
(-17, 66, -18, 53, -18, -63)
(-17, 63, -17, 47, -1, -75)
(-19, 57, -18, 43, 12, -75)
(-29, 53, -23, 42, 18, -72)
(-41, 47, -26, 38, 12, -69)
(-38, 45, -24, 32, -2, -65)
(-30, 35, -22, 21, -11, -58)
(-22, 26, -21, 13, -13, -53)
(-16, 15, -18, 6, -9, -47)
(-16, 6, -20, 7, 0, -43)
(-17, 1, -20, 3, 9, -40)
(-22, -6, -19, 1, 10, -36)
(-24, -12, -15, 0, 2, -25)
(-23, -15, -13, -4, -9, -14)
(-19, -20, -14, -10, -17, -2)
BatchID:  11




(-27, -20, -31, 6, 2, 5)
(-32, -17, -30, 10, 3, 7)
(-36, -10, -29, 8, 2, 6)
(-35, -9, -28, 4, 0, 3)
(-33, -11, -27, 0, 0, 2)
(-31, -15, -29, 0, 3, 3)
(-34, -14, -30, 0, 5, 2)
(-36, -14, -32, 0, 6, 1)
(-39, -15, -34, 0, 5, 1)
(-40, -15, -35, 1, 3, 0)
(-38, -16, -35, 2, 0, 0)
(-36, -16, -33, 4, -1, 1)
(-35, -14, -32, 5, -1, 0)
(-33, -14, -31, 5, -1, 0)
(-33, -14, -29, 4, 0, 0)
(-33, -16, -30, 3, 0, 0)
(-32, -21, -29, 3, 0, -1)
(-32, -27, -29, 2, 1, -1)
(-33, -35, -27, 2, 0, -2)
(-35, -42, -24, 1, 0, -3)
(-40, -52, -22, 1, -3, -4)
(-43, -62, -16, 2, -8, -6)
(-39, -68, -13, 1, -12, -8)
(-33, -76, -10, 0, -13, -10)
(-23, -79, -6, 0, -5, -15)
(-17, -79, -6, 2, 10, -16)
(-21, -76, -9, 4, 25, -21)
(-24, -73, -16, 5, 32, -23)
(-31, -71, -20, 10, 32, -21)
(-43, -56, -21, 17, 18, -19)
(-48, -48, -22, 16, -10, -16)
(-51, -34, -19, 18, -40, -11)
(-36, -10, -15, 6, -70, -8)
(-19, 2, -14, -10, -82, -4)
(1, 11, -12, -30, -78, 4)
(29, 8, -8, -44, -55, 30)
(42, 12, -5, -41, -15, 71)
(26, 43, -9, -25, 33, 106)
(-9, 92, -26, -17, 62, 127)
(-45, 127, -42, -41, 64, 127)
(-83, 127, -60, -68, 48, 115)
(-110, 121, -76, -95, 14, 94)
(-106, 73, -83, -94, -9, 74)
(-100, 35, -96, -73, -5, 39)
(-99, 3, -121, -47, 21, -16)
(-89, -40, -110, -4, 38, -77)
(-60, -35, -74, 61, 16, -52)
(-51, 23, -53, 98, -19, -17)
(-37, 53, -34, 72, -51, -30)
(-17, 48, -17, 59, -55, -40)
(-4, 52, -6, 57, -36, -43)
(-2, 54, -4, 46, -10, -51)
(-9, 50, -11, 35, 15, -60)
(-23, 44, -20, 26, 32, -69)
(-35, 29, -32, 24, 35, -73)
(-44, 18, -40, 29, 27, -67)
(-47, 17, -43, 39, 12, -58)
(-43, 23, -36, 45, -1, -53)
(-31, 25, -30, 40, -9, -50)
(-20, 18, -27, 34, -8, -49)
(-14, 9, -26, 31, 0, -44)
(-20, 5, -25, 29, 3, -40)
(-21, 3, -25, 25, 0, -35)
(-15, -5, -24, 17, -4, -28)
(-10, -12, -21, 17, -4, -20)
(-7, -10, -21, 16, 0, -13)
(-7, -14, -21, 10, 2, -9)
(-6, -20, -19, 6, 0, -1)
(-4, -24, -16, 4, 0, 9)
(-5, -25, -12, 1, -2, 20)
BatchID:  12




(-24, -20, -28, 6, 4, -2)
(-28, -18, -28, 5, 18, -5)
(-36, -17, -31, 3, 22, -8)
(-43, -16, -33, 2, 17, -9)
(-44, -17, -35, 2, 4, -7)
(-38, -18, -36, 5, -6, -4)
(-33, -14, -36, 10, -10, -3)
(-28, -11, -34, 11, -9, -2)
(-25, -11, -31, 11, -4, -2)
(-26, -9, -30, 11, 2, -1)
(-30, -9, -31, 10, 5, -2)
(-31, -12, -29, 8, 3, -1)
(-30, -14, -28, 7, 1, 0)
(-28, -19, -25, 6, 1, 1)
(-27, -25, -20, 6, 6, 2)
(-26, -28, -14, 5, 15, 0)
(-29, -32, -11, 0, 21, -3)
(-32, -43, -13, -8, 20, -6)
(-33, -54, -15, -12, 14, -5)
(-34, -66, -16, -10, 4, -1)
(-30, -75, -16, -5, -4, 6)
(-22, -77, -14, 1, -6, 15)
(-17, -80, -12, 11, 0, 19)
(-25, -77, -11, 22, 5, 19)
(-46, -63, -10, 32, -4, 9)
(-59, -48, -8, 21, -37, -4)
(-37, -44, -4, 6, -75, -1)
(-5, -38, 0, -3, -83, 12)
(22, -29, 5, -9, -63, 25)
(24, -13, 4, -10, -30, 46)
(5, 16, -1, -7, -6, 72)
(-36, 76, -17, -3, -10, 93)
(-47, 122, -28, -47, -45, 105)
(-30, 127, -48, -94, -63, 114)
(-17, 116, -59, -103, -36, 121)
(-12, 114, -67, -76, 20, 115)
(-34, 114, -75, -69, 79, 78)
(-78, 83, -87, -75, 110, 30)
(-117, 34, -97, -62, 92, -3)
(-127, 2, -100, -30, 47, -26)
(-111, -9, -86, 3, -5, -34)
(-66, -3, -68, 33, -45, -32)
(-29, 8, -45, 54, -59, -28)
(-9, 25, -23, 70, -52, -23)
(-5, 47, -6, 69, -36, -22)
(-11, 60, 0, 55, -21, -29)
(-17, 59, 0, 37, -4, -39)
(-22, 50, -6, 23, 9, -47)
(-25, 36, -16, 12, 19, -52)
(-31, 25, -26, 12, 25, -49)
(-41, 20, -37, 14, 24, -45)
(-44, 19, -42, 19, 18, -42)
(-42, 21, -44, 23, 10, -40)
(-36, 18, -44, 25, 4, -39)
(-32, 16, -41, 28, 3, -37)
(-29, 11, -38, 31, 6, -34)
(-32, 11, -36, 32, 7, -30)
(-32, 10, -35, 28, 5, -27)
(-30, 8, -36, 26, 4, -24)
(-27, 7, -37, 22, 2, -21)
(-20, 2, -36, 19, 2, -15)
(-16, -3, -35, 20, 5, -10)
(-16, -7, -34, 24, 9, -6)
(-20, -9, -28, 27, 9, 0)
(-26, -9, -22, 25, 1, 8)
(-24, -8, -17, 18, -5, 20)
(-18, -12, -16, 9, 0, 24)
(-20, -21, -15, 6, 13, 24)
(-28, -27, -14, 12, 29, 24)
(-40, -28, -14, 18, 37, 25)
(-44, -27, -11, 21, 36, 23)
BatchID:  13




(-33, -13, -31, 0, 0, -1)
(-33, -14, -31, 0, 0, -2)
(-33, -16, -31, 0, 1, -2)
(-32, -18, -31, 0, 0, -2)
(-32, -19, -31, 1, 0, 0)
(-32, -16, -30, 2, 1, 0)
(-33, -15, -30, 1, 2, -1)
(-34, -15, -32, 0, 4, -3)
(-35, -14, -34, -1, 7, -6)
(-37, -13, -34, -4, 9, -10)
(-41, -13, -35, -6, 8, -11)
(-43, -15, -36, -8, 3, -12)
(-44, -19, -35, -8, -4, -9)
(-40, -22, -32, -4, -9, -6)
(-35, -20, -28, -4, -12, -5)
(-30, -24, -23, -9, -12, -3)
(-26, -32, -21, -16, -8, -2)
(-26, -43, -19, -20, -3, -2)
(-25, -55, -20, -21, 1, -2)
(-26, -61, -18, -21, 6, 1)
(-23, -72, -23, -23, 10, -1)
(-23, -78, -29, -17, 14, 2)
(-22, -87, -29, -9, 14, 0)
(-20, -91, -30, 5, 13, 0)
(-18, -86, -26, 22, 11, 5)
(-19, -76, -23, 37, 6, 10)
(-23, -61, -17, 43, -9, 11)
(-24, -46, -10, 47, -30, 16)
(-21, -29, -4, 45, -49, 18)
(-14, -10, 0, 38, -58, 15)
(2, 7, 5, 22, -58, 17)
(17, 26, 9, 7, -41, 32)
(19, 50, 9, -6, -19, 56)
(4, 79, 0, -20, 0, 81)
(-21, 115, -13, -40, 3, 100)
(-50, 127, -34, -77, -9, 112)
(-82, 127, -54, -110, -23, 106)
(-94, 127, -66, -127, -35, 88)
(-69, 123, -66, -127, -16, 56)
(-45, 77, -85, -127, 42, 6)
(-69, 14, -107, -123, 98, -46)
(-100, -47, -127, -67, 107, -75)
(-103, -64, -104, 8, 60, -59)
(-86, -14, -80, 78, -2, -12)
(-56, 37, -56, 79, -56, -10)
(-28, 44, -35, 70, -70, -18)
(-7, 51, -21, 67, -50, -25)
(-4, 54, -17, 63, -18, -39)
(-9, 57, -18, 58, 13, -50)
(-17, 55, -25, 47, 31, -58)
(-26, 43, -35, 41, 32, -56)
(-33, 32, -44, 41, 20, -46)
(-34, 27, -45, 49, 6, -34)
(-28, 31, -41, 53, -2, -26)
(-23, 32, -38, 51, -4, -22)
(-17, 29, -33, 47, -2, -21)
(-15, 23, -30, 43, 5, -19)
(-18, 20, -29, 38, 13, -18)
(-21, 10, -29, 30, 15, -16)
(-23, 2, -28, 27, 14, -8)
(-22, 0, -25, 23, 15, -2)
(-26, -7, -22, 18, 16, 2)
(-28, -16, -18, 13, 14, 3)
(-33, -25, -13, 10, 11, 4)
(-32, -30, -9, 6, 8, 8)
(-28, -30, -7, 0, 6, 14)
(-23, -29, -10, -12, 9, 15)
(-18, -35, -13, -23, 16, 13)
(-21, -45, -18, -28, 26, 13)
BatchID:  14



(-37, -28, -11, 3, 5, -19)
(-30, -32, -6, 8, -2, -15)
(-20, -33, -3, 11, -8, -9)
(-16, -32, 0, 13, -11, -1)
(-18, -27, 0, 12, -12, 2)
(-22, -24, 2, 9, -11, -2)
(-17, -26, 3, 0, -12, -3)
(0, -31, 5, -10, 0, 7)
(3, -34, 0, -10, 34, 17)
(-27, -26, -10, -11, 53, 21)
(-50, -28, -18, -14, 46, 22)
(-70, -34, -21, -8, 19, 20)
(-67, -34, -18, 2, -14, 8)
(-50, -35, -9, 2, -39, 3)
(-18, -37, 0, 1, -51, 9)
(1, -32, 8, 3, -43, 27)
(12, -20, 14, 3, -26, 51)
(9, 0, 20, 2, -5, 73)
(-3, 30, 20, 1, 15, 91)
(-21, 63, 12, -10, 24, 100)
(-40, 92, 0, -38, 19, 117)
(-56, 102, -17, -60, 11, 125)
(-67, 101, -31, -71, 9, 124)
(-74, 92, -44, -68, 21, 111)
(-88, 80, -58, -63, 49, 70)
(-108, 48, -83, -72, 78, 12)
(-120, -3, -105, -59, 87, -47)
(-92, -33, -84, -7, 72, -77)
(-66, -14, -64, 55, 33, -43)
(-53, 27, -52, 76, -9, -31)
(-36, 43, -36, 69, -37, -32)
(-20, 50, -23, 71, -38, -31)
(-11, 61, -16, 69, -19, -37)
(-7, 66, -15, 58, 10, -51)
(-12, 60, -17, 48, 39, -59)
(-28, 51, -24, 44, 53, -60)
(-44, 39, -29, 42, 47, -53)
(-49, 38, -33, 47, 30, -43)
(-43, 42, -33, 45, 16, -38)
(-32, 36, -32, 37, 11, -35)
(-29, 24, -27, 35, 14, -34)
(-27, 13, -24, 34, 17, -34)
(-29, 3, -18, 34, 14, -26)
(-26, 0, -14, 31, 6, -15)
(-21, -1, -12, 25, 2, -5)
(-18, -6, -11, 14, 0, 0)
(-17, -13, -11, 7, 1, 5)
(-16, -23, -11, 3, 4, 12)
(-22, -31, -11, 7, 10, 21)
(-27, -33, -9, 12, 11, 29)
(-33, -34, -7, 13, 8, 37)
(-40, -31, -4, 11, 4, 44)
(-44, -25, -5, 5, 0, 47)
(-46, -25, -6, -5, -1, 46)
(-47, -29, -8, -10, 2, 41)
(-48, -30, -11, -13, 8, 34)
(-53, -35, -14, -16, 13, 26)
(-57, -38, -17, -17, 10, 22)
(-59, -38, -19, -19, 1, 18)
(-56, -40, -21, -22, -7, 15)
(-49, -39, -22, -22, -11, 13)
(-45, -40, -23, -19, -8, 7)
(-42, -40, -21, -14, -3, 0)
(-42, -38, -20, -8, 0, -2)
(-44, -34, -17, -3, -2, -4)
(-42, -27, -17, -2, -7, -4)
(-40, -21, -16, -5, -12, -4)
(-35, -18, -17, -8, -13, -4)
(-34, -16, -19, -10, -8, -6)
(-31, -15, -20, -9, 0, -7)
BatchID:  2




(-39, -9, -23, 2, 0, 0)
(-40, -7, -22, 3, 0, 0)
(-41, -6, -22, 1, 0, -1)
(-41, -7, -22, 0, 0, -1)
(-40, -8, -23, 0, -1, -2)
(-40, -8, -23, 1, -1, -1)
(-39, -9, -23, 1, -1, -2)
(-38, -10, -22, 2, 0, -1)
(-37, -8, -21, 3, 0, -1)
(-37, -8, -21, 2, 0, -1)
(-37, -6, -19, 1, 0, -2)
(-36, -4, -19, -2, 0, -4)
(-34, -7, -19, -5, 0, -4)
(-33, -10, -19, -5, 3, -3)
(-33, -11, -20, -4, 7, 0)
(-35, -13, -21, -3, 10, 0)
(-37, -16, -21, -3, 13, 1)
(-41, -21, -22, -4, 12, 1)
(-45, -31, -22, -4, 8, 2)
(-51, -40, -20, -3, 3, 3)
(-58, -48, -19, 0, -2, 1)
(-61, -55, -17, 2, -8, -5)
(-59, -62, -14, 6, -14, -12)
(-54, -66, -11, 10, -21, -17)
(-46, -66, -9, 16, -24, -19)
(-38, -62, -6, 20, -25, -19)
(-26, -59, -4, 20, -22, -17)
(-14, -55, -3, 20, -10, -14)
(-9, -49, -5, 21, 7, -12)
(-9, -42, -5, 20, 25, -15)
(-19, -38, -8, 19, 34, -21)
(-28, -38, -10, 20, 28, -28)
(-36, -40, -8, 20, 3, -22)
(-34, -39, -4, 20, -34, -3)
(-15, -25, 3, 20, -62, 21)
(1, -6, 12, 13, -70, 44)
(9, 16, 18, 6, -59, 66)
(1, 49, 18, -10, -29, 79)
(-17, 73, 11, -36, -12, 86)
(-34, 86, -3, -59, -11, 101)
(-52, 94, -21, -69, -17, 120)
(-60, 104, -34, -62, -23, 127)
(-68, 116, -45, -61, -17, 127)
(-74, 118, -57, -75, 0, 101)
(-77, 94, -67, -96, 27, 51)
(-83, 36, -93, -98, 67, -6)
(-91, -16, -114, -69, 103, -61)
(-77, -48, -92, -10, 99, -85)
(-67, -24, -64, 66, 67, -39)
(-67, 31, -44, 91, 14, -23)
(-48, 48, -26, 74, -31, -27)
(-26, 47, -7, 67, -53, -21)
(-5, 55, 2, 62, -46, -20)
(4, 58, 4, 46, -18, -29)
(0, 49, 1, 25, 18, -41)
(-11, 34, -6, 18, 46, -44)
(-32, 26, -15, 18, 58, -44)
(-47, 21, -23, 18, 50, -42)
(-51, 21, -30, 20, 37, -41)
(-46, 19, -33, 23, 30, -41)
(-43, 22, -34, 28, 28, -40)
(-42, 25, -36, 26, 27, -41)
(-39, 21, -38, 23, 27, -42)
(-37, 16, -41, 23, 31, -41)
(-40, 13, -43, 22, 34, -40)
(-43, 8, -40, 20, 29, -37)
(-39, 6, -37, 19, 19, -31)
(-30, 4, -34, 17, 14, -27)
(-21, 0, -32, 12, 18, -30)
(-16, -9, -27, 8, 23, -24)
BatchID:  3




(-40, -8, -25, 1, -1, -2)
(-35, -10, -26, 1, -2, -2)
(-32, -10, -26, 2, 0, -1)
(-32, -11, -27, 3, 1, 0)
(-34, -11, -26, 5, 3, 0)
(-36, -10, -26, 6, 3, 1)
(-36, -9, -25, 6, 4, 1)
(-36, -9, -25, 5, 6, 0)
(-37, -10, -25, 3, 6, 0)
(-39, -10, -25, 3, 6, 0)
(-39, -11, -26, 2, 5, 0)
(-39, -13, -27, 2, 5, 0)
(-37, -15, -26, 3, 5, 0)
(-36, -17, -27, 3, 6, 0)
(-37, -21, -25, 3, 6, -1)
(-39, -25, -24, 3, 6, -1)
(-41, -32, -22, 3, 3, -2)
(-41, -36, -19, 4, 1, -2)
(-40, -41, -15, 3, -1, -6)
(-38, -46, -10, 3, -4, -9)
(-35, -50, -6, 4, -6, -11)
(-32, -50, -4, 5, -7, -11)
(-31, -50, -3, 4, -8, -9)
(-30, -47, -3, 5, -8, -6)
(-24, -43, -6, 1, -6, -4)
(-19, -44, -10, 1, 1, -1)
(-22, -44, -16, 3, 9, 1)
(-27, -50, -22, 12, 12, 3)
(-28, -51, -24, 25, 9, 11)
(-24, -45, -21, 35, 0, 22)
(-23, -33, -16, 42, -10, 38)
(-34, -10, -9, 43, -21, 47)
(-47, 18, -3, 32, -37, 39)
(-39, 36, 1, -3, -59, 34)
(-24, 32, 2, -34, -66, 44)
(-15, 35, -3, -48, -64, 60)
(-3, 44, -11, -54, -52, 74)
(0, 54, -20, -58, -30, 86)
(-3, 67, -28, -58, -2, 99)
(-24, 81, -34, -52, 17, 109)
(-44, 97, -41, -49, 26, 111)
(-62, 101, -53, -62, 27, 98)
(-72, 76, -64, -73, 28, 73)
(-85, 43, -77, -64, 34, 44)
(-102, 5, -91, -41, 34, 13)
(-99, -12, -91, 0, 30, -14)
(-72, -2, -66, 41, 16, -28)
(-52, 24, -41, 62, -2, -23)
(-41, 42, -26, 58, -22, -22)
(-33, 46, -19, 49, -33, -25)
(-23, 43, -13, 42, -35, -27)
(-12, 42, -10, 40, -23, -29)
(-9, 40, -11, 34, -2, -34)
(-17, 36, -15, 32, 18, -39)
(-28, 34, -19, 31, 29, -41)
(-40, 32, -22, 32, 30, -40)
(-45, 33, -25, 32, 25, -38)
(-45, 31, -26, 29, 17, -38)
(-41, 25, -27, 25, 13, -39)
(-37, 20, -28, 23, 12, -38)
(-35, 15, -30, 25, 13, -35)
(-38, 17, -31, 26, 15, -32)
(-40, 18, -34, 24, 14, -33)
(-39, 17, -36, 22, 13, -32)
(-35, 13, -34, 20, 14, -33)
(-31, 8, -32, 21, 16, -30)
(-32, 6, -29, 19, 16, -25)
(-36, 3, -27, 17, 11, -20)
(-39, 0, -24, 15, 2, -14)
(-39, 1, -23, 12, -5, -10)
BatchID:  4




(-35, -15, -29, -9, 0, -7)
(-35, -15, -29, -9, -2, -7)
(-33, -17, -27, -9, -3, -6)
(-31, -17, -27, -8, -3, -5)
(-29, -17, -26, -7, -1, -4)
(-30, -17, -26, -6, 1, -2)
(-31, -16, -27, -6, 3, -2)
(-35, -15, -27, -6, 4, -3)
(-36, -15, -28, -6, 2, -3)
(-37, -14, -28, -6, 1, -3)
(-37, -15, -30, -5, 0, -2)
(-36, -16, -30, -4, 0, -2)
(-36, -15, -32, -2, 0, -1)
(-36, -15, -32, 0, 2, -1)
(-38, -15, -32, 1, 3, -1)
(-38, -16, -31, 2, 2, -1)
(-37, -17, -30, 3, 1, -1)
(-35, -19, -30, 4, 1, 0)
(-33, -21, -28, 4, 2, -1)
(-30, -25, -27, 3, 5, 0)
(-30, -30, -27, 1, 7, 0)
(-32, -37, -27, 1, 8, 1)
(-34, -46, -28, 1, 5, 2)
(-36, -56, -26, 5, 1, 3)
(-37, -64, -23, 12, -3, 4)
(-34, -66, -19, 22, -5, 1)
(-32, -61, -15, 28, -5, -5)
(-30, -56, -11, 28, -4, -13)
(-23, -57, -9, 24, -1, -17)
(-22, -56, -10, 20, 0, -15)
(-18, -60, -12, 17, 1, -11)
(-22, -60, -17, 19, -2, -3)
(-17, -61, -18, 21, -9, 8)
(-17, -57, -17, 28, -11, 24)
(-36, -34, -12, 41, -13, 19)
(-27, -9, -6, 28, -15, 3)
(-24, -4, -2, 11, -13, -2)
(-31, 0, -5, -2, -20, 7)
(-27, 8, -10, -13, -34, 27)
(-20, 19, -13, -21, -45, 51)
(-18, 41, -15, -23, -44, 64)
(-7, 67, -17, -36, -31, 68)
(-9, 79, -21, -55, -10, 79)
(-24, 84, -29, -63, 7, 99)
(-47, 87, -38, -56, 18, 110)
(-66, 91, -47, -51, 21, 110)
(-85, 89, -56, -49, 22, 89)
(-95, 76, -63, -61, 23, 47)
(-101, 32, -72, -64, 24, 3)
(-85, -8, -76, -30, 23, -25)
(-62, -14, -67, 12, 25, -38)
(-46, 0, -52, 46, 18, -37)
(-42, 22, -37, 56, 3, -34)
(-40, 34, -26, 59, -12, -31)
(-31, 44, -19, 55, -18, -34)
(-21, 48, -16, 46, -10, -40)
(-19, 44, -15, 37, 6, -49)
(-21, 37, -16, 33, 25, -51)
(-33, 33, -20, 32, 38, -51)
(-44, 31, -24, 33, 39, -51)
(-50, 33, -27, 33, 31, -48)
(-49, 32, -31, 28, 20, -50)
(-40, 24, -31, 23, 11, -52)
(-32, 17, -30, 21, 10, -46)
(-28, 11, -31, 20, 10, -41)
(-29, 4, -31, 18, 11, -35)
(-32, 2, -30, 19, 8, -30)
(-28, 0, -30, 15, 6, -23)
(-27, -3, -28, 13, 3, -21)
(-23, -9, -27, 8, 1, -16)
BatchID:  5




(-37, -20, -22, 4, 0, -4)
(-37, -19, -22, 4, 0, -6)
(-37, -19, -22, 6, 0, -6)
(-37, -16, -21, 6, 0, -7)
(-34, -15, -20, 4, -1, -6)
(-30, -15, -21, 2, 0, -4)
(-29, -15, -22, 1, 8, -4)
(-31, -14, -24, 1, 14, -5)
(-35, -14, -26, 1, 16, -4)
(-39, -16, -28, 2, 12, -2)
(-40, -16, -29, 4, 5, 0)
(-38, -18, -29, 6, 0, 0)
(-35, -17, -27, 8, -3, 2)
(-33, -15, -25, 9, -1, 2)
(-31, -16, -24, 6, 2, 0)
(-28, -21, -22, 3, 8, -1)
(-26, -28, -21, 1, 16, -4)
(-30, -41, -19, -1, 21, -7)
(-44, -58, -15, 0, 17, -8)
(-53, -69, -8, 8, 1, -5)
(-50, -74, -1, 13, -17, -3)
(-38, -81, 3, 13, -29, 0)
(-18, -87, 9, 10, -28, 1)
(-7, -94, 12, 12, -12, 5)
(-12, -92, 10, 22, 12, 10)
(-37, -74, 6, 26, 25, 8)
(-63, -49, 3, 23, 16, -12)
(-68, -36, 3, 3, -17, -29)
(-46, -30, 3, -8, -53, -26)
(-13, -17, 1, -19, -74, -3)
(11, -2, -4, -27, -69, 24)
(20, 16, -11, -31, -45, 48)
(4, 46, -18, -27, -18, 61)
(-4, 85, -27, -40, -4, 76)
(-17, 95, -37, -71, -1, 92)
(-34, 98, -48, -72, 1, 109)
(-46, 104, -57, -64, 4, 121)
(-65, 105, -61, -58, 11, 114)
(-87, 93, -63, -62, 13, 84)
(-93, 61, -63, -67, 9, 52)
(-98, 24, -69, -56, 9, 17)
(-89, -4, -71, -26, 7, -11)
(-68, -10, -62, 14, 8, -28)
(-53, 4, -50, 41, 3, -32)
(-44, 22, -37, 55, -5, -34)
(-43, 35, -28, 60, -13, -35)
(-35, 44, -22, 61, -15, -38)
(-28, 54, -20, 53, -6, -48)
(-25, 50, -18, 43, 9, -57)
(-28, 43, -20, 42, 26, -59)
(-34, 40, -24, 42, 35, -58)
(-44, 37, -28, 39, 33, -56)
(-47, 32, -29, 38, 24, -52)
(-40, 27, -26, 37, 15, -48)
(-31, 24, -23, 33, 11, -42)
(-23, 18, -20, 23, 13, -40)
(-24, 6, -21, 16, 16, -37)
(-26, -1, -21, 15, 15, -31)
(-27, -6, -22, 15, 12, -22)
(-29, -8, -22, 16, 9, -17)
(-24, -9, -20, 12, 3, -14)
(-21, -11, -19, 10, 1, -8)
(-19, -14, -18, 6, 0, -1)
(-21, -16, -18, 3, 0, 5)
(-22, -18, -19, 0, 0, 11)
(-22, -23, -19, -4, 3, 13)
(-25, -27, -18, -3, 10, 16)
(-30, -24, -18, -4, 13, 16)
(-31, -24, -19, -11, 14, 18)
(-32, -28, -20, -18, 16, 19)
(-34, -32, -23, -20, 19, 20)
(-38, -36, -25, -19, 20, 19)
BatchID:  6




(-39, -14, -23, 5, -1, 0)
(-39, -12, -22, 4, -2, 0)
(-38, -11, -20, 2, -2, -1)
(-35, -12, -20, 0, -1, -2)
(-34, -14, -22, 0, 1, -1)
(-34, -16, -23, 0, 6, -2)
(-37, -18, -24, 2, 8, -2)
(-40, -17, -22, 4, 8, -1)
(-42, -16, -22, 4, 4, -1)
(-45, -13, -22, 4, 0, -2)
(-42, -14, -23, 1, -4, -4)
(-39, -17, -23, 0, -6, -3)
(-36, -18, -24, 2, -5, -3)
(-35, -18, -24, 2, -3, -4)
(-34, -20, -24, 2, -1, -5)
(-33, -22, -22, 3, 0, -5)
(-31, -26, -21, 3, 1, -4)
(-34, -29, -19, 4, 0, -4)
(-33, -32, -18, 6, -3, -3)
(-33, -33, -15, 7, -6, -2)
(-30, -36, -12, 6, -9, -1)
(-28, -39, -11, 6, -10, 0)
(-26, -41, -9, 5, -6, 2)
(-25, -43, -9, 4, 0, 2)
(-27, -47, -11, 4, 7, 3)
(-30, -49, -12, 7, 14, 2)
(-33, -49, -14, 8, 17, 3)
(-34, -50, -16, 8, 19, 5)
(-35, -49, -18, 9, 19, 11)
(-33, -44, -19, 9, 22, 16)
(-36, -37, -20, 10, 26, 16)
(-44, -30, -20, 6, 25, 10)
(-52, -25, -20, 0, 12, 3)
(-54, -26, -17, -6, -13, 3)
(-50, -26, -13, -8, -46, 11)
(-35, -24, -7, -9, -77, 23)
(-10, -15, 1, -9, -93, 41)
(17, 3, 11, -8, -83, 59)
(31, 30, 16, -14, -49, 69)
(31, 60, 14, -31, -5, 71)
(14, 84, 0, -56, 31, 77)
(-16, 97, -19, -74, 38, 92)
(-39, 111, -39, -82, 25, 112)
(-58, 122, -57, -82, 13, 118)
(-71, 120, -72, -94, 15, 97)
(-83, 84, -86, -110, 37, 51)
(-119, 24, -124, -102, 68, -7)
(-127, -45, -127, -56, 73, -69)
(-91, -51, -88, 31, 47, -87)
(-67, -2, -57, 85, -13, -15)
(-44, 44, -38, 82, -64, -5)
(-14, 51, -15, 55, -78, -21)
(1, 40, -2, 46, -55, -22)
(-5, 42, 0, 46, -16, -29)
(-17, 44, -2, 34, 9, -42)
(-29, 40, -7, 23, 22, -50)
(-38, 30, -12, 19, 24, -51)
(-43, 25, -18, 22, 18, -46)
(-45, 27, -23, 23, 11, -43)
(-40, 22, -24, 18, 5, -46)
(-33, 13, -23, 18, 5, -43)
(-36, 8, -25, 19, 6, -42)
(-40, 7, -26, 23, 7, -38)
(-46, 13, -31, 24, 5, -35)
(-47, 11, -31, 19, 1, -38)
(-42, 6, -30, 19, -2, -38)
(-34, 10, -30, 17, 0, -36)
(-32, 4, -28, 10, 3, -37)
(-32, 0, -28, 10, 6, -33)
(-32, -2, -28, 8, 6, -29)
(-31, -8, -27, 6, 5, -27)
BatchID:  7




(-33, -14, -26, 3, -4, 1)
(-32, -13, -25, 2, -2, 0)
(-34, -13, -24, 2, 0, 0)
(-35, -12, -24, 1, 1, 0)
(-37, -12, -25, 0, 1, 0)
(-38, -12, -26, 0, 0, 0)
(-36, -14, -28, -1, 0, 0)
(-36, -15, -28, 0, 0, 0)
(-36, -15, -28, 1, 0, 0)
(-36, -14, -28, 2, 0, 0)
(-36, -15, -27, 1, 0, 0)
(-37, -14, -29, 2, 0, 0)
(-37, -15, -28, 3, 0, 0)
(-36, -15, -28, 3, -1, 0)
(-37, -18, -28, 4, -2, 0)
(-37, -20, -27, 5, -3, 0)
(-35, -23, -25, 5, -2, 0)
(-37, -27, -22, 6, 0, -2)
(-41, -31, -20, 6, 2, -3)
(-47, -35, -17, 5, 0, -6)
(-47, -37, -13, 6, -4, -10)
(-41, -38, -10, 3, -9, -13)
(-34, -41, -9, 0, -12, -15)
(-28, -45, -9, -1, -11, -15)
(-24, -49, -9, -1, -10, -14)
(-24, -51, -11, 1, -8, -9)
(-24, -52, -14, 4, -10, -4)
(-20, -52, -15, 8, -10, 1)
(-21, -50, -14, 13, -3, 6)
(-32, -37, -16, 16, 1, 5)
(-37, -33, -17, 8, -1, 3)
(-41, -34, -19, 5, -9, 4)
(-38, -29, -20, 4, -17, 6)
(-33, -24, -18, 0, -23, 7)
(-26, -24, -16, -3, -26, 11)
(-31, -17, -15, 0, -26, 17)
(-50, -1, -17, 0, -39, 16)
(-52, 10, -15, -12, -68, 17)
(-29, 14, -9, -22, -87, 25)
(5, 20, -2, -26, -76, 40)
(37, 31, 1, -32, -31, 55)
(25, 46, -1, -39, 27, 68)
(-6, 62, -10, -44, 61, 74)
(-47, 80, -22, -54, 64, 80)
(-72, 87, -35, -65, 42, 83)
(-73, 80, -49, -79, 20, 78)
(-67, 54, -59, -74, 17, 67)
(-70, 34, -64, -56, 28, 52)
(-83, 16, -69, -34, 41, 26)
(-99, 3, -69, -9, 42, -2)
(-90, 6, -60, 10, 26, -24)
(-66, 8, -48, 24, 7, -34)
(-46, 11, -36, 35, -8, -34)
(-34, 17, -27, 45, -13, -30)
(-25, 32, -20, 49, -9, -29)
(-21, 39, -19, 40, 3, -36)
(-22, 33, -19, 32, 20, -43)
(-32, 28, -24, 30, 33, -44)
(-46, 24, -32, 30, 32, -45)
(-56, 23, -38, 31, 19, -44)
(-53, 19, -40, 34, 4, -42)
(-41, 17, -36, 39, -5, -40)
(-31, 17, -32, 39, -5, -37)
(-27, 15, -29, 38, 0, -35)
(-31, 12, -28, 33, 4, -33)
(-36, 8, -30, 31, 3, -29)
(-39, 5, -32, 31, 0, -30)
(-33, 1, -29, 32, -1, -28)
(-28, 0, -26, 34, 4, -25)
(-28, 2, -23, 32, 10, -26)
BatchID:  8




(-33, -13, -24, 3, 1, 0)
(-32, -13, -23, 1, 4, 0)
(-32, -14, -22, 0, 7, 0)
(-34, -16, -22, 0, 8, 0)
(-38, -17, -22, 0, 6, 0)
(-38, -17, -22, 0, 1, 0)
(-37, -16, -23, 0, 0, 0)
(-36, -17, -24, -1, 1, -3)
(-35, -18, -25, -3, 5, -5)
(-36, -18, -26, -3, 10, -6)
(-36, -18, -26, -4, 13, -8)
(-38, -18, -29, -5, 12, -9)
(-36, -19, -29, -5, 9, -10)
(-33, -21, -29, -4, 7, -9)
(-28, -21, -28, -5, 7, -9)
(-30, -23, -28, -7, 10, -8)
(-32, -28, -28, -7, 12, -10)
(-38, -30, -30, -6, 12, -10)
(-41, -34, -30, -6, 5, -11)
(-41, -40, -29, -4, -2, -10)
(-37, -44, -27, -1, -8, -8)
(-32, -46, -25, 0, -12, -5)
(-28, -50, -23, 0, -12, -1)
(-27, -53, -23, 3, -9, 1)
(-28, -52, -23, 6, -4, 2)
(-32, -47, -23, 9, 0, -2)
(-33, -48, -23, 7, 2, -8)
(-32, -45, -23, 7, 4, -13)
(-33, -46, -24, 4, 2, -14)
(-34, -47, -24, 6, -5, -9)
(-30, -43, -24, 9, -17, 0)
(-23, -35, -19, 9, -27, 10)
(-15, -27, -15, 9, -30, 20)
(-22, -7, -10, 8, -30, 19)
(-19, 12, -4, -7, -35, 14)
(-8, 15, -1, -30, -39, 22)
(0, 20, -2, -40, -38, 48)
(9, 33, -8, -45, -29, 74)
(0, 55, -12, -40, -7, 86)
(-15, 90, -20, -47, 9, 90)
(-34, 102, -29, -73, 18, 93)
(-62, 101, -42, -81, 18, 87)
(-74, 95, -54, -84, 13, 70)
(-67, 79, -63, -91, 18, 41)
(-62, 39, -81, -90, 36, 8)
(-79, -8, -92, -63, 46, -20)
(-82, -35, -92, -9, 39, -31)
(-77, -24, -75, 44, 14, -22)
(-59, 19, -49, 68, -18, -15)
(-41, 37, -31, 60, -41, -19)
(-25, 39, -21, 55, -43, -22)
(-16, 41, -16, 51, -27, -27)
(-21, 42, -18, 46, -7, -33)
(-27, 42, -22, 40, 9, -40)
(-31, 36, -26, 35, 20, -46)
(-39, 27, -29, 33, 21, -43)
(-43, 23, -31, 36, 13, -37)
(-42, 24, -34, 36, 4, -32)
(-36, 26, -37, 32, 2, -32)
(-32, 20, -39, 26, 6, -34)
(-29, 12, -41, 27, 12, -33)
(-31, 10, -40, 30, 13, -28)
(-32, 6, -37, 29, 11, -24)
(-36, 3, -34, 31, 8, -18)
(-34, 6, -30, 28, 3, -16)
(-27, 5, -28, 22, 0, -15)
(-22, 3, -27, 16, 2, -14)
(-12, -3, -26, 7, 11, -14)
(-15, -11, -27, 4, 17, -9)
(-19, -18, -25, 4, 16, -1)
(-22, -22, -24, 6, 14, 6)
BatchID:  9




(-32, -12, -32, 0, 1, 0)
(-33, -11, -31, 1, 1, 0)
(-33, -11, -32, 0, 1, 0)
(-33, -12, -32, 1, 2, 0)
(-34, -11, -32, 0, 3, 0)
(-35, -12, -32, 0, 4, -1)
(-34, -12, -32, 0, 4, -2)
(-34, -14, -32, 0, 3, -2)
(-35, -14, -33, 1, 3, -1)
(-36, -13, -32, 2, 2, -2)
(-36, -12, -31, 1, 0, -3)
(-37, -12, -28, 1, 0, -4)
(-36, -13, -27, -1, 0, -6)
(-35, -17, -26, -2, 1, -8)
(-36, -19, -26, -2, 3, -7)
(-37, -22, -27, -3, 4, -8)
(-37, -27, -29, -1, 4, -9)
(-40, -30, -28, 0, 1, -9)
(-37, -36, -28, 3, -1, -9)
(-36, -39, -26, 5, -6, -9)
(-31, -42, -23, 6, -8, -8)
(-24, -43, -20, 6, -8, -6)
(-20, -44, -19, 6, -2, -3)
(-18, -46, -20, 5, 5, 0)
(-22, -45, -21, 6, 11, 4)
(-28, -45, -25, 8, 14, 5)
(-36, -41, -27, 10, 14, 0)
(-42, -36, -30, 10, 8, -5)
(-42, -34, -31, 7, -3, -7)
(-40, -37, -32, 9, -16, -3)
(-35, -33, -32, 10, -29, 1)
(-25, -30, -29, 11, -36, 8)
(-19, -23, -26, 14, -36, 17)
(-23, -8, -21, 13, -30, 17)
(-23, -2, -15, 1, -26, 11)
(-21, -1, -11, -5, -23, 14)
(-20, 6, -9, -14, -23, 25)
(-21, 20, -9, -22, -25, 35)
(-17, 30, -11, -35, -22, 42)
(-17, 36, -14, -44, -16, 48)
(-20, 46, -18, -48, -10, 58)
(-28, 58, -22, -53, -6, 68)
(-41, 67, -29, -54, -7, 78)
(-53, 77, -36, -56, -10, 82)
(-57, 80, -43, -61, -7, 74)
(-62, 68, -52, -67, 4, 51)
(-65, 42, -59, -65, 19, 26)
(-74, 10, -67, -46, 32, 3)
(-73, -4, -70, -10, 37, -15)
(-68, 0, -61, 17, 27, -28)
(-55, 7, -48, 37, 8, -29)
(-44, 20, -35, 50, -8, -24)
(-33, 34, -24, 52, -17, -23)
(-21, 41, -19, 45, -13, -27)
(-17, 36, -15, 34, 2, -34)
(-21, 32, -16, 35, 20, -36)
(-29, 34, -19, 32, 33, -39)
(-36, 31, -23, 27, 37, -40)
(-40, 28, -27, 23, 34, -39)
(-41, 22, -31, 21, 27, -37)
(-39, 20, -33, 22, 20, -33)
(-35, 18, -36, 22, 15, -32)
(-29, 14, -37, 21, 13, -31)
(-26, 11, -37, 23, 13, -25)
(-28, 8, -36, 23, 11, -21)
(-34, 7, -35, 24, 5, -16)
(-35, 9, -34, 24, -2, -11)
(-32, 10, -35, 18, -8, -9)
(-24, 6, -36, 14, -6, -6)
BatchID:  10




(-43, -15, -36, -5, 5, -7)
(-41, -15, -37, -2, 0, -7)
(-37, -15, -37, -1, -4, -8)
(-32, -16, -35, 1, -6, -6)
(-30, -14, -34, 3, -4, -4)
(-32, -11, -34, 4, -1, -6)
(-31, -11, -32, 3, 0, -7)
(-32, -12, -32, 3, 0, -6)
(-31, -13, -31, 3, 0, -5)
(-31, -12, -31, 3, 0, -3)
(-31, -11, -31, 4, 1, -3)
(-32, -13, -31, 4, 0, -3)
(-31, -13, -29, 5, 0, -1)
(-33, -12, -28, 4, -1, -1)
(-32, -14, -26, 3, -1, -3)
(-31, -16, -26, 2, 0, -2)
(-30, -17, -26, 1, 1, -1)
(-31, -19, -27, 0, 2, -2)
(-33, -25, -28, 0, 2, -2)
(-35, -29, -27, 2, 0, -1)
(-34, -32, -23, 5, -3, 0)
(-32, -31, -20, 4, -6, -1)
(-28, -32, -18, 1, -7, -2)
(-25, -35, -16, 0, -6, -2)
(-23, -41, -16, -3, -3, -2)
(-25, -46, -17, -3, 0, 0)
(-26, -50, -18, -2, 0, 1)
(-28, -54, -19, 0, 0, 4)
(-32, -57, -19, 4, 0, 6)
(-35, -55, -18, 7, -3, 8)
(-39, -54, -17, 8, -9, 9)
(-40, -47, -15, 8, -19, 10)
(-37, -43, -13, 3, -30, 7)
(-24, -41, -9, -2, -38, 9)
(-7, -40, -5, -8, -33, 17)
(-4, -30, -2, -7, -18, 24)
(-7, -12, 0, -13, -7, 31)
(-11, 14, -2, -21, -5, 43)
(-17, 44, -5, -38, -15, 64)
(-14, 69, -15, -51, -23, 88)
(-14, 95, -29, -67, -20, 114)
(-25, 116, -44, -67, -3, 127)
(-52, 127, -63, -71, 16, 123)
(-82, 127, -85, -85, 31, 98)
(-101, 91, -103, -103, 50, 40)
(-121, 19, -127, -92, 73, -24)
(-115, -50, -127, -36, 76, -90)
(-77, -51, -97, 55, 42, -75)
(-59, 8, -69, 122, 0, -15)
(-46, 65, -47, 113, -51, -13)
(-25, 72, -30, 87, -62, -29)
(-14, 68, -17, 81, -46, -38)
(-14, 73, -16, 78, -17, -50)
(-15, 75, -16, 64, 7, -65)
(-22, 68, -22, 55, 24, -69)
(-29, 60, -30, 51, 26, -65)
(-33, 53, -37, 50, 15, -56)
(-31, 44, -39, 49, 3, -46)
(-25, 35, -34, 50, -7, -38)
(-19, 31, -30, 55, -10, -27)
(-14, 29, -22, 49, -9, -23)
(-10, 24, -15, 40, -5, -20)
(-3, 16, -10, 29, 3, -18)
(0, 7, -8, 16, 14, -13)
(-3, -2, -9, 6, 22, -4)
(-11, -12, -9, -1, 23, 2)
(-16, -22, -9, -2, 19, 10)
(-16, -28, -5, -5, 15, 15)
(-14, -36, -2, -11, 14, 23)
(-17, -36, 0, -12, 16, 31)
(-21, -30, -3, -21, 16, 37)
BatchID:  11




(-35, -9, -31, 0, 4, -2)
(-35, -9, -31, -1, 3, -2)
(-35, -10, -31, 0, 2, -1)
(-33, -9, -31, -1, 2, -1)
(-31, -10, -32, -1, 5, -1)
(-29, -9, -32, 0, 10, -2)
(-32, -9, -32, -1, 13, -2)
(-35, -9, -33, -1, 14, -1)
(-37, -10, -35, -1, 12, -1)
(-38, -11, -36, 0, 7, 0)
(-38, -11, -36, 1, 1, 0)
(-34, -12, -34, 2, -3, 0)
(-30, -11, -32, 4, -3, 0)
(-30, -9, -31, 4, -1, 0)
(-29, -11, -31, 3, 1, 0)
(-30, -11, -31, 2, 3, 0)
(-32, -12, -30, 2, 5, 0)
(-33, -13, -31, 3, 4, 0)
(-34, -14, -30, 3, 2, 0)
(-33, -15, -29, 3, 0, 1)
(-30, -19, -27, 1, -1, 1)
(-27, -24, -27, 0, 0, 1)
(-27, -33, -26, -3, 3, 0)
(-36, -43, -22, -2, 5, 0)
(-39, -52, -23, 0, 6, 0)
(-45, -57, -20, 2, 0, -2)
(-43, -65, -17, 5, -10, -3)
(-39, -73, -15, 8, -20, 0)
(-33, -82, -12, 11, -27, 1)
(-28, -89, -7, 17, -32, 6)
(-21, -91, -4, 24, -32, 13)
(-18, -88, 0, 33, -27, 17)
(-29, -77, 4, 43, -21, 11)
(68, 2, -33, -53, 11, 45)
(-25, -29, 17, 29, -34, -17)
(-4, -14, 18, 4, -45, -6)
(13, 1, 19, -16, -45, 28)
(36, 20, 5, -24, -25, 67)
(22, 57, -11, -18, 16, 95)
(-14, 108, -30, -16, 34, 107)
(-42, 127, -53, -44, 22, 124)
(-58, 127, -85, -78, 3, 127)
(-70, 127, -118, -105, 7, 124)
(-65, 127, -124, -123, 34, 66)
(-72, 45, -127, -94, 80, 13)
(-126, -11, -127, -44, 101, -35)
(-127, -45, -127, 23, 44, -57)
(-117, -14, -104, 98, -19, -27)
(-77, 55, -78, 118, -75, -20)
(-29, 73, -57, 103, -85, -40)
(-4, 75, -38, 93, -60, -65)
(0, 72, -27, 92, -26, -73)
(-16, 75, -24, 89, -8, -75)
(-21, 74, -25, 78, -10, -73)
(-19, 63, -26, 65, -17, -68)
(-9, 50, -25, 55, -21, -62)
(-2, 36, -22, 48, -17, -54)
(-1, 29, -21, 46, -8, -43)
(-6, 23, -18, 41, -1, -34)
(-14, 19, -11, 35, -1, -24)
(-16, 13, -6, 26, -7, -18)
(-14, 5, 0, 16, -10, -11)
(-10, 0, 2, 7, -9, -5)
(-9, -5, 2, -2, 1, 0)
(-17, -9, -2, -6, 11, 3)
(-26, -11, -6, -8, 16, 4)
(-28, -14, -11, -12, 18, 5)
(-32, -20, -12, -15, 12, 11)
(-30, -25, -10, -14, 4, 20)
(-26, -25, -5, -14, 3, 25)
BatchID:  12




(-25, -19, -21, 2, 11, 0)
(-28, -19, -23, 3, 15, 0)
(-36, -20, -25, 2, 14, 0)
(-42, -22, -27, 4, 8, 2)
(-46, -22, -28, 5, -2, 2)
(-44, -21, -26, 6, -12, 3)
(-40, -19, -26, 6, -16, 3)
(-35, -16, -25, 4, -13, 1)
(-33, -13, -26, 2, -3, -1)
(-32, -12, -28, -1, 8, -7)
(-30, -15, -29, -4, 17, -9)
(-32, -18, -29, -2, 22, -9)
(-38, -16, -32, 0, 21, -7)
(-41, -14, -32, 2, 13, -7)
(-41, -15, -31, 2, 1, -6)
(-36, -20, -27, 2, -7, -5)
(-28, -25, -22, 3, -11, -4)
(-24, -33, -16, 2, -10, -4)
(-23, -44, -9, 2, -7, -1)
(-21, -53, -4, 4, -3, 0)
(-23, -60, 0, 3, 1, 1)
(-26, -71, 3, -1, 3, 3)
(-23, -86, 0, -5, 0, 6)
(-23, -100, -1, 0, -1, 11)
(-22, -104, -1, 16, -2, 21)
(-24, -84, -2, 34, -6, 32)
(-33, -60, 0, 38, -16, 33)
(-46, -31, 3, 41, -30, 23)
(-44, 10, 5, 26, -59, 14)
(-25, 29, 3, 0, -88, 26)
(6, 45, -2, -29, -99, 63)
(22, 63, -14, -33, -73, 103)
(17, 99, -29, -24, -23, 126)
(-1, 127, -46, -27, 29, 127)
(-35, 127, -75, -57, 69, 110)
(-63, 127, -108, -108, 91, 54)
(-81, 105, -127, -127, 96, 0)
(-90, 28, -127, -106, 87, -22)
(-98, -14, -127, -53, 63, -29)
(-101, -25, -126, 17, 21, -24)
(-86, 13, -103, 81, -21, -14)
(-70, 63, -84, 103, -45, -23)
(-56, 90, -69, 108, -45, -47)
(-45, 115, -60, 107, -34, -71)
(-34, 126, -56, 91, -26, -91)
(-29, 110, -54, 74, -30, -94)
(-15, 85, -42, 70, -44, -74)
(3, 75, -26, 71, -47, -52)
(16, 66, -10, 57, -30, -42)
(24, 52, 6, 29, -4, -46)
(26, 24, 17, 0, 20, -43)
(21, -3, 19, -21, 39, -30)
(6, -22, 17, -29, 49, -9)
(-12, -33, 10, -31, 52, 11)
(-22, -37, 5, -35, 44, 24)
(-34, -47, 6, -41, 38, 31)
(-37, -53, 7, -40, 31, 36)
(-41, -52, 7, -42, 28, 41)
(-48, -46, 0, -54, 19, 39)
(-51, -50, -11, -69, 10, 32)
(-50, -60, -22, -73, 10, 23)
(-51, -69, -32, -66, 17, 13)
(-52, -73, -41, -53, 20, 6)
(-51, -72, -47, -41, 16, 0)
(-48, -72, -49, -30, 8, -1)
(-44, -71, -51, -15, 3, 0)
(-47, -65, -46, 2, -1, 3)
(-53, -47, -41, 20, -6, 7)
(-58, -24, -37, 28, -12, 0)
(-53, -5, -33, 21, -18, -11)
(-41, -1, -32, 11, -12, -20)
BatchID:  13




(-36, -12, -29, 0, 0, 0)
(-35, -13, -28, -1, 0, 0)
(-33, -13, -27, -1, 0, 0)
(-32, -13, -27, -1, 2, 0)
(-33, -12, -27, -1, 4, 0)
(-35, -13, -28, -2, 4, 0)
(-36, -12, -28, -2, 3, 0)
(-36, -13, -28, -1, 2, 0)
(-36, -11, -27, -1, 1, 0)
(-36, -9, -28, -2, 0, 0)
(-34, -9, -28, -4, 1, 0)
(-32, -9, -29, -6, 3, 0)
(-32, -9, -32, -6, 7, 0)
(-34, -10, -33, -7, 9, -1)
(-36, -13, -34, -5, 8, 0)
(-37, -13, -35, -2, 4, 1)
(-38, -13, -33, 0, 0, 2)
(-34, -13, -29, 0, -1, 2)
(-30, -16, -26, -2, 0, 1)
(-27, -23, -24, -4, 5, 0)
(-29, -32, -23, -5, 9, 0)
(-35, -43, -21, -6, 9, 0)
(-41, -51, -19, -2, 3, 0)
(-43, -61, -17, -2, -8, -1)
(-40, -70, -16, -1, -18, -4)
(-37, -81, -9, 0, -28, -4)
(-28, -93, -8, 1, -38, -9)
(-19, -101, -4, 12, -36, -5)
(-13, -100, 0, 22, -32, -1)
(-9, -97, 3, 32, -29, 5)
(-4, -90, 10, 38, -26, 10)
(0, -75, 15, 37, -24, 20)
(3, -58, 20, 32, -29, 36)
(12, -36, 23, 27, -35, 60)
(19, -7, 25, 19, -35, 93)
(22, 36, 19, 25, -24, 123)
(11, 99, 6, 27, -6, 127)
(15, 127, -33, -5, 11, 127)
(26, 127, -72, -109, 26, 127)
(5, 127, -127, -127, 65, 127)
(-68, 127, -127, -86, 117, 127)
(-127, 127, -127, -63, 127, 69)
(-127, 56, -127, -102, 121, -32)
(-127, -73, -127, -25, 38, -127)
(-95, -17, -85, 100, -20, -120)
(-46, 52, -56, 127, -66, -15)
(-27, 111, -45, 127, -110, -22)
(12, 124, -23, 74, -88, -75)
(14, 87, -6, 52, -53, -91)
(16, 71, -7, 63, -7, -94)
(-3, 80, -16, 59, 12, -94)
(-12, 70, -24, 46, 11, -92)
(-16, 56, -27, 42, -6, -77)
(-11, 41, -24, 42, -25, -58)
(-7, 29, -14, 38, -39, -39)
(0, 24, -4, 35, -40, -24)
(1, 20, 5, 23, -26, -22)
(1, 13, 5, 4, -8, -23)
(-5, 4, 0, -10, 6, -20)
(-12, -4, -11, -19, 14, -11)
(-20, -14, -19, -22, 15, -3)
(-33, -25, -23, -16, 11, 5)
(-38, -25, -18, -3, 5, 13)
(-35, -19, -8, -2, -1, 18)
(-31, -15, 0, -13, -7, 24)
(-24, -17, 1, -27, -7, 26)
(-18, -29, 0, -43, 0, 22)
(-15, -44, -5, -50, 17, 20)
(-28, -56, -12, -52, 30, 20)
(-43, -62, -22, -47, 32, 21)
(-57, -61, -31, -42, 24, 20)
BatchID:  14

