(16, 60, -22, 0, 0, 0)
(15, 59, -22, 0, 0, 0)
(15, 59, -22, 0, -1, 0)
(16, 58, -23, 0, 0, 0)
(16, 59, -23, 0, 0, 0)
(17, 59, -23, 0, 0, 0)
(17, 58, -21, 0, 0, 0)
(17, 59, -21, 0, -1, 0)
(17, 59, -21, 0, -1, 1)
(17, 60, -22, 0, 0, 1)
(15, 60, -22, 0, 0, 0)
(16, 59, -22, -1, 0, 0)
(16, 58, -23, 0, 0, 0)
(16, 59, -22, 0, 0, 0)
(15, 59, -24, 0, 0, 0)
(14, 58, -27, 0, 0, 0)
(16, 55, -33, 2, 3, 2)
(15, 51, -42, 14, 20, 1)
(-12, 61, -56, 29, 49, -3)
(-52, 76, -65, 35, 61, -9)
(-104, 90, -77, 27, 44, -37)
(-127, 93, -100, 32, -1, -82)
(-121, 91, -111, 56, -54, -113)
(-79, 101, -122, 91, -58, -127)
(-71, 120, -127, 107, -24, -127)
(-77, 127, -127, 112, 12, -127)
(-108, 127, -127, 122, 16, -127)
(-111, 127, -127, 127, -12, -127)
(-125, 127, -127, 127, -42, -127)
(-121, 127, -127, 127, -97, -127)
(-107, 127, -127, 127, -121, -127)
(-86, 127, -127, 127, -127, -127)
(-65, 127, -127, 127, -127, -127)
(-48, 127, -127, 127, -127, -127)
(-16, 127, -127, 127, -127, -127)
(15, 127, -127, 127, -127, -127)
(44, 127, -102, 127, -127, -127)
(68, 127, -82, 127, -127, -127)
(100, 127, -75, 114, -127, -127)
(127, 127, -70, 72, -127, -127)
(127, 127, 26, -5, -127, -127)
(127, 127, -6, -103, -127, -127)
(127, 90, 16, -127, -127, -127)
(127, 54, 44, -127, -91, -125)
(127, -22, 78, -85, 0, -65)
(127, -32, 45, -14, 2, 52)
(127, 15, 39, 48, 30, 127)
(127, 55, 34, 44, 33, 127)
(127, 73, 17, 21, 52, 127)
(127, 76, 3, 11, 81, 127)
(127, 82, -14, 26, 113, 127)
(123, 95, -30, 48, 127, 127)
(112, 119, -44, 62, 127, 127)
(91, 127, -62, 49, 127, 127)
(52, 127, -79, -25, 127, 127)
(26, 127, -100, -127, 93, 127)
(45, 127, -110, -97, 86, 127)
(21, 127, -112, -37, 127, 127)
(24, 127, -125, -5, 127, 127)
(-22, 127, -127, -71, 127, 127)
(-69, 127, -127, -127, 127, 127)
(-91, 127, -127, -127, 57, 127)
(-100, 127, -127, -107, -6, 127)
(-47, 127, -127, -45, -3, 127)
(-6, 127, -127, -9, 67, 127)
(13, 127, -127, 15, 127, 97)
(6, 127, -127, 24, 127, 51)
(-23, 127, -126, 13, 127, 36)
(-63, 127, -108, -7, 127, 39)
BatchID:  33




(10, 59, -25, 1, -4, 1)
(9, 60, -26, 0, -6, 1)
(11, 59, -24, 0, -9, 0)
(14, 58, -23, 1, -9, 0)
(17, 59, -21, 1, -6, 0)
(16, 60, -20, 0, -3, 0)
(13, 59, -21, 0, -2, 0)
(12, 59, -22, 0, -3, 0)
(11, 59, -23, 0, -4, 0)
(12, 60, -22, 0, -4, -1)
(14, 60, -22, 0, -3, -1)
(15, 60, -22, 0, -2, -2)
(14, 60, -22, -1, 0, -2)
(13, 59, -23, -1, -1, -1)
(12, 59, -23, -1, -2, -1)
(12, 59, -24, 0, -3, -1)
(14, 59, -22, -2, -1, 1)
(11, 59, -23, -1, -3, 1)
(12, 58, -23, -2, -4, 0)
(12, 59, -23, -1, -2, 1)
(12, 59, -23, -1, -3, 1)
(14, 59, -22, 0, -4, 0)
(16, 59, -21, 0, -2, 0)
(16, 59, -21, -2, 0, 0)
(15, 58, -22, -2, 0, 0)
(13, 58, -22, -1, 0, 1)
(12, 58, -24, -2, -1, 2)
(13, 57, -27, -2, -1, 2)
(18, 51, -33, 0, 5, 2)
(22, 47, -41, 11, 26, -1)
(8, 49, -47, 23, 48, -7)
(-10, 54, -47, 30, 52, -11)
(-25, 60, -39, 34, 32, -8)
(-27, 61, -30, 33, -2, -1)
(-14, 64, -22, 31, -32, 5)
(-2, 69, -17, 18, -46, 6)
(8, 68, -12, 0, -45, 1)
(17, 60, -10, -11, -36, -6)
(27, 54, -12, -10, -24, -12)
(34, 54, -15, -4, -9, -12)
(33, 59, -20, -3, 7, -11)
(24, 59, -25, -11, 14, -10)
(16, 53, -29, -14, 12, -7)
(12, 49, -34, -10, 2, 0)
(8, 52, -54, 2, -1, 10)
(-14, 57, -65, 10, 9, 6)
(-47, 64, -79, 22, 13, -6)
(-76, 69, -83, 30, 0, -29)
(-79, 71, -83, 46, -34, -43)
(-67, 76, -91, 72, -46, -54)
(-69, 96, -102, 86, -33, -72)
(-108, 127, -127, 127, -45, -127)
(-106, 127, -127, 127, -49, -127)
(72, 127, -92, 127, -127, -127)
(102, 127, -84, 110, -127, -127)
(127, 127, -56, 66, -127, -127)
(127, 127, -40, 9, -127, -127)
(127, 115, -35, -31, -127, -127)
(127, 99, -6, -58, -127, -127)
(127, 63, 6, -72, -127, -127)
(127, 42, 31, -104, -127, -79)
(127, -18, 23, -110, -7, -31)
BatchID:  34




(14, 58, -24, 0, -2, 0)
(14, 59, -24, 0, -2, 0)
(14, 59, -24, 0, -1, 0)
(14, 58, -23, 0, 0, 0)
(15, 58, -23, 0, 0, 0)
(16, 59, -22, 0, 1, 0)
(14, 59, -23, -1, 1, 0)
(12, 58, -24, -1, 1, 0)
(12, 57, -25, 0, 0, 1)
(12, 58, -25, 0, -1, 1)
(14, 58, -24, 0, -2, 0)
(15, 59, -23, 0, -1, 0)
(15, 59, -23, 0, 0, 0)
(14, 59, -23, 0, 0, 0)
(13, 58, -24, 0, 0, 0)
(12, 59, -24, 0, -1, 0)
(13, 58, -23, 0, -1, 0)
(14, 58, -23, 0, -1, 0)
(13, 58, -23, 0, 0, 0)
(15, 58, -23, 0, 0, 0)
(14, 58, -23, 0, 0, 0)
(13, 58, -24, 0, 0, 0)
(13, 58, -24, 0, 0, 0)
(13, 58, -24, 0, -1, 0)
(15, 58, -23, 0, -1, 0)
(15, 59, -23, 0, 0, 0)
(14, 59, -23, 0, 0, 0)
(12, 59, -24, 0, 0, 0)
(11, 59, -24, 0, 0, 0)
(12, 58, -24, 0, -1, 0)
(15, 57, -24, 0, -2, 0)
(16, 58, -26, 1, 0, 0)
(19, 54, -33, 2, 5, 0)
(22, 49, -46, 18, 34, -5)
(-13, 62, -69, 38, 84, -18)
(-85, 85, -108, 60, 127, -39)
(-127, 123, -127, 85, 127, -107)
(-127, 127, -127, 127, 53, -127)
(-127, 127, -127, 127, 8, -127)
(-127, 127, -127, 127, -22, -127)
(-127, 127, -127, 127, -27, -127)
(-127, 127, -127, 127, -67, -127)
(-127, 127, -127, 127, -123, -127)
(-102, 127, -127, 127, -127, -127)
(-49, 127, -127, 127, -127, -127)
(5, 127, -127, 127, -127, -117)
(72, 127, -127, 127, -127, -96)
(127, 127, -127, 78, -127, -118)
(127, 127, -127, 35, -127, -127)
(127, 127, -91, -23, -127, -127)
(127, 127, -1, -127, -127, -127)
(127, 92, -17, -127, -127, -127)
(127, 33, 3, -108, -29, -121)
(127, -3, 4, 16, -10, -52)
(127, 32, -2, 72, 41, 14)
(127, 54, -2, 59, 82, 44)
(127, 51, -1, 35, 96, 77)
(127, 50, 3, 22, 91, 115)
(124, 51, 10, 24, 73, 127)
(127, 67, 9, 35, 63, 127)
(127, 88, 7, 38, 90, 127)
(125, 101, -5, 37, 124, 127)
(114, 117, -17, 29, 127, 127)
(104, 127, -40, 6, 127, 127)
(88, 127, -65, -22, 127, 127)
(60, 127, -79, -61, 127, 127)
(30, 127, -96, -123, 127, 127)
(31, 127, -127, -125, 96, 127)
(23, 127, -127, -78, 127, 127)
(4, 127, -127, -50, 127, 127)
(8, 127, -127, -79, 127, 127)
(39, 127, -127, -92, 127, 127)
(70, 127, -127, -101, 127, 127)
(33, 127, -127, -127, 127, 127)
(-27, 127, -127, -127, 127, 101)
(-81, 127, -127, -113, 127, 76)
(-127, 127, -127, -114, 127, 105)
(-127, 103, -127, -105, 26, 116)
BatchID:  35




(-28, 71, -43, 10, 16, -8)
(-44, 76, -50, 24, 39, -36)
(-64, 82, -59, 36, 46, -61)
(-79, 87, -69, 49, 36, -79)
(-85, 94, -85, 74, 27, -92)
(-94, 108, -108, 107, 38, -110)
(-112, 127, -127, 127, 61, -127)
(-127, 127, -127, 127, 60, -127)
(-127, 127, -127, 127, 15, -127)
(-127, 127, -127, 127, -35, -127)
(-103, 127, -127, 127, -78, -127)
(-79, 127, -127, 127, -105, -127)
(-59, 127, -127, 127, -127, -127)
(-36, 127, -127, 127, -127, -127)
(-22, 127, -127, 127, -127, -127)
(-14, 127, -127, 127, -127, -127)
(0, 127, -121, 127, -127, -127)
(13, 127, -108, 127, -127, -127)
(31, 127, -92, 127, -127, -127)
(49, 127, -80, 127, -127, -127)
(69, 127, -70, 127, -127, -127)
(84, 122, -61, 115, -127, -127)
(96, 107, -40, 89, -127, -127)
(108, 95, -6, 48, -127, -127)
(118, 66, -12, 17, -127, -127)
(106, 45, 4, 7, -124, -119)
(104, 28, 11, 20, -98, -100)
(101, 21, 22, 33, -76, -84)
(103, 21, 28, 40, -57, -66)
(108, 24, 33, 32, -35, -49)
(109, 21, 36, 13, -18, -34)
(110, 14, 34, -4, -1, -17)
(108, 8, 34, -14, 17, 0)
(106, 3, 36, -21, 29, 22)
(99, 0, 37, -23, 33, 51)
(75, 28, 35, -30, 34, 121)
(76, 34, 31, -52, 34, 127)
(80, 38, 25, -67, 46, 127)
(83, 40, 14, -72, 67, 127)
(26, 127, -62, -66, 127, 127)
(24, 127, -88, -127, 127, 127)
(32, 127, -104, -127, 127, 127)
(2, 127, -110, -127, 127, 127)
(-28, 127, -106, -127, 127, 127)
(-53, 127, -107, -127, 123, 127)
(-41, 127, -127, -127, 52, 127)
(-4, 127, -127, -72, 127, 77)
(5, 127, -127, -71, 127, 78)
(-64, 127, -127, -127, 37, 127)
(-80, 117, -127, -109, -4, 127)
(-84, 93, -117, -75, -33, 127)
(-76, 75, -101, -40, -34, 123)
BatchID:  36




(17, 59, -25, -1, 0, 0)
(16, 58, -25, 0, 0, 0)
(17, 57, -24, 0, 0, -1)
(20, 58, -23, 1, 0, -1)
(20, 60, -22, 0, 0, 0)
(20, 59, -22, 0, 0, 0)
(19, 58, -23, 0, 0, 0)
(18, 59, -24, 0, 0, 0)
(19, 58, -24, -1, -1, 0)
(20, 57, -23, 0, -1, -1)
(22, 58, -23, 0, 0, 0)
(21, 59, -23, 0, 0, 0)
(19, 59, -24, 0, 0, 1)
(18, 58, -25, 0, 0, 1)
(13, 59, -24, -2, -3, 0)
(15, 59, -24, -2, -4, -2)
(17, 59, -23, -2, -4, -2)
(18, 58, -23, -2, -4, -2)
(20, 57, -22, -1, -2, -2)
(19, 59, -22, 0, -1, -1)
(18, 60, -23, -2, -1, -1)
(14, 60, -23, -3, -2, 0)
(12, 59, -26, -4, -2, -1)
(7, 57, -29, -1, 1, -5)
(2, 56, -31, 9, 12, -9)
(-10, 63, -37, 28, 34, -17)
(-33, 79, -55, 45, 68, -30)
(-74, 95, -82, 46, 107, -68)
(-117, 100, -118, 42, 127, -127)
(-127, 96, -127, 51, 111, -127)
(-127, 97, -127, 83, 58, -127)
(-100, 127, -127, 127, -72, -127)
(-90, 127, -127, 127, -83, -127)
(-86, 127, -127, 127, -108, -127)
(92, 35, 42, 16, 95, 73)
(60, 39, 16, -70, 90, 107)
(55, 39, 12, -79, 75, 127)
(56, 50, 12, -80, 63, 127)
(58, 68, 11, -81, 70, 127)
(56, 87, 6, -85, 114, 127)
(42, 108, -4, -97, 127, 127)
(24, 127, -30, -127, 127, 103)
(6, 127, -77, -127, 127, 58)
(-17, 114, -108, -127, 127, 60)
(-27, 101, -126, -127, 97, 105)
(-17, 66, -127, -127, 39, 127)
(11, 55, -127, -127, 38, 127)
(22, 78, -127, -94, 83, 127)
(-18, 127, -127, -63, 76, 127)
(-73, 127, -108, -88, 5, 127)
(-82, 127, -127, -127, -48, 127)
BatchID:  37




(18, 57, -24, 0, 0, 0)
(18, 57, -24, 0, 0, 0)
(18, 57, -24, 0, -1, 0)
(19, 57, -23, 1, -1, 0)
(21, 58, -23, 0, 0, 0)
(21, 59, -23, 0, 0, 0)
(19, 59, -24, 0, 0, 0)
(18, 58, -25, -1, -1, 0)
(17, 59, -25, 0, -2, 0)
(17, 58, -25, 0, -3, 0)
(20, 58, -24, 0, -2, 0)
(21, 59, -23, 0, -1, 0)
(20, 60, -23, 0, 0, 1)
(18, 59, -24, 0, 0, 1)
(15, 59, -24, 0, -2, 2)
(14, 60, -25, 0, -4, 2)
(15, 59, -23, -1, -6, 1)
(17, 58, -23, -1, -6, 0)
(20, 58, -22, 0, -3, 0)
(20, 59, -23, 0, 0, 0)
(18, 59, -24, 0, 0, 0)
(16, 58, -24, 0, 0, 0)
(16, 58, -24, 0, -2, 0)
(18, 59, -23, 0, -2, -1)
(18, 59, -24, -1, -1, -1)
(17, 58, -25, -1, -1, -2)
(16, 58, -25, -1, -2, -2)
(17, 56, -29, -1, -1, -1)
(17, 51, -36, 6, 8, -1)
(5, 56, -45, 26, 36, -7)
(-28, 72, -60, 37, 71, -25)
(-80, 88, -91, 33, 88, -55)
(-127, 110, -127, 18, 67, -89)
(-127, 111, -127, 42, 18, -125)
(-127, 122, -127, 105, -44, -127)
(-127, 127, -127, 127, -47, -127)
(-107, 127, -127, 127, -18, -127)
(-94, 127, -127, 127, 20, -127)
(-99, 127, -127, 127, -8, -127)
(-108, 127, -127, 127, -66, -127)
(-88, 127, -127, 127, -127, -127)
(-58, 127, -127, 127, -127, -127)
(-21, 127, -127, 127, -127, -127)
(22, 127, -127, 127, -127, -127)
(68, 127, -127, 127, -127, -127)
(85, 127, -98, 122, -127, -127)
(93, 127, -79, 127, -127, -127)
(98, 127, -64, 127, -127, -127)
(107, 127, -50, 112, -127, -127)
(117, 127, -2, 62, -127, -127)
(127, 105, -13, -7, -127, -127)
(127, 58, -2, -35, -96, -127)
(120, 31, 3, -25, -75, -108)
(117, 12, 18, -6, -60, -84)
(119, 5, 31, 15, -68, -52)
(127, 19, 40, 34, -61, -19)
(127, 35, 51, 16, -25, 9)
(127, 28, 51, -10, 17, 42)
(127, 16, 42, -15, 40, 81)
(110, 22, 29, -5, 50, 118)
(100, 34, 21, -5, 50, 127)
(95, 43, 16, -10, 49, 127)
(99, 58, 16, -16, 47, 127)
(106, 71, 12, -23, 58, 127)
(109, 82, 0, -22, 87, 127)
(103, 97, -18, -12, 123, 127)
(94, 114, -42, 3, 127, 127)
(84, 127, -71, 5, 127, 127)
(46, 127, -80, -37, 127, 127)
(21, 127, -101, -102, 127, 127)
(11, 127, -116, -85, 127, 127)
(-7, 127, -124, -96, 127, 127)
(-44, 127, -127, -125, 127, 127)
(-105, 127, -127, -127, 111, 127)
(-86, 127, -127, -127, 57, 127)
(-34, 127, -127, -79, 88, 127)
(-5, 127, -127, -6, 127, 127)
BatchID:  38




(13, 57, -23, -1, -5, 0)
(19, 57, -22, 0, -4, -2)
(21, 58, -21, 0, -1, -1)
(20, 59, -21, -1, 0, -1)
(17, 58, -23, -2, 0, -1)
(15, 57, -24, -2, -1, 0)
(15, 57, -24, -2, -4, 0)
(18, 56, -24, 0, -4, 0)
(20, 57, -24, 0, -4, 1)
(19, 59, -25, 0, -3, 2)
(18, 56, -30, -1, 0, 2)
(14, 53, -35, 3, 9, 0)
(4, 55, -38, 12, 21, -3)
(-8, 60, -39, 18, 23, -9)
(-18, 64, -37, 20, 13, -12)
(-24, 67, -37, 19, -1, -15)
(-28, 70, -37, 16, -18, -18)
(-25, 68, -33, 16, -30, -23)
(-15, 68, -32, 19, -30, -30)
(-8, 75, -38, 20, -16, -38)
(-13, 80, -53, 16, 7, -48)
(-35, 83, -94, 24, 47, -62)
(-94, 93, -127, 43, 83, -100)
(-127, 105, -127, 64, 83, -127)
(-127, 124, -127, 123, 61, -127)
(-127, 127, -127, 127, 24, -127)
(-127, 127, -127, 127, 14, -127)
(-116, 127, -127, 127, -17, -127)
(-89, 127, -127, 127, -81, -127)
(-73, 127, -127, 127, -127, -127)
(-51, 127, -127, 127, -127, -127)
(-18, 127, -127, 127, -127, -127)
(21, 127, -127, 127, -127, -127)
(59, 127, -115, 127, -127, -127)
(77, 127, -88, 127, -127, -127)
(89, 127, -71, 127, -127, -127)
(94, 127, -54, 127, -127, -127)
(104, 127, -41, 112, -127, -127)
(112, 122, -9, 84, -127, -127)
(123, 95, -2, 48, -127, -127)
(115, 66, 12, 29, -102, -117)
(111, 48, 27, 29, -94, -92)
(121, 44, 42, 25, -94, -70)
(127, 48, 53, 5, -88, -43)
(127, 43, 54, -30, -63, -18)
(127, 26, 51, -47, -25, 8)
(127, 7, 44, -39, 9, 38)
(127, 5, 38, -15, 41, 77)
(114, 20, 30, 0, 63, 109)
(99, 36, 22, -2, 81, 127)
(89, 44, 16, -16, 92, 127)
(82, 50, 10, -27, 98, 127)
(75, 58, 2, -31, 104, 127)
(70, 68, -8, -30, 115, 127)
(65, 81, -17, -34, 125, 127)
(64, 99, -32, -53, 127, 127)
(63, 111, -49, -80, 127, 127)
(59, 117, -66, -94, 127, 127)
(37, 127, -77, -89, 127, 127)
(8, 127, -89, -98, 127, 127)
(-9, 127, -119, -122, 127, 127)
(-30, 127, -127, -127, 127, 127)
(-66, 127, -127, -127, 127, 127)
(-80, 127, -127, -127, 127, 127)
(-75, 127, -127, -127, 127, 127)
(-52, 127, -127, -122, 117, 104)
(-25, 127, -124, -110, 96, 99)
(-5, 127, -127, -119, 92, 107)
(10, 127, -127, -115, 97, 117)
(4, 127, -127, -99, 102, 125)
(-18, 127, -119, -86, 95, 127)
(-35, 127, -110, -73, 79, 127)
(-47, 127, -103, -71, 65, 127)
(-58, 121, -98, -79, 58, 102)
(-66, 96, -98, -81, 51, 67)
(-74, 75, -91, -68, 38, 36)
BatchID:  39




(88, 17, 46, 22, -27, -38)
(87, 14, 52, 6, -23, -19)
(86, 9, 56, -12, -21, 0)
(84, 1, 55, -31, -16, 18)
(81, -6, 53, -44, -6, 33)
(76, -14, 51, -49, 9, 45)
(70, -18, 45, -48, 30, 56)
(62, -18, 41, -44, 47, 66)
(58, -14, 33, -45, 63, 75)
(54, -9, 24, -47, 75, 82)
(51, -2, 15, -47, 84, 92)
(49, 5, 10, -47, 89, 106)
(48, 13, 3, -46, 92, 122)
(48, 24, -4, -45, 101, 127)
(45, 35, -11, -44, 119, 127)
(39, 44, -20, -43, 127, 127)
(23, 56, -26, -46, 127, 127)
(4, 74, -33, -70, 127, 127)
(0, 88, -49, -116, 93, 127)
(17, 79, -68, -127, 80, 127)
(23, 63, -83, -127, 123, 127)
(2, 68, -83, -117, 127, 127)
(-20, 93, -77, -118, 127, 127)
(-45, 122, -88, -127, 110, 127)
(-65, 127, -116, -127, 48, 127)
(-87, 127, -127, -127, 20, 127)
(-90, 127, -127, -127, 23, 127)
(-75, 77, -122, -127, 37, 127)
(-52, 50, -99, -127, 51, 91)
(-15, 55, -92, -73, 66, 71)
(20, 80, -93, -33, 107, 65)
(27, 113, -93, -42, 127, 51)
(-5, 127, -100, -80, 127, 50)
(-40, 126, -97, -103, 127, 77)
(-61, 119, -89, -109, 64, 109)
(-55, 115, -83, -104, -5, 127)
(-37, 114, -82, -107, -44, 127)
(-18, 105, -84, -110, -56, 127)
(-8, 88, -81, -101, -46, 127)
(-7, 78, -78, -75, -27, 122)
(-10, 74, -75, -47, -8, 111)
(-18, 76, -72, -24, 5, 95)
(-29, 74, -65, -11, 8, 77)
(-31, 67, -53, 0, 1, 61)
(-24, 63, -42, 13, -9, 44)
(-11, 66, -33, 20, -16, 31)
(2, 72, -24, 19, -14, 18)
(10, 74, -20, 9, -6, 10)
(12, 72, -19, -2, 0, 4)
(14, 65, -20, -8, 5, 0)
(13, 64, -21, 3, 14, -14)
(15, 62, -21, 1, 12, -17)
(17, 62, -21, 0, 10, -20)
(23, 58, -22, 0, 5, -22)
(23, 59, -23, 0, 2, -19)
(23, 58, -23, 0, 0, -17)
(24, 58, -21, 1, -2, -16)
BatchID:  40




(87, 104, -17, 92, -127, -126)
(88, 84, 17, 51, -127, -121)
(97, 54, 7, 21, -127, -110)
(86, 31, 17, 21, -101, -100)
(84, 17, 20, 34, -81, -85)
(80, 10, 27, 42, -60, -73)
(78, 7, 30, 43, -44, -59)
(79, 6, 34, 34, -30, -47)
(76, 1, 39, 21, -16, -36)
(71, -4, 40, 7, -3, -25)
(66, -11, 41, 0, 7, -12)
(61, -15, 41, -1, 16, 1)
(55, -17, 41, -3, 25, 13)
(50, -18, 40, -7, 33, 23)
(47, -18, 39, -14, 40, 32)
(45, -18, 37, -23, 49, 39)
(42, -20, 34, -31, 64, 44)
(35, -23, 30, -38, 78, 46)
(26, -23, 24, -40, 89, 47)
(16, -22, 20, -43, 87, 49)
(8, -18, 17, -45, 73, 57)
(6, -12, 17, -55, 55, 70)
(8, -9, 13, -66, 44, 79)
(14, -6, 9, -73, 46, 84)
(17, -5, 2, -74, 58, 88)
(13, -4, -6, -74, 74, 87)
(8, 0, -16, -65, 94, 83)
(0, 5, -26, -62, 113, 72)
(-15, 14, -31, -71, 114, 66)
(-30, 22, -29, -99, 78, 73)
(-27, 20, -27, -115, 30, 90)
(-5, 15, -35, -109, 8, 120)
(14, 22, -50, -89, 16, 127)
(7, 31, -57, -78, 60, 127)
(-23, 40, -60, -85, 105, 109)
(-51, 52, -53, -103, 91, 92)
(-62, 56, -48, -124, 23, 109)
(-36, 46, -52, -118, -22, 127)
(-7, 46, -66, -95, -3, 127)
(-13, 66, -83, -74, 45, 127)
(-44, 80, -86, -76, 76, 127)
(-86, 89, -69, -102, 61, 127)
(-85, 68, -63, -117, -5, 112)
(-34, 50, -62, -97, -46, 120)
(8, 55, -69, -68, -20, 121)
(31, 74, -70, -55, 55, 109)
(11, 90, -76, -63, 117, 82)
(-32, 97, -69, -74, 112, 88)
(-54, 97, -57, -67, 52, 126)
(-39, 102, -52, -52, -13, 127)
(-12, 111, -56, -56, -39, 127)
(1, 119, -58, -73, -32, 127)
(6, 116, -63, -89, -16, 127)
(0, 105, -70, -82, 2, 127)
(-8, 95, -72, -63, 15, 127)
(-16, 90, -72, -37, 30, 127)
(-32, 91, -68, -16, 40, 115)
(-41, 88, -58, 0, 44, 98)
(-53, 85, -48, 10, 63, 56)
(-70, 80, -45, 2, 38, 16)
(-41, 64, -30, 6, -12, 3)
(-14, 70, -24, 24, -10, -6)
(-1, 79, -17, 20, -7, -13)
(14, 82, -15, 3, 1, -21)
(21, 72, -18, -11, 20, -27)
(21, 58, -20, -7, 41, -25)
(16, 53, -19, 5, 55, -22)
(11, 57, -21, 13, 58, -18)
(8, 61, -24, 13, 59, -15)
(3, 62, -25, 8, 55, -15)
(-3, 61, -27, 3, 45, -13)
(-6, 60, -26, 1, 28, -11)
(-1, 60, -26, 1, 10, -9)
(5, 61, -25, 0, 0, -9)
(12, 61, -24, -3, -5, -9)
BatchID:  41




(18, 58, -22, 0, -3, -3)
(20, 58, -20, 1, -2, -2)
(21, 59, -19, 1, -2, -2)
(21, 59, -19, 0, -1, -1)
(21, 59, -19, 0, -1, 0)
(21, 59, -20, -1, -1, 2)
(18, 58, -22, -2, -2, 4)
(16, 57, -23, -2, -4, 4)
(16, 57, -23, -1, -6, 3)
(18, 56, -22, 0, -7, 3)
(20, 59, -22, 1, -5, 5)
(18, 60, -22, -1, -4, 5)
(13, 60, -23, -2, -5, 6)
(8, 59, -24, -3, -10, 7)
(5, 59, -26, -2, -15, 8)
(0, 61, -29, -2, -17, 6)
(-5, 61, -32, 2, -8, 0)
(-16, 66, -39, 17, 16, -10)
(-36, 77, -52, 33, 51, -33)
(-69, 90, -75, 44, 91, -66)
(-111, 96, -114, 57, 121, -116)
(-127, 103, -127, 83, 127, -127)
(-127, 121, -127, 119, 87, -127)
(-127, 127, -127, 127, 36, -127)
(-127, 127, -127, 127, -21, -127)
(-108, 127, -127, 127, -51, -127)
(-81, 127, -127, 127, -87, -127)
(-63, 127, -127, 127, -119, -127)
(-56, 127, -127, 127, -127, -127)
(-33, 127, -127, 127, -127, -127)
(-7, 127, -127, 127, -127, -127)
(20, 127, -127, 127, -127, -127)
(44, 127, -106, 127, -127, -127)
(55, 127, -88, 127, -127, -127)
(68, 127, -73, 127, -127, -127)
(83, 127, -56, 127, -127, -127)
(96, 127, -40, 111, -127, -127)
(97, 114, -18, 98, -127, -127)
(100, 101, 4, 75, -127, -124)
(104, 83, 7, 46, -117, -111)
(98, 62, 20, 22, -91, -104)
(99, 45, 26, 4, -78, -94)
(103, 30, 37, -12, -66, -82)
(112, 16, 44, -29, -55, -63)
(121, 1, 47, -35, -35, -37)
(126, -8, 49, -21, -5, -6)
(120, -9, 50, 0, 27, 30)
(107, 4, 48, 6, 51, 60)
(94, 17, 45, -6, 68, 78)
(83, 23, 39, -28, 82, 92)
(74, 24, 30, -44, 94, 104)
(66, 28, 23, -51, 102, 118)
(61, 36, 15, -53, 108, 127)
(58, 46, 7, -55, 111, 127)
(55, 59, -3, -59, 114, 127)
(52, 73, -12, -69, 118, 127)
(51, 88, -24, -87, 125, 127)
(46, 101, -39, -106, 127, 127)
(34, 110, -56, -124, 127, 127)
(16, 119, -73, -127, 127, 127)
(18, 125, -97, -127, 127, 127)
(7, 127, -104, -127, 127, 127)
(-20, 127, -112, -127, 127, 127)
(-54, 127, -115, -127, 127, 127)
(-68, 127, -127, -127, 43, 127)
(-53, 127, -127, -127, -36, 127)
BatchID:  42




(16, 59, -20, 0, 0, 0)
(15, 59, -21, 0, 0, 1)
(16, 60, -21, 0, -2, 1)
(15, 60, -22, -1, -2, 1)
(15, 58, -21, -1, -2, 0)
(16, 58, -21, 0, -2, 0)
(16, 60, -21, 1, -2, 2)
(14, 61, -21, 0, -2, 2)
(14, 60, -21, 0, -3, 2)
(14, 60, -20, 0, -4, 3)
(15, 61, -20, 0, -5, 3)
(14, 62, -20, -1, -4, 3)
(13, 61, -21, -3, -4, 1)
(14, 59, -21, -3, -4, 0)
(16, 58, -21, -1, -4, -1)
(19, 59, -20, 0, -2, 0)
(17, 61, -21, 0, -1, 0)
(13, 60, -22, -2, -1, 0)
(10, 59, -25, -1, -3, 1)
(8, 60, -25, 0, -7, 0)
(10, 58, -22, 1, -10, -1)
(18, 58, -19, 4, -9, -1)
(22, 62, -16, 4, -6, -1)
(21, 63, -16, 0, -1, 0)
(18, 62, -21, -2, 2, 0)
(16, 58, -32, 1, 14, 0)
(6, 59, -49, 12, 42, -7)
(-23, 61, -64, 23, 77, -33)
(-70, 70, -89, 40, 103, -63)
(-127, 85, -118, 60, 105, -104)
(-127, 97, -127, 78, 53, -127)
(-127, 106, -127, 118, -6, -127)
(-98, 125, -127, 127, -21, -127)
(-87, 127, -127, 127, -11, -127)
(-87, 127, -127, 127, -17, -127)
(-88, 127, -127, 127, -37, -127)
(-80, 127, -127, 127, -57, -127)
(-70, 127, -127, 127, -74, -127)
(-61, 127, -127, 127, -89, -127)
(-43, 127, -127, 127, -111, -127)
(-27, 127, -127, 127, -127, -127)
(-9, 127, -127, 127, -127, -127)
(2, 127, -119, 127, -127, -127)
(18, 127, -97, 127, -127, -127)
(27, 127, -80, 127, -127, -127)
(35, 127, -62, 127, -127, -127)
(41, 127, -43, 127, -127, -127)
(48, 119, -29, 127, -127, -127)
(58, 104, -15, 119, -127, -127)
(72, 89, -2, 99, -121, -127)
(82, 78, 20, 71, -111, -126)
(96, 64, 32, 33, -122, -111)
(99, 41, 30, 10, -83, -98)
(93, 23, 40, 12, -62, -75)
(96, 15, 47, 20, -50, -51)
(101, 20, 58, 15, -19, -5)
(97, 19, 59, -2, 0, 14)
(89, 17, 57, -17, 14, 34)
BatchID:  43




(20, 59, -21, -1, 0, 0)
(17, 59, -23, -1, 0, 0)
(19, 58, -22, 0, -2, 0)
(21, 59, -21, 0, -2, 0)
(23, 59, -20, 0, -1, 0)
(23, 60, -18, 0, 0, 0)
(25, 61, -17, 0, 0, 1)
(24, 62, -18, -2, 0, 3)
(20, 62, -20, -5, 0, 3)
(17, 60, -24, -6, 0, 1)
(15, 58, -28, -5, -1, 0)
(16, 54, -25, -1, -3, -3)
(24, 55, -23, 4, -4, -2)
(27, 61, -20, 5, -1, 0)
(24, 62, -19, 0, 0, 2)
(20, 60, -19, -1, 0, 3)
(18, 59, -21, -1, -1, 3)
(19, 60, -20, -1, -2, 1)
(22, 59, -20, -3, 0, 0)
(24, 58, -21, -2, 1, 0)
(23, 59, -22, -1, 2, 0)
(19, 59, -23, -1, 1, 2)
(17, 59, -27, -2, 0, 2)
(15, 56, -32, -1, 2, 2)
(12, 53, -36, 7, 10, 0)
(-2, 58, -39, 19, 24, -8)
(-29, 67, -48, 30, 34, -19)
(-68, 83, -73, 37, 47, -39)
(-114, 90, -92, 40, 48, -81)
(-125, 92, -103, 51, 19, -121)
(-93, 87, -110, 80, -2, -127)
(-76, 102, -127, 108, 8, -127)
(-87, 118, -127, 118, 15, -127)
(-100, 124, -127, 127, 5, -127)
(-114, 127, -127, 127, -14, -127)
(-126, 127, -127, 127, -40, -127)
(-127, 127, -127, 127, -56, -127)
(-116, 127, -127, 127, -72, -127)
(-76, 127, -127, 127, -88, -127)
(-56, 127, -127, 127, -113, -127)
(-38, 127, -127, 127, -127, -127)
(-20, 127, -127, 127, -127, -127)
(14, 127, -127, 127, -127, -127)
(51, 127, -117, 127, -127, -127)
(77, 127, -97, 127, -127, -127)
(95, 127, -72, 127, -127, -127)
(106, 127, -48, 127, -127, -127)
(115, 127, -15, 126, -127, -127)
(120, 127, 31, 81, -127, -127)
(127, 127, 43, 4, -127, -120)
(127, 95, 53, -65, -127, -112)
(127, 63, 54, -87, -114, -91)
(127, 34, 53, -103, -72, -75)
(127, 9, 46, -84, -27, -46)
(127, -2, 48, -68, 10, 0)
(127, -11, 57, -53, 14, 50)
(127, -9, 53, -31, 10, 114)
(127, 18, 41, -2, 47, 127)
(118, 44, 30, -2, 87, 127)
(102, 57, 17, -8, 118, 127)
(88, 66, 3, -10, 127, 127)
(77, 77, -14, -3, 127, 127)
(68, 93, -28, -2, 127, 127)
(50, 119, -39, -26, 127, 127)
(18, 127, -41, -92, 127, 127)
(11, 127, -65, -127, 127, 127)
(29, 127, -91, -127, 116, 127)
(18, 127, -105, -127, 127, 127)
(-3, 127, -118, -127, 127, 127)
(-45, 127, -127, -127, 127, 127)
(-72, 127, -127, -127, 107, 127)
(-89, 127, -127, -127, 17, 127)
(-88, 127, -127, -127, -83, 127)
(-34, 115, -127, -127, -94, 127)
(17, 101, -127, -82, 9, 127)
(39, 118, -127, -42, 120, 127)
BatchID:  44




(23, 59, -21, 1, 0, 0)
(22, 60, -21, 0, 0, 1)
(21, 60, -21, 0, -1, 2)
(19, 60, -23, -1, -3, 2)
(19, 59, -23, -1, -3, 1)
(20, 57, -22, 0, -3, 0)
(24, 58, -20, 2, -2, 0)
(25, 61, -20, 2, 0, 0)
(21, 62, -20, -1, 1, 1)
(18, 60, -22, -2, 0, 1)
(17, 59, -23, -1, -2, 1)
(17, 59, -24, -1, -4, 0)
(21, 57, -22, 0, -4, -1)
(26, 58, -20, 2, -2, 0)
(25, 61, -19, 1, 0, 0)
(22, 61, -20, 0, 1, 0)
(19, 60, -22, -1, 0, 0)
(18, 59, -22, -1, -2, 0)
(18, 60, -23, 0, -4, 0)
(19, 60, -24, -1, -4, -1)
(20, 59, -27, -1, -2, -2)
(20, 56, -32, 2, 4, -3)
(15, 55, -36, 10, 17, -6)
(-8, 61, -45, 19, 24, -6)
(-47, 73, -62, 34, 24, -10)
(-89, 90, -86, 51, 43, -42)
(-127, 107, -124, 68, 65, -111)
(-127, 118, -127, 89, 71, -127)
(-127, 127, -127, 124, 72, -127)
(-127, 127, -127, 127, 60, -127)
(-127, 127, -127, 127, 5, -127)
(-127, 127, -127, 127, -66, -127)
(-120, 127, -127, 127, -110, -127)
(-94, 127, -127, 127, -127, -127)
(-71, 127, -127, 127, -127, -127)
(-48, 127, -127, 127, -127, -127)
(-21, 127, -127, 127, -127, -127)
(9, 127, -127, 127, -127, -127)
(44, 127, -127, 127, -127, -127)
(77, 127, -124, 127, -127, -127)
(93, 127, -98, 127, -127, -127)
(101, 127, -77, 127, -127, -127)
(105, 127, -58, 125, -127, -127)
(111, 127, -29, 106, -127, -127)
(127, 112, -5, 67, -127, -127)
(127, 81, 5, 33, -94, -127)
(121, 54, 19, 29, -61, -127)
(122, 39, 33, 41, -44, -114)
(127, 39, 50, 52, -33, -79)
(127, 51, 64, 39, -20, -46)
(127, 51, 72, 6, 1, -7)
(127, 38, 70, -12, 19, 33)
(127, 36, 66, -19, 31, 72)
(118, 44, 59, -32, 40, 101)
(109, 52, 46, -51, 51, 124)
(103, 56, 34, -65, 64, 127)
(99, 61, 20, -73, 79, 127)
(96, 71, 1, -73, 101, 127)
(88, 81, -11, -69, 122, 127)
(81, 95, -27, -66, 127, 127)
(74, 114, -42, -72, 127, 127)
(68, 127, -61, -94, 127, 127)
(47, 127, -75, -124, 127, 127)
(34, 127, -95, -127, 127, 127)
(34, 127, -124, -127, 127, 127)
(9, 127, -127, -127, 127, 127)
(-19, 127, -127, -127, 127, 127)
BatchID:  45




(24, 59, -22, 0, 0, 0)
(24, 59, -21, 0, 0, 0)
(23, 59, -22, 0, 1, 0)
(22, 59, -22, 0, 1, 0)
(23, 58, -23, 0, 0, 0)
(23, 58, -23, 0, 0, 0)
(25, 58, -22, 0, -1, 0)
(26, 59, -21, 1, 0, 0)
(27, 59, -21, 0, 1, 1)
(24, 59, -22, 0, 2, 1)
(21, 59, -23, 0, 1, 1)
(20, 59, -23, 0, -1, 1)
(22, 59, -23, 0, -2, 0)
(25, 58, -22, 0, -2, 0)
(27, 58, -21, 0, 0, 0)
(27, 59, -21, 1, 1, 0)
(24, 60, -21, 0, 1, 1)
(22, 59, -22, 0, 0, 0)
(22, 59, -22, 0, 0, 1)
(22, 60, -23, 0, -1, 0)
(20, 59, -23, -1, -1, -1)
(24, 56, -22, 0, -2, -2)
(28, 57, -21, 2, 0, 0)
(27, 61, -20, 1, 1, 1)
(24, 60, -21, -1, 1, 2)
(21, 59, -23, -1, 0, 2)
(18, 59, -24, -1, -2, 2)
(18, 59, -26, -1, -4, 0)
(18, 57, -29, -1, -2, -2)
(17, 52, -40, 3, 7, -5)
(5, 53, -48, 25, 38, -17)
(-41, 68, -78, 51, 84, -39)
(-110, 91, -104, 59, 105, -78)
(-127, 114, -123, 44, 46, -110)
(-127, 106, -127, 56, -42, -121)
(-127, 112, -127, 112, -81, -124)
(-127, 127, -127, 127, -68, -127)
(-127, 127, -127, 127, -26, -127)
(-127, 127, -127, 127, -27, -127)
(-127, 127, -127, 127, -51, -127)
(-118, 127, -127, 127, -105, -127)
(-85, 127, -127, 127, -127, -127)
(-54, 127, -127, 127, -127, -127)
(-11, 127, -127, 127, -127, -127)
(26, 127, -127, 127, -127, -127)
(51, 127, -127, 127, -127, -127)
(72, 127, -127, 127, -127, -127)
(96, 127, -118, 127, -127, -127)
(108, 127, -91, 127, -127, -127)
(111, 127, -62, 127, -127, -127)
(111, 127, -39, 127, -116, -127)
(113, 127, -15, 127, -111, -127)
(118, 127, 1, 107, -93, -127)
(127, 124, 26, 71, -79, -126)
(127, 109, 45, 17, -69, -108)
(127, 81, 49, -24, -50, -81)
(127, 55, 54, -26, -33, -44)
(127, 40, 63, -12, -15, -1)
(127, 39, 69, 7, -1, 49)
(127, 57, 69, 4, 8, 95)
(127, 70, 62, -19, 24, 125)
(119, 74, 53, -44, 43, 127)
(111, 74, 36, -62, 70, 127)
(102, 77, 18, -69, 97, 127)
(95, 86, 1, -71, 124, 127)
(89, 100, -19, -77, 127, 127)
(85, 114, -38, -92, 127, 127)
(79, 127, -59, -111, 127, 127)
(65, 127, -81, -127, 127, 127)
batchID: 46

(45, 16, 2, 32, -53, -107)
(46, 7, 4, 31, -52, -93)
(47, 4, 8, 32, -49, -84)
(48, 1, 12, 27, -41, -76)
(46, -4, 15, 17, -30, -65)
(43, -10, 18, 10, -22, -54)
(37, -15, 20, 5, -18, -44)
(30, -20, 20, 2, -14, -35)
(25, -23, 21, -2, -16, -28)
(25, -29, 20, -9, -21, -22)
(26, -34, 19, -15, -22, -16)
(28, -39, 19, -19, -19, -11)
(25, -44, 20, -19, -11, -4)
(21, -47, 20, -16, -2, 1)
(12, -50, 21, -14, 4, 5)
(6, -52, 20, -12, 6, 8)
(1, -52, 19, -10, 1, 9)
(0, -53, 19, -12, -2, 8)
(-1, -55, 18, -14, -4, 6)
(-1, -56, 17, -14, -6, 5)
(0, -55, 19, -11, -10, 5)
(3, -53, 19, -8, -11, 8)
(7, -48, 21, -7, -5, 11)
(8, -43, 23, -8, 3, 13)
(8, -37, 24, -8, 10, 16)
(7, -31, 24, -10, 8, 20)
(12, -26, 21, -13, 0, 24)
(17, -24, 18, -15, -12, 30)
(25, -20, 18, -19, -27, 41)
(31, -17, 20, -22, -41, 55)
(37, -14, 22, -27, -56, 76)
(45, -10, 22, -27, -64, 98)
(51, -3, 20, -24, -61, 117)
(55, 3, 15, -23, -52, 127)
(59, 11, 9, -21, -40, 127)
(65, 18, 1, -23, -23, 127)
(70, 26, -2, -22, 0, 127)
(75, 39, -4, -19, 24, 127)
(73, 46, -11, -14, 51, 127)
(67, 59, -19, -3, 82, 127)
(66, 70, -34, 17, 113, 127)
(65, 89, -50, 37, 127, 127)
(58, 120, -69, 32, 127, 127)
(49, 127, -83, 12, 127, 127)
(22, 127, -73, 2, 127, 127)
(-10, 127, -98, -22, 127, 127)
(-67, 127, -126, -47, 127, 127)
(-110, 127, -127, -100, 127, 127)
(-119, 127, -127, -127, 81, 127)
(-91, 127, -102, -122, 42, 127)
(-33, 127, -95, -88, 38, 127)
(-12, 127, -97, -84, 56, 127)
(-2, 127, -106, -95, 81, 124)
(-18, 127, -107, -84, 93, 126)
(-40, 127, -105, -62, 92, 127)
(-59, 127, -99, -35, 86, 127)
(-78, 123, -89, -25, 83, 115)
(-94, 107, -75, -23, 80, 73)
(-94, 85, -64, -16, 64, 26)
(-70, 69, -46, 3, 42, -14)
(-36, 68, -36, 28, 40, -45)
(-14, 78, -25, 40, 54, -62)
(-2, 83, -20, 30, 67, -67)
(1, 76, -20, 11, 66, -63)
(2, 61, -23, -2, 54, -50)
(-1, 49, -29, -5, 45, -33)
BatchID:  2




(6, 51, -22, 4, -63, -38)
(14, 52, -20, 2, -58, -35)
(18, 49, -21, 0, -45, -34)
(15, 46, -19, 3, -31, -31)
(10, 43, -18, 9, -22, -25)
(4, 44, -18, 18, -15, -18)
(0, 47, -17, 22, -11, -16)
(-2, 48, -14, 20, -6, -17)
(-5, 48, -13, 18, -4, -16)
(-7, 49, -12, 15, -6, -15)
(-8, 48, -12, 8, -10, -15)
(-7, 46, -13, 2, -15, -15)
(-5, 42, -16, 0, -19, -13)
(-5, 42, -21, 4, -15, -7)
(-10, 44, -25, 10, -3, -7)
(-23, 50, -30, 18, 21, -15)
(-46, 63, -38, 30, 59, -33)
(-87, 76, -62, 40, 109, -65)
(-127, 82, -96, 54, 127, -105)
(-127, 87, -120, 47, 96, -127)
(-127, 78, -127, 44, 47, -127)
(-127, 60, -127, 103, 30, -127)
(-127, 66, -127, 127, 24, -127)
(-127, 84, -127, 127, 31, -127)
(-127, 106, -127, 127, 20, -127)
(-127, 104, -127, 127, -37, -127)
(-119, 97, -127, 127, -108, -127)
(-81, 121, -127, 127, -127, -127)
(-34, 127, -122, 127, -127, -127)
(22, 127, -103, 127, -127, -127)
(68, 127, -90, 127, -127, -127)
(90, 127, -64, 92, -127, -127)
(89, 127, -11, 52, -127, -127)
(113, 103, -27, 45, -127, -127)
(118, 91, -9, 34, -124, -127)
(127, 79, 10, 18, -109, -127)
(127, 70, 28, -16, -117, -127)
(127, 49, 39, -38, -127, -109)
(127, 38, 65, -37, -104, -80)
(127, 4, 70, -8, -22, -39)
(127, 10, 68, 15, -22, 2)
(125, 25, 59, 11, -2, 34)
(124, 40, 50, -15, 4, 56)
(116, 35, 40, -52, 13, 74)
(108, 23, 29, -60, 19, 101)
(102, 21, 25, -51, 26, 127)
(96, 30, 23, -40, 35, 127)
(95, 42, 14, -29, 54, 127)
(93, 57, 5, -21, 80, 127)
(93, 72, -8, -21, 114, 127)
(91, 83, -24, -27, 127, 127)
(86, 95, -45, -33, 127, 127)
(74, 107, -67, -36, 127, 127)
(41, 127, -84, -65, 127, 127)
(-7, 127, -109, -127, 127, 127)
(-32, 127, -127, -127, 81, 127)
(-42, 127, -109, -127, 114, 127)
(-35, 127, -119, -98, 127, 127)
(-15, 127, -127, -120, 127, 127)
(-60, 127, -127, -127, 127, 127)
(-119, 127, -127, -127, 127, 127)
(-127, 127, -127, -127, 15, 127)
(-111, 127, -116, -127, -87, 127)
(-49, 127, -115, -85, -93, 127)
(2, 127, -108, -56, -8, 127)
(25, 127, -110, -74, 110, 106)
(-4, 127, -116, -95, 127, 45)
(-31, 127, -116, -92, 127, 41)
BatchID:  3




(13, 59, -18, -2, -9, 11)
(13, 62, -18, -2, -9, 13)
(13, 63, -16, -4, -9, 13)
(14, 62, -16, -4, -7, 14)
(14, 62, -16, -5, -6, 14)
(17, 62, -18, -6, -6, 14)
(15, 63, -21, -7, -6, 15)
(10, 62, -23, -8, -9, 15)
(8, 59, -26, -5, -13, 17)
(8, 59, -28, 1, -12, 17)
(7, 64, -30, 10, 0, 14)
(-1, 68, -30, 15, 15, 4)
(-10, 69, -29, 18, 25, -7)
(-18, 70, -27, 22, 27, -20)
(-25, 71, -25, 21, 25, -33)
(-37, 77, -26, 18, 12, -38)
(-47, 82, -29, 11, -17, -39)
(-45, 83, -33, 7, -49, -38)
(-31, 82, -43, 8, -66, -37)
(-23, 85, -63, 15, -59, -40)
(-27, 84, -87, 33, -25, -53)
(-63, 90, -112, 71, 39, -87)
(-122, 102, -127, 127, 127, -127)
(-127, 127, -127, 127, 127, -127)
(-127, 127, -127, 127, 113, -127)
(-127, 127, -127, 127, 35, -127)
(-127, 127, -127, 127, -77, -127)
(-127, 127, -127, 127, -127, -127)
(-82, 127, -127, 127, -127, -127)
(-31, 127, -127, 127, -127, -127)
(7, 127, -127, 127, -127, -127)
(41, 127, -127, 127, -127, -127)
(70, 127, -127, 127, -127, -127)
(92, 127, -115, 127, -127, -127)
(107, 127, -105, 124, -127, -127)
(121, 127, -85, 114, -127, -127)
(124, 127, -51, 98, -127, -127)
(127, 112, -38, 64, -127, -127)
(127, 87, -19, 49, -127, -127)
(127, 73, -9, 38, -127, -110)
(127, 77, 10, 21, -127, -91)
(127, 81, 20, -11, -127, -73)
(127, 66, 23, -45, -107, -57)
(127, 49, 36, -74, -62, -23)
(127, 6, 36, -57, -3, 17)
(127, -1, 27, -6, 8, 52)
(127, 19, 24, 28, 41, 92)
(127, 41, 19, 24, 59, 115)
(116, 54, 20, -2, 74, 127)
(104, 55, 16, -22, 78, 127)
(98, 57, 13, -26, 81, 127)
(97, 68, 5, -23, 94, 127)
(99, 82, -10, -20, 126, 127)
(99, 97, -28, -25, 127, 127)
(100, 108, -52, -31, 127, 127)
(87, 118, -73, -34, 127, 127)
(49, 127, -87, -39, 127, 127)
(-6, 127, -103, -107, 127, 127)
(-15, 127, -127, -127, 115, 127)
(-12, 127, -127, -127, 127, 127)
(-29, 127, -127, -127, 127, 127)
(-65, 127, -127, -127, 127, 127)
(-96, 127, -127, -127, 107, 127)
unpack requires a buffer of 20 bytes
(2, 127, -127, -63, 54, 127)
(-100, 127, -127, -127, -18, 127)
BatchID:  4




(15, 60, -18, 0, -1, 1)
(17, 60, -18, -1, 0, 0)
(17, 60, -19, -1, 0, 0)
(16, 60, -19, 0, 0, 0)
(17, 60, -18, 0, 0, 0)
(16, 61, -19, 0, 0, 1)
(16, 60, -19, 0, 0, 1)
(15, 61, -19, 0, 0, 1)
(15, 61, -19, 0, 0, 1)
(15, 61, -18, 0, 0, 0)
(16, 60, -18, 0, 0, 0)
(16, 61, -19, 0, 0, 0)
(17, 61, -18, 0, 0, 0)
(17, 61, -18, 0, 0, 0)
(16, 61, -19, 0, 0, 1)
(14, 60, -20, 0, 0, 1)
(14, 60, -22, 0, 0, 1)
(18, 57, -30, 3, 6, 0)
(16, 57, -34, 13, 30, -7)
(-16, 65, -50, 24, 62, -18)
(-69, 80, -69, 33, 66, -31)
(-127, 95, -93, 38, 56, -65)
(-127, 103, -127, 75, 64, -124)
(-127, 124, -127, 127, 40, -127)
(-127, 127, -127, 127, 35, -127)
(-127, 127, -127, 127, 31, -127)
(-127, 127, -127, 127, 4, -127)
(-127, 127, -127, 127, -30, -127)
(-127, 127, -127, 127, -84, -127)
(-122, 127, -127, 127, -127, -127)
(-87, 127, -127, 127, -127, -127)
(-41, 127, -127, 127, -127, -127)
(13, 127, -127, 127, -127, -127)
(60, 127, -127, 127, -127, -127)
(91, 127, -126, 127, -127, -127)
(111, 127, -99, 127, -127, -127)
(120, 127, -70, 122, -127, -127)
(123, 127, -22, 108, -127, -127)
(127, 127, -12, 86, -122, -127)
(125, 125, 9, 52, -94, -127)
(127, 105, 26, 19, -84, -127)
(127, 81, 40, -15, -81, -127)
(127, 56, 42, -49, -78, -89)
(127, 25, 46, -50, -59, -54)
(127, 8, 51, -26, -19, -16)
(127, 4, 52, 17, 12, 26)
(127, 29, 41, 27, 31, 69)
(119, 51, 34, 13, 52, 94)
(108, 58, 25, -16, 63, 113)
(99, 57, 18, -35, 71, 127)
(95, 58, 15, -40, 70, 127)
(100, 71, 17, -44, 70, 127)
(100, 83, 13, -50, 77, 127)
(100, 94, 3, -47, 91, 127)
(98, 110, -14, -41, 112, 127)
(97, 127, -38, -39, 127, 127)
(95, 127, -71, -59, 127, 127)
(69, 127, -92, -109, 127, 127)
(34, 127, -106, -127, 127, 127)
(10, 127, -116, -127, 127, 127)
(3, 127, -127, -98, 127, 127)
(-10, 127, -127, -112, 127, 127)
(-55, 127, -127, -127, 127, 127)
(-64, 127, -127, -127, 127, 127)
(-66, 127, -127, -127, 127, 118)
(-65, 127, -127, -123, 127, 126)
(-50, 127, -127, -97, 88, 127)
(-25, 127, -127, -84, 68, 127)
(-7, 127, -127, -83, 79, 127)
(-9, 127, -127, -97, 107, 127)
BatchID:  5




(19, 59, -20, 0, -1, 0)
(21, 60, -20, 0, -1, 0)
(20, 60, -19, 0, 0, 2)
(18, 61, -21, 0, 0, 2)
(17, 60, -20, 0, 0, 1)
(17, 59, -20, 0, 0, 0)
(18, 59, -20, 0, 0, 0)
(19, 60, -19, 0, 0, 0)
(19, 60, -20, 0, 0, 0)
(19, 61, -20, 0, 0, 0)
(18, 61, -20, 0, 0, 1)
(18, 60, -21, -1, 0, 1)
(18, 60, -21, -1, 0, 1)
(18, 60, -22, 0, 0, 1)
(17, 59, -27, 0, 5, 0)
(11, 57, -32, 6, 21, -5)
(-15, 67, -46, 20, 59, -24)
(-69, 79, -83, 39, 103, -51)
(-127, 99, -127, 62, 123, -103)
(-127, 118, -127, 68, 76, -127)
(-127, 118, -127, 126, -17, -127)
(-127, 127, -127, 127, -43, -127)
(-127, 127, -127, 127, -63, -127)
(-127, 127, -127, 127, -62, -127)
(-127, 127, -127, 127, -99, -127)
(-116, 127, -127, 127, -127, -127)
(-96, 127, -127, 127, -127, -127)
(-45, 127, -127, 127, -127, -127)
(3, 127, -127, 127, -127, -127)
(39, 127, -127, 127, -127, -127)
(71, 127, -126, 127, -127, -127)
(90, 127, -110, 113, -127, -127)
(101, 127, -90, 89, -127, -127)
(105, 127, -59, 76, -127, -127)
(110, 124, -39, 57, -127, -127)
(113, 106, -23, 42, -92, -127)
(119, 98, -6, 36, -55, -127)
(127, 93, 10, 21, -31, -127)
(127, 80, 23, -13, -20, -127)
(127, 57, 26, -37, -20, -92)
(127, 36, 32, -37, -28, -41)
(127, 23, 41, -23, -53, 12)
(127, 28, 47, -14, -64, 55)
(127, 40, 51, -22, -48, 92)
(127, 45, 49, -32, -25, 125)
(127, 50, 43, -37, 1, 127)
(127, 60, 25, -36, 29, 127)
(117, 72, 11, -32, 59, 127)
(109, 83, -7, -20, 93, 127)
(99, 97, -22, -4, 125, 127)
(90, 116, -41, 7, 127, 127)
(74, 127, -55, 4, 127, 127)
(60, 127, -80, -38, 127, 127)
(52, 127, -104, -78, 127, 127)
(30, 127, -122, -90, 127, 127)
(4, 127, -127, -88, 127, 127)
(-34, 127, -127, -120, 127, 127)
(-51, 127, -127, -127, 127, 127)
(-28, 127, -127, -122, 127, 127)
(-36, 127, -127, -109, 127, 127)
(-58, 127, -127, -127, 127, 127)
(-85, 127, -127, -127, 127, 127)
(-102, 127, -127, -127, 99, 118)
(-98, 127, -121, -108, 1, 127)
(-65, 127, -105, -83, -72, 127)
(-21, 127, -106, -91, -100, 127)
(-3, 127, -102, -93, -70, 127)
(-11, 106, -90, -79, -27, 127)
(-31, 85, -82, -39, 7, 113)
(-47, 78, -71, -1, 28, 87)
(-50, 73, -57, 29, 31, 57)
(-43, 71, -44, 50, 28, 26)
BatchID:  6




(24, 59, -20, 0, -1, 0)
(24, 60, -20, 0, 0, 0)
(24, 61, -20, 0, 0, 0)
(26, 60, -20, 0, 0, 0)
(24, 60, -21, 0, 1, 0)
(21, 60, -22, -1, 1, 0)
(21, 58, -22, -1, 0, -1)
(22, 58, -21, 0, 0, -1)
(25, 59, -20, 2, -1, 0)
(25, 61, -20, 1, -1, 1)
(24, 62, -20, -1, 0, 1)
(22, 59, -21, -2, 0, 0)
(21, 58, -23, -1, 0, 0)
(22, 58, -22, 0, 0, -1)
(23, 59, -22, 1, 0, -1)
(23, 60, -22, 0, 0, 0)
(22, 59, -25, 0, 1, 0)
(21, 57, -32, 3, 7, -1)
(17, 56, -37, 13, 27, -8)
(-10, 65, -46, 28, 60, -25)
(-49, 78, -57, 36, 76, -40)
(-95, 96, -79, 36, 72, -65)
(-127, 106, -122, 42, 51, -104)
(-127, 113, -127, 71, 23, -127)
(-127, 127, -127, 127, 17, -127)
(-127, 127, -127, 127, 4, -127)
(-127, 127, -127, 127, 7, -127)
(-127, 127, -127, 127, -14, -127)
(-127, 127, -127, 127, -63, -127)
(-127, 127, -127, 127, -127, -127)
(-94, 127, -127, 127, -127, -127)
(-37, 127, -127, 127, -127, -127)
(14, 127, -127, 127, -127, -127)
(64, 127, -127, 127, -127, -127)
(107, 127, -127, 127, -127, -127)
(127, 127, -127, 127, -127, -127)
(127, 127, -81, 112, -127, -127)
(127, 127, -61, 77, -127, -127)
(127, 127, -34, 53, -127, -127)
(127, 127, 0, 21, -127, -127)
(127, 117, 22, -39, -116, -127)
(127, 80, 30, -72, -93, -107)
(127, 45, 42, -69, -29, -74)
(127, 9, 42, -19, 31, -29)
(127, 15, 28, 7, 38, 26)
(127, 27, 29, 11, 46, 76)
(126, 41, 33, 5, 33, 114)
(121, 49, 28, -8, 42, 127)
(111, 53, 22, -13, 59, 127)
(105, 63, 15, -11, 79, 127)
(99, 77, 3, -12, 109, 127)
(94, 89, -14, -15, 127, 127)
(88, 100, -37, -20, 127, 127)
(69, 112, -51, -24, 127, 127)
(49, 127, -69, -47, 127, 127)
(24, 127, -88, -92, 127, 127)
(21, 127, -101, -116, 127, 127)
(32, 127, -122, -106, 127, 127)
(31, 127, -127, -88, 127, 127)
(1, 127, -127, -87, 127, 127)
(-26, 127, -127, -127, 127, 127)
(-91, 127, -127, -127, 127, 127)
(-96, 127, -127, -127, 37, 127)
(-84, 127, -127, -127, -52, 127)
(-27, 127, -127, -117, -89, 127)
(21, 127, -127, -80, -55, 127)
(59, 127, -127, -70, 9, 127)
(49, 127, -119, -56, 67, 127)
(11, 127, -117, -22, 103, 127)
BatchID:  7




(31, 60, -19, 0, 0, 0)
(29, 60, -20, -1, 1, 0)
(27, 59, -21, -1, 2, 0)
(25, 59, -23, -1, 1, 1)
(23, 59, -24, -1, 0, 0)
(24, 57, -23, 0, -1, 0)
(27, 57, -20, 2, -1, -1)
(30, 59, -18, 3, 0, 0)
(30, 62, -18, 1, 2, 0)
(26, 62, -19, -1, 2, 1)
(22, 60, -21, -3, 1, 2)
(19, 58, -24, -2, 0, 2)
(21, 57, -23, 0, -2, 0)
(22, 58, -23, 1, 0, -2)
(22, 59, -23, 1, 2, -2)
(19, 59, -27, 2, 7, -5)
(13, 58, -29, 6, 14, -9)
(0, 63, -32, 14, 24, -13)
(-26, 73, -38, 21, 34, -25)
(-60, 82, -63, 28, 52, -55)
(-96, 93, -91, 41, 90, -109)
(-127, 102, -126, 64, 118, -127)
(-127, 113, -127, 100, 107, -127)
(-127, 127, -127, 127, 90, -127)
(-127, 127, -127, 127, 47, -127)
(-127, 127, -127, 127, -26, -127)
(-127, 127, -127, 127, -59, -127)
(-111, 127, -127, 127, -77, -127)
(-90, 127, -127, 127, -70, -127)
(-83, 127, -127, 127, -68, -127)
(-72, 127, -127, 127, -108, -127)
(-49, 127, -127, 127, -127, -127)
(-13, 127, -127, 127, -127, -120)
(35, 127, -127, 127, -127, -101)
(78, 127, -127, 127, -127, -121)
(110, 127, -120, 127, -127, -127)
(127, 127, -90, 127, -127, -127)
(127, 127, -30, 126, -127, -127)
(127, 127, -4, 95, -127, -127)
(127, 127, 30, 6, -127, -127)
(127, 127, 51, -79, -127, -127)
(127, 86, 59, -127, -113, -122)
(127, 24, 65, -77, -10, -100)
(127, 17, 72, -55, -22, -32)
(127, 0, 63, -43, -7, 45)
(127, 26, 41, 3, 12, 114)
(127, 53, 30, 5, 32, 127)
(118, 68, 21, -16, 61, 127)
(105, 70, 8, -38, 93, 127)
(95, 67, -2, -44, 116, 127)
(93, 72, -17, -32, 127, 127)
(90, 86, -29, -14, 127, 127)
(86, 105, -49, 0, 127, 127)
(74, 127, -64, -6, 127, 127)
(46, 127, -76, -73, 127, 127)
(23, 127, -109, -127, 127, 127)
(-1, 127, -121, -127, 125, 127)
(-11, 127, -118, -127, 126, 127)
(25, 127, -127, -103, 124, 127)
(61, 127, -127, -67, 127, 127)
(10, 127, -127, -96, 127, 127)
(-91, 127, -127, -127, 127, 127)
(-127, 127, -127, -127, 107, 127)
(-127, 127, -127, -127, -18, 127)
(-77, 94, -127, -105, -127, 127)
(-6, 127, -120, -27, -113, 127)
(63, 127, -127, -26, -2, 127)
(96, 127, -127, -78, 127, 99)
(26, 127, -127, -39, 127, 63)
BatchID:  8




(15, 59, -20, 1, -4, 3)
(16, 62, -19, 2, -3, 3)
(15, 62, -18, 0, -2, 1)
(14, 61, -19, -1, 0, 0)
(15, 61, -18, 0, 0, 0)
(14, 62, -19, -1, 0, 0)
(15, 60, -18, -1, -1, 0)
(15, 60, -19, 0, -1, 0)
(14, 61, -19, 0, -2, 1)
(16, 61, -20, 0, 0, 0)
(17, 61, -19, 0, 0, -1)
(18, 61, -18, 0, 2, -1)
(16, 61, -18, -1, 2, -1)
(15, 60, -19, 0, 1, -1)
(15, 60, -20, 0, 0, 0)
(17, 61, -19, 0, -1, 0)
(20, 61, -19, 0, 0, -1)
(19, 60, -19, 0, 3, -1)
(17, 60, -20, 0, 4, -1)
(17, 58, -24, 0, 7, 0)
(18, 56, -29, 6, 16, -3)
(13, 57, -30, 15, 33, -10)
(-2, 60, -32, 23, 45, -16)
(-28, 70, -35, 31, 45, -21)
(-51, 79, -42, 32, 38, -35)
(-65, 84, -51, 26, 33, -62)
(-68, 82, -57, 28, 31, -89)
(-67, 80, -67, 41, 36, -106)
(-79, 87, -84, 62, 52, -118)
(-108, 101, -116, 81, 58, -127)
(-127, 118, -127, 96, 47, -127)
(-127, 127, -127, 113, 14, -127)
(-127, 127, -127, 127, -10, -127)
(-127, 127, -127, 127, 1, -127)
(-124, 127, -127, 127, -26, -127)
(-100, 127, -127, 127, -66, -127)
(-80, 127, -127, 127, -109, -127)
(-54, 127, -127, 127, -127, -127)
(-22, 127, -127, 127, -127, -127)
(12, 127, -127, 127, -127, -127)
(56, 127, -124, 127, -127, -127)
(97, 127, -106, 127, -127, -127)
(113, 127, -81, 123, -127, -127)
(124, 127, -45, 126, -127, -127)
(127, 127, -10, 127, -127, -127)
(127, 127, 21, 77, -119, -127)
(127, 127, 47, 5, -114, -120)
(127, 104, 62, -64, -126, -94)
(127, 71, 65, -98, -114, -72)
(127, 20, 55, -56, 11, -57)
(127, 17, 77, -36, 1, -22)
(127, 1, 65, -50, 20, 42)
(127, 18, 45, -7, 36, 94)
(116, 47, 39, -10, 51, 125)
(106, 57, 30, -29, 60, 127)
(96, 64, 21, -43, 72, 127)
(93, 70, 9, -48, 81, 127)
(90, 80, 0, -45, 96, 127)
(87, 93, -13, -43, 115, 127)
(86, 109, -38, -40, 127, 127)
(81, 124, -61, -46, 127, 127)
(61, 127, -78, -80, 127, 127)
(29, 127, -96, -127, 127, 127)
(-2, 127, -101, -127, 127, 127)
(-19, 127, -127, -127, 127, 127)
(-57, 127, -127, -127, 94, 127)
(-41, 127, -127, -127, 78, 127)
(-23, 127, -127, -127, 127, 127)
(-32, 127, -127, -127, 127, 108)
(-44, 127, -127, -127, 127, 55)
(-50, 127, -127, -127, 127, 57)
unpack requires a buffer of 20 bytes
BatchID:  9




(23, 60, -19, 1, 1, -1)
(23, 61, -18, 1, 2, -1)
(22, 61, -18, 0, 3, -1)
(20, 61, -19, 0, 2, 0)
(19, 61, -20, 0, 0, 0)
(18, 59, -20, 0, 0, 0)
(22, 58, -18, 1, -1, 0)
(23, 60, -17, 2, 0, 0)
(22, 62, -17, 0, 1, 0)
(19, 61, -18, -1, 1, 0)
(17, 60, -20, 0, 0, 0)
(18, 60, -20, 0, -1, 0)
(21, 61, -19, 0, -1, -2)
(24, 61, -19, 0, 0, -2)
(23, 61, -19, 0, 2, -1)
(21, 61, -20, -1, 2, 0)
(18, 60, -22, 0, 1, 0)
(19, 59, -26, 0, 2, 0)
(21, 56, -31, 5, 11, -2)
(17, 54, -32, 17, 30, -12)
(6, 58, -32, 27, 44, -20)
(-12, 67, -33, 34, 48, -24)
(-51, 85, -43, 36, 45, -35)
(-100, 106, -90, 41, 72, -67)
(-127, 120, -127, 68, 127, -127)
(-127, 127, -127, 107, 127, -127)
(-127, 127, -127, 127, 112, -127)
(-127, 127, -127, 127, 127, -127)
(-127, 127, -127, 127, 56, -127)
(-127, 127, -127, 127, -43, -127)
(-127, 127, -127, 127, -127, -127)
(-78, 127, -127, 127, -127, -127)
(-36, 127, -127, 127, -127, -122)
(13, 127, -127, 127, -127, -99)
(60, 127, -127, 127, -127, -108)
(102, 127, -127, 127, -127, -127)
(110, 127, -127, 127, -127, -127)
(122, 127, -103, 127, -127, -127)
(127, 127, -63, 127, -127, -127)
(127, 127, -43, 108, -127, -123)
(127, 127, -9, 59, -127, -127)
(127, 122, 11, 9, -127, -127)
(127, 87, 14, -34, -107, -121)
(127, 59, 20, -37, -72, -105)
(127, 44, 33, -44, -62, -72)
(127, 27, 46, -54, -68, -18)
(127, 4, 38, -29, 4, 34)
(127, 15, 44, 21, 8, 85)
(124, 44, 33, 32, 31, 124)
(113, 65, 29, 17, 43, 127)
(105, 71, 25, -12, 53, 127)
(103, 71, 20, -33, 67, 127)
(104, 75, 14, -41, 87, 127)
(104, 85, 2, -40, 116, 127)
(98, 96, -11, -32, 127, 127)
(90, 113, -32, -19, 127, 127)
(85, 127, -55, -18, 127, 127)
(60, 127, -75, -64, 127, 127)
(35, 127, -96, -127, 127, 127)
(53, 127, -127, -127, 127, 127)
(48, 127, -127, -112, 127, 127)
(-10, 127, -127, -113, 127, 127)
(-78, 127, -127, -127, 127, 127)
(-123, 127, -127, -127, 87, 127)
(-84, 127, -127, -127, 9, 127)
(-12, 127, -127, -75, 43, 127)
(56, 127, -127, -65, 127, 123)
(18, 127, -127, -117, 127, -4)
(-50, 127, -127, -127, 127, 5)
(-101, 127, -127, -127, 127, 61)
(-125, 127, -127, -127, -18, 127)
BatchID:  10

(4, 61, -11, 0, 0, 1)
(4, 61, -11, 0, 0, -1)
(7, 61, -10, 0, 0, -2)
(8, 62, -8, 1, -2, 0)
(9, 63, -9, 0, -3, 0)
(9, 63, -10, 0, -1, 1)
(7, 62, -12, 0, 1, 1)
(5, 61, -13, 1, 5, 0)
(5, 60, -12, 4, 10, -3)
(7, 61, -11, 6, 14, -6)
(4, 64, -9, 6, 16, -7)
(1, 65, -8, 2, 11, -8)
(-3, 65, -7, -1, -2, -3)
(-1, 63, -9, -3, -19, 1)
(5, 62, -11, -4, -28, 7)
(8, 63, -19, -2, -24, 11)
(10, 64, -42, 9, 0, 20)
(-10, 66, -76, 41, 68, 15)
(-89, 69, -127, 79, 127, -50)
(-127, 60, -127, 127, 127, -127)
(-127, 127, -127, 127, 127, -127)
(-127, 127, -127, 127, 123, -127)
(-127, 127, -127, 127, 19, -127)
(-127, 127, -127, 127, -91, -127)
(-127, 127, -127, 127, -127, -127)
(-122, 127, -127, 127, -127, -127)
(-81, 127, -127, 127, -127, -127)
(-50, 127, -127, 127, -127, -127)
(-7, 127, -127, 127, -127, -127)
(32, 127, -127, 127, -127, -127)
(58, 127, -127, 127, -127, -127)
(73, 127, -117, 127, -127, -127)
(91, 127, -104, 110, -127, -127)
(101, 127, -88, 103, -127, -127)
(111, 122, -72, 96, -127, -127)
(122, 109, -54, 89, -127, -127)
(124, 100, -31, 73, -127, -127)
(126, 94, -10, 33, -117, -122)
(127, 76, -15, 15, -83, -114)
(127, 67, -4, -1, -62, -98)
(127, 56, -1, -13, -52, -72)
(127, 49, 2, -16, -48, -37)
(127, 50, 8, -11, -47, 8)
(127, 49, 16, -9, -34, 48)
(127, 49, 23, -11, -13, 84)
(127, 46, 23, -11, 10, 116)
(127, 54, 21, -7, 34, 127)
(127, 70, 19, -13, 62, 127)
(127, 82, 13, -23, 90, 127)
(127, 91, 3, -28, 116, 127)
(122, 103, -17, -20, 127, 127)
(123, 123, -50, -4, 127, 127)
(121, 127, -84, 0, 127, 127)
(96, 127, -112, -24, 127, 127)
(36, 127, -127, -123, 127, 127)
(0, 127, -127, -127, 127, 127)
(-39, 127, -127, -127, 127, 127)
(-109, 127, -127, -127, 127, 127)
(-106, 127, -127, -127, 127, 127)
(-62, 127, -127, -127, 127, 101)
(-99, 127, -127, -127, 127, 55)
(-127, 127, -127, -127, 123, 79)
(-127, 127, -127, -127, -16, 127)
(-80, 127, -127, -127, -97, 127)
(-23, 127, -127, -106, -65, 127)
(8, 127, -127, -87, 37, 127)
(-14, 127, -127, -84, 127, 127)
(-62, 127, -127, -72, 127, 105)
(-102, 127, -126, -76, 127, 77)
(-125, 103, -116, -65, 127, 60)
(-127, 80, -100, -62, 99, 26)
BatchID:  2




(5, 59, -18, 0, 0, 0)
(5, 59, -17, 0, 0, 0)
(5, 59, -17, 0, 0, 0)
(5, 59, -17, 0, -1, 1)
(6, 60, -17, 0, -1, 1)
(7, 60, -17, 0, -1, 1)
(5, 60, -17, 0, -1, 1)
(6, 59, -17, 0, -1, 0)
(6, 59, -17, 0, 0, 0)
(6, 60, -17, 0, 0, 1)
(6, 60, -17, 0, 0, 1)
(5, 61, -17, 0, 0, 1)
(5, 59, -17, 0, -1, 0)
(6, 59, -18, 0, 0, 0)
(5, 60, -18, 0, 0, 0)
(5, 60, -19, 0, 0, 0)
(8, 59, -21, 0, 3, 0)
(17, 55, -30, 4, 20, 0)
(-4, 60, -49, 15, 63, -10)
(-51, 60, -82, 29, 88, -20)
(-127, 77, -112, 27, 83, -42)
(-127, 84, -127, 46, 79, -92)
(-127, 85, -127, 127, 18, -127)
(-127, 123, -127, 127, -2, -127)
(-127, 127, -127, 127, -27, -127)
(-127, 127, -127, 127, -43, -127)
(-127, 127, -127, 127, -61, -127)
(-127, 127, -127, 127, -112, -127)
(-127, 127, -127, 127, -127, -127)
(-108, 127, -127, 127, -127, -127)
(-60, 127, -127, 127, -127, -127)
(-18, 127, -127, 127, -127, -127)
(18, 127, -127, 127, -127, -127)
(52, 127, -127, 127, -127, -127)
(88, 127, -127, 127, -127, -127)
(124, 127, -127, 118, -127, -127)
(127, 127, -101, 75, -127, -127)
(127, 127, -34, 39, -127, -127)
(127, 127, -34, 25, -127, -127)
(127, 118, -10, 13, -106, -127)
(127, 102, 14, -5, -106, -127)
(127, 98, 25, -40, -127, -87)
(127, 99, 30, -91, -77, -56)
(127, 36, 35, -57, -1, -18)
(127, 26, 26, -34, -4, 47)
(127, 24, 18, -5, 14, 116)
(127, 49, 11, 27, 30, 127)
(127, 73, 10, 31, 56, 127)
(127, 91, 5, 22, 85, 127)
(120, 107, -3, 10, 112, 127)
(112, 118, -17, -8, 127, 127)
(106, 127, -40, -15, 127, 127)
(105, 127, -68, -22, 127, 127)
(95, 127, -89, -41, 127, 127)
(75, 127, -105, -83, 127, 127)
(59, 127, -127, -123, 127, 127)
(22, 127, -127, -127, 127, 127)
(-32, 127, -127, -127, 127, 127)
(-65, 127, -127, -127, 127, 127)
(-58, 127, -127, -127, 127, 127)
(-82, 127, -127, -127, 127, 102)
(-90, 127, -127, -127, 127, 1)
(-124, 127, -127, -127, 127, -30)
(-127, 127, -127, -127, 111, 42)
(-127, 119, -104, -127, -58, 127)
(-59, 127, -121, -105, -127, 127)
(15, 127, -127, -69, -127, 127)
(61, 127, -127, -107, 0, 127)
(29, 127, -118, -112, 127, 127)
(-35, 127, -127, -86, 127, 112)
(-85, 127, -127, -101, 127, 81)
unpack requires a buffer of 20 bytes
BatchID:  3




(6, 59, -20, 0, 0, 0)
(7, 58, -19, 0, 0, 0)
(8, 59, -19, 0, 0, 1)
(8, 60, -19, 0, 0, 1)
(7, 59, -19, -1, 0, 1)
(7, 58, -19, 0, 0, 1)
(6, 59, -19, 0, -1, 2)
(6, 60, -19, 0, -1, 2)
(6, 59, -20, 0, -1, 1)
(5, 59, -20, 0, -1, 0)
(6, 60, -20, 0, -1, 0)
(7, 60, -19, 0, 0, 0)
(7, 60, -19, 0, 0, 0)
(7, 59, -20, 0, -1, 0)
(8, 59, -19, 0, -1, 0)
(8, 59, -19, 0, -2, 1)
(8, 59, -19, 0, -1, 1)
(11, 59, -23, 0, 0, 1)
(15, 55, -32, 1, 14, 2)
(0, 59, -48, 14, 55, -4)
(-48, 69, -86, 26, 110, -26)
(-122, 75, -127, 30, 116, -67)
(-127, 76, -127, 33, 73, -119)
(-127, 78, -127, 85, 17, -127)
(-127, 89, -127, 127, -23, -127)
(-127, 127, -127, 127, -40, -127)
(-127, 127, -127, 127, -55, -127)
(-127, 127, -127, 127, -55, -127)
(-127, 127, -127, 127, -84, -127)
(-127, 127, -127, 127, -126, -127)
(-105, 127, -127, 127, -127, -127)
(-67, 127, -127, 127, -127, -127)
(-24, 127, -127, 127, -127, -127)
(10, 127, -127, 127, -127, -127)
(31, 127, -127, 127, -127, -127)
(49, 127, -127, 127, -127, -127)
(70, 127, -117, 127, -127, -127)
(88, 127, -93, 127, -127, -127)
(103, 127, -64, 122, -127, -127)
(111, 127, -33, 99, -127, -127)
(121, 127, 0, 82, -127, -127)
(127, 126, 12, 40, -127, -125)
(127, 114, 29, -6, -120, -118)
(127, 99, 40, -47, -116, -97)
(127, 75, 39, -77, -102, -58)
(127, 40, 34, -67, -33, -26)
(127, 24, 44, -37, -13, 13)
(127, 19, 36, -31, -7, 72)
(127, 29, 25, -8, 9, 114)
(120, 47, 23, -13, 24, 127)
(113, 53, 17, -23, 40, 127)
(107, 59, 10, -27, 58, 127)
(104, 68, 0, -24, 80, 127)
(102, 80, -7, -21, 108, 127)
(102, 96, -23, -18, 127, 127)
(100, 116, -43, -18, 127, 127)
(91, 127, -66, -19, 127, 127)
(68, 127, -91, -40, 127, 127)
(20, 127, -107, -120, 127, 127)
(-8, 127, -127, -127, 127, 127)
(-1, 127, -127, -127, 127, 127)
(12, 127, -127, -127, 127, 127)
(-3, 127, -127, -109, 127, 127)
(-43, 127, -127, -127, 127, 127)
(-109, 127, -127, -127, 127, 127)
(-127, 127, -127, -127, 23, 127)
(-127, 127, -127, -127, -77, 127)
(-84, 127, -127, -127, -104, 127)
(-31, 127, -127, -112, -38, 127)
(3, 127, -127, -97, 54, 117)
BatchID:  4




(16, 59, -20, 0, 0, 0)
(16, 60, -20, 0, 0, 0)
(16, 60, -20, 0, 0, 0)
(16, 60, -20, 0, 0, 0)
(16, 61, -20, 0, -1, 1)
(16, 60, -21, 0, -1, 0)
(15, 59, -20, 0, 0, 0)
(17, 59, -20, 0, 0, 0)
(17, 61, -19, 0, 0, 0)
(16, 60, -20, 0, 0, 0)
(15, 60, -20, 0, 0, 0)
(14, 61, -21, 0, -1, 1)
(15, 60, -21, 0, -1, 0)
(16, 59, -21, 0, -1, 0)
(17, 59, -20, 0, 0, 0)
(17, 60, -20, 0, 0, 0)
(15, 60, -21, 0, 0, 0)
(14, 59, -21, -1, 0, 0)
(13, 58, -21, 0, -1, 0)
(16, 58, -20, 0, -2, 0)
(17, 59, -22, 0, 0, 2)
(18, 55, -28, -2, 8, 2)
(14, 52, -36, 2, 30, 0)
(-19, 61, -62, 14, 64, -7)
(-75, 71, -100, 25, 86, -22)
(-127, 84, -127, 30, 91, -59)
(-127, 104, -127, 68, 95, -127)
(-127, 105, -127, 127, 32, -127)
(-127, 127, -127, 127, 14, -127)
(-127, 127, -127, 127, -7, -127)
(-127, 127, -127, 127, -54, -127)
(-127, 127, -127, 127, -127, -127)
(-127, 127, -127, 127, -127, -127)
(-105, 127, -127, 127, -127, -127)
(-46, 127, -127, 127, -127, -127)
(3, 127, -127, 127, -127, -127)
(44, 127, -127, 127, -127, -127)
(74, 127, -127, 127, -127, -127)
(89, 127, -127, 127, -127, -127)
(97, 127, -127, 127, -127, -127)
(111, 127, -120, 127, -127, -127)
(123, 127, -94, 127, -127, -127)
(127, 127, -51, 97, -127, -127)
(127, 127, -26, 52, -127, -127)
(127, 104, -11, 29, -112, -127)
(127, 89, 6, -2, -100, -121)
(127, 79, 16, -39, -78, -103)
(127, 66, 22, -39, -44, -76)
(127, 45, 29, -27, 12, -35)
(127, 28, 39, -5, 20, 19)
(127, 31, 30, 18, 26, 79)
(127, 59, 31, 28, 38, 114)
(127, 71, 22, 2, 50, 127)
(122, 73, 16, -24, 64, 127)
(119, 70, 12, -38, 77, 127)
(118, 75, 5, -33, 103, 127)
(114, 89, -7, -23, 127, 127)
(110, 108, -31, -13, 127, 127)
(110, 127, -60, -11, 127, 127)
(102, 127, -93, -32, 127, 127)
(65, 127, -103, -105, 127, 127)
(53, 127, -127, -127, 127, 127)
(19, 127, -127, -127, 127, 127)
(-43, 127, -127, -127, 127, 127)
(-74, 127, -127, -127, 122, 127)
(-113, 127, -127, -127, 71, 127)
(-57, 127, -127, -125, 127, 127)
(-2, 127, -127, -79, 127, 105)
(-6, 127, -127, -114, 127, 9)
(-43, 127, -127, -127, 127, 7)
unpack requires a buffer of 20 bytes
BatchID:  5




(15, 57, -20, 3, -2, 0)
(15, 61, -19, 5, -1, 1)
(15, 64, -18, 2, -2, 2)
(13, 62, -20, 0, -1, 2)
(10, 59, -21, 0, 2, 0)
(7, 60, -22, 3, 4, 0)
(6, 60, -22, 4, 5, -3)
(10, 59, -19, 8, 6, -7)
(13, 62, -15, 11, 8, -8)
(16, 67, -13, 7, 9, -9)
(16, 67, -12, -1, 8, -8)
(12, 64, -14, -9, 3, -5)
(10, 61, -18, -12, -3, -1)
(11, 59, -20, -14, -11, 0)
(16, 57, -23, -12, -15, 0)
(19, 57, -24, -8, -13, 0)
(23, 58, -28, -5, -6, 2)
(24, 58, -42, 1, 16, 3)
(-1, 60, -62, 20, 61, -6)
(-58, 62, -102, 47, 116, -36)
(-127, 77, -127, 75, 127, -107)
(-127, 90, -127, 104, 127, -127)
(-127, 103, -127, 127, 49, -127)
(-127, 127, -127, 127, -7, -127)
(-127, 127, -127, 127, -54, -127)
(-127, 127, -127, 127, -77, -127)
(-127, 127, -127, 127, -127, -127)
(-127, 127, -127, 127, -127, -127)
(-105, 127, -127, 127, -127, -127)
(-66, 127, -127, 127, -127, -127)
(-21, 127, -127, 127, -127, -127)
(37, 127, -127, 127, -127, -127)
(89, 127, -127, 127, -127, -127)
(120, 127, -127, 127, -127, -127)
(127, 127, -127, 127, -127, -127)
(127, 127, -113, 127, -127, -127)
(127, 127, -64, 107, -127, -127)
(127, 127, -30, 61, -127, -127)
(127, 127, -13, -6, -127, -127)
(127, 120, -7, -64, -100, -127)
(127, 92, 7, -113, -104, -127)
(127, 41, 23, -127, -113, -71)
(127, -10, 25, -40, 3, 0)
(127, 20, 34, 63, -13, 97)
(127, 75, 38, 92, 25, 127)
(127, 114, 40, 60, 54, 127)
(127, 126, 27, 10, 101, 127)
(127, 124, 6, -18, 127, 127)
(127, 124, -14, -26, 127, 127)
(121, 127, -38, -18, 127, 127)
(105, 127, -70, 0, 127, 127)
(76, 127, -97, -9, 127, 127)
(47, 127, -114, -127, 127, 127)
(41, 127, -127, -127, 127, 127)
(30, 127, -127, -127, 127, 127)
(2, 127, -127, -127, 127, 127)
(-15, 127, -127, -127, 127, 127)
(-26, 127, -127, -127, 127, 127)
(-121, 127, -127, -127, 54, 127)
(-127, 127, -127, -127, 60, 127)
(-103, 121, -127, -103, 127, 127)
(-48, 112, -127, 0, 127, 120)
(-59, 127, -127, 8, 127, 101)
(-93, 127, -127, -97, 127, 75)
(-127, 127, -127, -127, 127, 79)
(-127, 114, -127, -127, 48, 94)
(-127, 61, -127, -109, -27, 105)
(-90, 30, -79, -22, -52, 113)
(-52, 53, -70, 63, -22, 104)
(-33, 92, -55, 63, 17, 67)
(-24, 109, -45, 10, 60, 9)
(-27, 89, -45, -40, 93, -34)
BatchID:  6




(-12, 40, -27, 1, 6, -2)
(-13, 41, -26, 1, 4, 0)
(-14, 43, -26, 1, 0, 3)
(-13, 44, -25, 0, 0, 4)
(-14, 45, -25, -2, -1, 5)
(-15, 45, -25, -4, -2, 5)
(-16, 43, -26, -5, -2, 5)
(-15, 43, -27, -4, 0, 5)
(-14, 43, -28, -3, 2, 3)
(-15, 43, -27, -2, 6, 1)
(-16, 43, -27, 0, 8, 1)
(-17, 45, -27, 0, 8, 1)
(-18, 45, -26, -3, 7, 0)
(-19, 44, -27, -6, 4, 1)
(-19, 43, -28, -7, 0, 3)
(-17, 42, -29, -6, -2, 5)
(-15, 43, -33, -4, 0, 8)
(-17, 43, -37, 0, 6, 7)
(-21, 43, -45, 7, 25, 2)
(-39, 50, -54, 20, 53, -6)
(-79, 65, -78, 30, 85, -25)
(-127, 76, -107, 32, 114, -65)
(-127, 81, -125, 34, 106, -104)
(-127, 67, -127, 57, 49, -117)
(-127, 65, -127, 102, 37, -122)
(-127, 83, -127, 127, 44, -127)
(-127, 96, -127, 127, 36, -127)
(-127, 81, -127, 127, 25, -127)
(-127, 79, -127, 127, -35, -127)
(-127, 96, -127, 127, -91, -127)
(-98, 121, -127, 127, -127, -127)
(-54, 127, -127, 127, -127, -127)
(-13, 127, -127, 127, -127, -122)
(25, 127, -111, 127, -127, -120)
(66, 127, -97, 127, -127, -125)
(86, 127, -75, 89, -127, -127)
(103, 121, -59, 64, -127, -127)
(116, 108, -31, 47, -127, -127)
(127, 97, -51, 30, -127, -127)
(127, 99, -16, 0, -127, -127)
(127, 83, -5, -73, -127, -127)
(127, 40, 1, -118, -127, -92)
(127, -9, -1, -105, -59, -60)
(127, -34, 18, -4, -14, -12)
(127, -4, 10, 60, 1, 42)
(127, 32, 12, 66, 33, 72)
(127, 48, 12, 24, 49, 91)
(126, 42, 6, -8, 64, 113)
(117, 33, 2, -11, 74, 127)
(114, 38, -4, 1, 84, 127)
(117, 52, -11, 8, 107, 127)
(114, 67, -20, 0, 127, 127)
(108, 74, -33, -9, 127, 127)
(95, 79, -44, -8, 127, 127)
(80, 90, -59, -3, 127, 127)
(58, 125, -78, -24, 127, 127)
(14, 127, -96, -127, 127, 127)
(2, 127, -127, -127, 84, 127)
(-5, 100, -127, -127, 65, 127)
(-13, 119, -127, -39, 124, 127)
(-27, 127, -127, -28, 127, 127)
(-38, 127, -127, -105, 127, 127)
(-101, 127, -127, -127, 127, 127)
(-127, 127, -127, -127, 58, 127)
(-113, 127, -127, -124, 11, 127)
(-66, 127, -127, -64, 21, 127)
(-43, 127, -113, -53, 52, 127)
(-39, 127, -103, -74, 71, 120)
(-34, 127, -115, -85, 80, 95)
BatchID:  7




(-6, 52, -31, 0, 1, 4)
(-7, 52, -31, 0, 4, 2)
(-8, 51, -31, 0, 5, 0)
(-8, 51, -31, 0, 5, 0)
(-8, 51, -31, 0, 3, 0)
(-8, 50, -30, 0, 1, 0)
(-7, 51, -30, 1, 0, 1)
(-7, 50, -29, 1, -1, 2)
(-6, 50, -28, 1, -1, 1)
(-6, 50, -28, 1, 0, 0)
(-5, 51, -27, 0, 0, 0)
(-5, 51, -27, 0, 1, -1)
(-5, 51, -28, -1, 2, -1)
(-6, 50, -29, -1, 1, 0)
(-6, 50, -28, -2, 0, 0)
(-6, 50, -29, -2, 0, 0)
(-6, 49, -30, -1, 0, 1)
(-6, 50, -31, -1, 0, 0)
(-7, 49, -33, 0, 1, 0)
(-10, 49, -39, 3, 6, 1)
(-12, 49, -49, 15, 22, -1)
(-31, 55, -60, 35, 57, -11)
(-69, 72, -76, 49, 87, -29)
(-121, 86, -97, 44, 91, -53)
(-127, 92, -113, 26, 58, -85)
(-127, 82, -127, 35, -2, -108)
(-127, 84, -127, 81, -42, -111)
(-127, 102, -127, 121, -34, -127)
(-127, 116, -127, 127, -4, -127)
(-127, 122, -127, 127, 11, -127)
(-127, 121, -127, 127, -18, -127)
(-127, 119, -127, 127, -71, -127)
(-94, 125, -127, 127, -116, -127)
(-63, 127, -127, 127, -127, -127)
(-29, 127, -127, 127, -127, -127)
(6, 127, -120, 127, -127, -127)
(42, 127, -102, 127, -127, -127)
(63, 127, -81, 112, -127, -127)
(86, 127, -76, 88, -127, -127)
(100, 123, -61, 70, -127, -127)
(116, 126, -4, 43, -127, -127)
(127, 108, -31, 2, -127, -127)
(127, 82, 5, -55, -127, -127)
(127, 45, 6, -93, -127, -104)
(127, -1, 15, -84, -127, -77)
(127, -25, 11, -29, -4, -49)
(127, -19, 36, 31, 11, 1)
(127, 4, 24, 39, 47, 44)
(127, 27, 23, 32, 64, 72)
(118, 32, 19, 2, 67, 92)
(109, 31, 14, -10, 68, 115)
(106, 35, 10, -14, 70, 127)
(109, 43, 2, -14, 88, 127)
(109, 53, -5, -15, 119, 127)
(107, 60, -23, -13, 127, 127)
(97, 67, -36, -6, 127, 127)
(87, 78, -46, -2, 127, 127)
(77, 96, -61, -15, 127, 127)
(47, 127, -83, -84, 127, 127)
(22, 127, -124, -127, 127, 127)
(4, 98, -127, -127, 102, 127)
(-15, 75, -127, -127, 113, 127)
(-38, 91, -127, -69, 127, 127)
(-57, 116, -127, -40, 125, 127)
(-70, 127, -127, -72, 127, 127)
(-89, 127, -127, -119, 109, 127)
(-91, 127, -127, -127, 62, 127)
(-74, 112, -127, -109, 40, 127)
(-68, 115, -127, -80, 49, 127)
(-69, 120, -127, -58, 55, 127)
(-77, 127, -104, -53, 55, 127)
BatchID:  8




(1, 53, -31, 0, 0, 0)
(3, 52, -30, 0, 0, 0)
(3, 53, -31, 1, 0, 0)
(3, 53, -30, 1, 1, 0)
(2, 54, -30, 2, 1, 0)
(2, 54, -30, 1, 0, 0)
(2, 54, -29, 0, 0, 0)
(2, 54, -30, 0, -1, 0)
(2, 53, -30, 0, -1, 0)
(3, 53, -30, 0, 0, 0)
(4, 54, -30, 1, 0, 0)
(4, 55, -30, 0, 1, -1)
(3, 55, -30, 0, 1, -1)
(3, 54, -31, 0, 0, 0)
(3, 54, -31, 0, 0, 0)
(3, 54, -31, 0, -1, 0)
(3, 53, -30, 0, -1, 0)
(3, 53, -30, 0, -1, 0)
(3, 53, -31, 1, 0, 0)
(6, 51, -35, 4, 4, -1)
(5, 48, -44, 12, 15, -2)
(-2, 52, -51, 28, 36, -5)
(-35, 69, -61, 47, 56, -7)
(-94, 96, -84, 50, 67, -27)
(-127, 104, -127, 42, 85, -91)
(-127, 107, -127, 43, 57, -127)
(-127, 105, -127, 94, 19, -127)
(-127, 127, -127, 127, 2, -127)
(-127, 127, -127, 127, -3, -127)
(-127, 127, -127, 127, -14, -127)
(-127, 127, -127, 127, -65, -127)
(-126, 127, -127, 127, -127, -127)
(-86, 127, -127, 127, -127, -127)
(-45, 127, -127, 127, -127, -127)
(1, 127, -127, 127, -127, -127)
(40, 127, -127, 126, -127, -127)
(70, 127, -127, 75, -127, -127)
(98, 127, -118, 56, -127, -127)
(123, 127, -105, 43, -127, -127)
(127, 127, -60, 25, -127, -127)
(127, 127, -57, -10, -127, -127)
(127, 92, -28, -41, -127, -127)
(127, 65, -27, -52, -127, -127)
(127, 51, -13, -90, -127, -127)
(127, 19, -8, -121, -127, -114)
(127, 15, 33, -127, -92, -78)
(127, -69, -9, -70, 30, -3)
(127, -48, -4, 28, 24, 63)
(127, -1, -2, 82, 52, 112)
(127, 34, 8, 80, 50, 127)
(125, 55, 9, 38, 71, 127)
(113, 52, 4, 13, 99, 127)
(105, 51, -3, 14, 122, 127)
(101, 61, -12, 25, 127, 127)
(98, 74, -23, 30, 127, 127)
(91, 85, -36, 28, 127, 127)
(81, 100, -53, 22, 127, 127)
(57, 126, -69, -6, 127, 127)
(24, 127, -82, -102, 127, 127)
(13, 127, -113, -127, 127, 127)
(-3, 116, -127, -127, 127, 127)
(-14, 127, -127, -100, 127, 127)
(-36, 127, -125, -125, 127, 127)
(-45, 127, -127, -127, 127, 127)
(-47, 127, -127, -127, 78, 127)
(-42, 127, -127, -127, 86, 127)
(-44, 127, -127, -111, 127, 127)
(-74, 127, -127, -93, 127, 80)
(-87, 127, -127, -86, 127, 57)
BatchID:  9




(-1, 52, -30, 4, 0, -1)
(-1, 53, -29, 3, -1, 0)
(0, 53, -28, 3, -2, 0)
(0, 53, -28, 2, -3, 0)
(0, 52, -28, 1, -3, 0)
(0, 51, -29, 0, -2, 0)
(0, 51, -29, 1, -2, 1)
(0, 51, -29, 1, -2, 3)
(0, 51, -29, 1, -3, 4)
(0, 52, -28, 1, -3, 4)
(0, 52, -28, 0, -4, 5)
(0, 53, -28, -1, -3, 5)
(0, 53, -29, -1, -3, 5)
(0, 51, -30, -1, -4, 5)
(0, 51, -32, 0, -3, 6)
(0, 52, -36, 0, -1, 7)
(-3, 52, -42, 3, 3, 8)
(-16, 52, -49, 7, 4, 9)
(-29, 55, -60, 12, 0, 12)
(-52, 60, -80, 21, -10, 17)
(-81, 66, -101, 35, -17, 8)
(-109, 70, -120, 56, -10, -22)
(-127, 81, -127, 92, 11, -75)
(-127, 100, -127, 121, 32, -127)
(-127, 114, -127, 127, 41, -127)
(-127, 121, -127, 127, 26, -127)
(-127, 121, -127, 127, -16, -127)
(-127, 111, -127, 127, -68, -127)
(-127, 110, -127, 127, -112, -127)
(-101, 127, -127, 127, -127, -127)
(-74, 127, -127, 127, -127, -127)
(-49, 127, -127, 127, -127, -127)
(-25, 127, -126, 127, -127, -127)
(0, 127, -114, 127, -127, -127)
(26, 127, -101, 127, -127, -127)
(57, 127, -91, 127, -127, -127)
(82, 127, -81, 92, -127, -127)
(95, 125, -39, 68, -127, -127)
(127, 112, -41, 26, -127, -127)
(125, 78, -14, -4, -120, -127)
(127, 53, -14, -8, -93, -127)
(127, 36, 3, 7, -62, -127)
(127, 27, 17, 19, -35, -122)
(127, 15, 27, 14, -30, -72)
(127, 4, 31, 28, -10, -32)
(113, 7, 35, 44, 15, 9)
(96, 18, 37, 42, 13, 39)
(88, 30, 40, 22, 8, 56)
(85, 32, 41, -5, 8, 69)
(86, 29, 41, -23, 14, 82)
(87, 30, 42, -33, 29, 95)
(89, 37, 37, -42, 52, 107)
(88, 43, 30, -54, 76, 117)
(81, 49, 19, -65, 97, 127)
(77, 55, 6, -70, 117, 127)
(74, 63, -7, -74, 127, 127)
(72, 71, -28, -79, 127, 127)
(67, 79, -45, -82, 127, 127)
(55, 95, -59, -92, 127, 127)
(37, 123, -75, -127, 127, 127)
(31, 123, -110, -127, 127, 127)
(12, 106, -127, -127, 127, 127)
(-10, 118, -127, -127, 127, 127)
(-49, 127, -127, -118, 127, 127)
(-95, 127, -127, -127, 127, 127)
(-127, 127, -127, -127, 119, 127)
(-127, 127, -127, -127, 52, 127)
(-127, 55, -127, -126, -29, 127)
(-77, 62, -127, -35, -31, 127)
(-50, 88, -123, 23, 32, 127)
(-45, 122, -116, 7, 108, 84)
BatchID:  10




(0, 51, -29, 4, 2, -8)
(0, 50, -28, 3, 2, -7)
(-1, 50, -27, 3, 1, -6)
(-1, 49, -27, 2, 0, -5)
(0, 48, -28, 1, 0, -5)
(0, 48, -27, 1, 0, -3)
(1, 48, -28, 1, 1, -2)
(0, 48, -28, 1, 1, -1)
(0, 48, -27, 1, 0, 0)
(0, 48, -28, 0, 0, 2)
(0, 48, -28, 0, 1, 3)
(0, 48, -30, 0, 2, 4)
(0, 49, -30, 0, 2, 5)
(0, 51, -31, 0, 2, 6)
(-1, 51, -31, -1, 1, 8)
(-3, 50, -35, 0, 0, 12)
(-8, 50, -46, 5, 3, 16)
(-27, 57, -63, 18, 17, 16)
(-64, 68, -83, 32, 39, 4)
(-118, 74, -117, 43, 66, -38)
(-127, 89, -127, 53, 89, -102)
(-127, 91, -127, 73, 67, -127)
(-127, 96, -127, 127, 26, -127)
(-127, 126, -127, 127, 0, -127)
(-127, 127, -127, 127, -17, -127)
(-127, 127, -127, 127, -39, -127)
(-127, 127, -127, 127, -84, -127)
(-97, 127, -127, 127, -127, -127)
(-63, 127, -127, 127, -127, -127)
(-26, 127, -127, 127, -127, -124)
(15, 127, -127, 127, -127, -127)
(49, 127, -117, 127, -127, -127)
(71, 127, -99, 87, -127, -127)
(93, 127, -89, 72, -127, -127)
(116, 127, -79, 65, -127, -127)
(127, 127, -7, 32, -127, -127)
(127, 105, -17, -29, -127, -127)
(127, 70, -5, -54, -127, -127)
(127, 44, 9, -40, -119, -127)
(127, 25, 20, -16, -97, -102)
(127, 19, 25, 2, -64, -70)
(127, 23, 28, 4, 4, -41)
(127, 15, 18, -1, 63, -19)
(127, 13, 10, -5, 93, 21)
(127, 9, 0, 1, 104, 66)
(119, 23, -1, 20, 107, 106)
(113, 39, -1, 21, 105, 127)
(108, 54, -3, 9, 110, 127)
(102, 62, -9, -6, 122, 127)
(96, 67, -15, -18, 127, 127)
(90, 73, -26, -24, 127, 127)
(83, 81, -37, -27, 127, 127)
(74, 91, -50, -31, 127, 127)
(59, 113, -68, -53, 127, 127)
(41, 127, -81, -109, 127, 127)
(19, 127, -104, -127, 127, 127)
(-4, 124, -127, -127, 123, 127)
(-29, 118, -127, -111, 127, 127)
(-40, 127, -127, -97, 127, 127)
(-53, 127, -127, -112, 127, 127)
(-89, 127, -127, -127, 127, 127)
(-127, 127, -127, -127, 108, 127)
(-127, 104, -127, -127, 44, 127)
(-91, 61, -127, -77, 11, 127)
(-39, 70, -127, -2, 85, 119)
(-52, 111, -127, 11, 127, 40)
(-102, 120, -127, -41, 127, -13)
(-127, 101, -123, -73, 127, -13)
(-127, 73, -103, -68, 62, 14)
(-125, 62, -92, -47, -45, 50)
BatchID:  11




(-7, 46, -35, 0, 0, 0)
(-6, 47, -36, 0, 0, 0)
(-6, 46, -36, 0, 0, 0)
(-6, 45, -36, 0, 0, 0)
(-6, 46, -36, 0, 0, 0)
(-6, 46, -35, 0, 0, 0)
(-6, 46, -36, 1, 0, 0)
(-6, 46, -35, 1, -1, 0)
(-5, 47, -35, 0, -1, 0)
(-5, 47, -34, 0, 0, 0)
(-4, 46, -34, 0, 0, 0)
(-5, 46, -35, 0, 0, 0)
(-5, 46, -35, 0, 0, -1)
(-5, 46, -36, 0, 0, 0)
(-5, 46, -36, 0, 0, 0)
(-6, 46, -37, 0, 0, 0)
(-9, 46, -40, 4, 3, 1)
(-20, 51, -47, 13, 11, 5)
(-48, 60, -60, 25, 23, 2)
(-79, 67, -81, 33, 44, -20)
(-113, 69, -110, 41, 70, -63)
(-127, 70, -127, 54, 87, -119)
(-127, 68, -127, 74, 79, -127)
(-127, 66, -127, 110, 58, -127)
(-127, 69, -127, 127, 20, -127)
(-127, 76, -127, 127, -19, -127)
(-127, 84, -127, 127, -55, -127)
(-113, 88, -127, 127, -94, -127)
(-83, 102, -127, 127, -127, -127)
(-51, 116, -127, 127, -127, -127)
(-16, 123, -127, 127, -127, -127)
(16, 127, -127, 127, -127, -127)
(43, 127, -127, 127, -127, -127)
(58, 127, -97, 127, -127, -127)
(66, 127, -54, 127, -127, -116)
(76, 120, -56, 127, -127, -113)
(79, 105, -37, 107, -127, -110)
(82, 89, -11, 82, -127, -101)
(96, 78, -9, 56, -127, -97)
(99, 66, 1, 33, -127, -94)
(100, 50, 10, 23, -111, -81)
(102, 42, 21, 18, -95, -66)
(111, 38, 27, 12, -80, -53)
(123, 37, 35, -3, -61, -37)
(127, 29, 36, -21, -33, -15)
(123, 15, 36, -24, -4, 12)
(112, 9, 37, -12, 13, 44)
(103, 17, 40, -4, 18, 72)
(100, 34, 40, -14, 26, 92)
(99, 42, 39, -38, 37, 106)
(99, 43, 31, -54, 52, 121)
(98, 47, 22, -64, 74, 127)
(95, 53, 11, -68, 101, 127)
(91, 63, -3, -70, 127, 127)
(85, 73, -22, -71, 127, 127)
(77, 81, -44, -71, 127, 127)
(68, 90, -65, -75, 127, 127)
(40, 111, -76, -108, 127, 127)
(14, 124, -99, -127, 127, 127)
(-5, 111, -127, -127, 115, 127)
(-41, 100, -127, -127, 109, 127)
(-73, 107, -127, -120, 117, 127)
(-76, 113, -127, -123, 124, 127)
(-94, 127, -127, -121, 127, 127)
(-121, 125, -127, -127, 99, 127)
(-127, 112, -127, -127, 45, 127)
(-106, 79, -127, -92, 2, 127)
(-88, 75, -127, -47, 44, 127)
(-99, 81, -127, -32, 104, 85)
(-104, 80, -127, -39, 112, 31)
(-110, 81, -108, -36, 84, 22)
BatchID:  12




(-3, 47, -36, 0, 0, 1)
(-3, 47, -36, 0, 0, 1)
(-2, 48, -36, 0, 0, 1)
(-2, 48, -35, 0, 0, 1)
(-3, 47, -34, 0, 0, 1)
(-3, 47, -35, 0, 0, 1)
(-3, 47, -35, -1, -1, 1)
(-2, 47, -36, 0, -1, 1)
(-2, 47, -35, 0, -1, 1)
(-2, 47, -35, 0, 0, 0)
(-2, 47, -36, 0, 0, 0)
(-2, 47, -36, 0, 0, 0)
(-2, 47, -35, 0, 0, 0)
(-2, 47, -36, 0, 0, 0)
(-2, 47, -37, 0, 0, 0)
(-3, 47, -39, 1, 1, 0)
(-6, 46, -41, 3, 4, 0)
(-8, 48, -46, 7, 9, 0)
(-18, 50, -52, 15, 17, 0)
(-40, 55, -66, 26, 30, -3)
(-72, 61, -78, 33, 43, -19)
(-104, 64, -93, 38, 45, -49)
(-127, 71, -125, 56, 37, -75)
(-127, 82, -127, 75, 29, -104)
(-127, 91, -127, 97, 22, -127)
(-127, 98, -127, 117, 8, -127)
(-127, 104, -127, 127, -15, -127)
(-127, 107, -127, 127, -55, -127)
(-127, 108, -127, 127, -97, -127)
(-107, 119, -127, 127, -127, -127)
(-72, 127, -127, 127, -127, -127)
(-41, 127, -127, 127, -127, -127)
(-8, 127, -127, 127, -127, -127)
(26, 127, -127, 127, -127, -127)
(57, 127, -122, 127, -127, -127)
(79, 127, -97, 127, -127, -127)
(102, 127, -84, 95, -127, -127)
(99, 123, -39, 84, -127, -127)
(123, 109, -44, 63, -127, -127)
(115, 86, -21, 47, -124, -127)
(119, 75, -7, 41, -110, -127)
(126, 71, 9, 26, -100, -110)
(127, 69, 26, 0, -89, -97)
(127, 60, 36, -29, -68, -79)
(127, 36, 44, -49, -29, -52)
(127, 2, 47, -40, 19, -4)
(127, -2, 44, 7, 26, 49)
(127, 34, 38, 22, 48, 87)
(114, 53, 35, -5, 58, 108)
(100, 53, 26, -42, 62, 126)
(92, 48, 13, -56, 66, 127)
(90, 50, 6, -60, 77, 127)
(92, 58, -2, -66, 99, 127)
(88, 65, -14, -73, 127, 127)
(81, 70, -26, -73, 127, 127)
(74, 78, -48, -64, 127, 127)
(59, 93, -72, -53, 127, 127)
(31, 124, -90, -91, 127, 127)
(3, 127, -115, -127, 127, 127)
(-14, 120, -127, -127, 127, 127)
(-54, 127, -127, -127, 127, 127)
(-100, 127, -127, -127, 115, 127)
(-127, 127, -127, -127, 76, 127)
(-123, 120, -127, -127, 59, 127)
(-76, 92, -127, -108, 80, 115)
(-74, 97, -127, -78, 121, 79)
(-89, 97, -127, -74, 127, 67)
(-104, 87, -127, -77, 111, 74)
BatchID:  13




(-5, 46, -35, 0, 1, 1)
(-5, 47, -35, 0, 1, 1)
(-5, 47, -35, 0, 1, 0)
(-5, 47, -36, 0, 1, 0)
(0, 0, 0, 0, 68, 2)
(-5, 47, -36, 0, 1, 0)
(-4, 46, -35, 0, 0, 0)
(-5, 46, -36, 0, 0, 1)
(-5, 46, -35, 0, 0, 1)
(-5, 47, -35, 0, 0, 1)
(-5, 46, -35, 0, 0, 0)
(-5, 47, -35, 0, 0, 0)
(-4, 46, -35, 0, 0, 0)
(-4, 47, -35, 0, 0, 0)
(-4, 46, -36, 0, 0, 0)
(-5, 45, -36, 0, 0, 0)
(-5, 46, -37, 1, 0, 0)
(-5, 46, -37, 2, 1, 0)
(-5, 47, -39, 2, 1, 0)
(-9, 47, -47, 6, 7, 0)
(-24, 49, -57, 20, 21, 0)
(-48, 55, -69, 32, 40, -7)
(-77, 57, -78, 36, 47, -24)
(-113, 64, -108, 53, 54, -51)
(-127, 82, -127, 78, 62, -86)
(-127, 107, -127, 90, 53, -127)
(-127, 111, -127, 101, 5, -127)
(-127, 109, -127, 127, -32, -127)
(-127, 119, -127, 127, -54, -127)
(-127, 127, -127, 127, -77, -127)
(-127, 127, -127, 127, -113, -127)
(-106, 127, -127, 127, -127, -127)
(-65, 127, -127, 127, -127, -127)
(-11, 127, -127, 127, -127, -127)
(40, 127, -127, 127, -127, -127)
(83, 127, -127, 127, -127, -127)
(104, 127, -119, 127, -127, -127)
(118, 127, -87, 121, -127, -127)
(127, 127, -53, 97, -127, -127)
(127, 127, -49, 83, -127, -127)
(127, 127, -27, 62, -127, -127)
(127, 116, 1, 7, -122, -127)
(127, 93, 10, -52, -127, -126)
(127, 53, 7, -73, -115, -103)
(127, 22, 36, -71, -77, -67)
(127, -6, 40, -25, -6, -4)
(127, 4, 40, 25, 5, 61)
(127, 36, 33, 44, 32, 106)
(127, 58, 34, 19, 40, 127)
(124, 63, 27, -10, 56, 127)
(118, 61, 16, -28, 80, 127)
(112, 62, 7, -35, 108, 127)
(108, 68, -6, -36, 127, 127)
(103, 75, -22, -37, 127, 127)
(97, 80, -43, -34, 127, 127)
(85, 89, -64, -32, 127, 127)
(59, 114, -81, -49, 127, 127)
(34, 127, -100, -127, 127, 127)
(14, 127, -127, -127, 127, 127)
(-13, 111, -127, -127, 127, 127)
(-40, 112, -127, -127, 127, 127)
(-59, 118, -127, -114, 127, 127)
(-64, 127, -127, -127, 127, 127)
(-105, 127, -127, -127, 127, 127)
(-127, 126, -127, -127, 99, 127)
(-127, 86, -127, -127, 50, 127)
(-97, 55, -127, -67, 26, 127)
(-66, 75, -127, -34, 46, 127)
(-52, 90, -127, -40, 100, 64)
BatchID:  14

(5, 62, -13, 0, 0, 0)
(6, 61, -13, 0, 0, 0)
(5, 61, -14, 0, 0, 0)
(6, 61, -14, 0, 0, 0)
(6, 60, -15, 0, 0, 0)
(5, 60, -14, 0, 0, 0)
(6, 61, -14, 0, 0, 0)
(6, 61, -13, 0, 0, 0)
(6, 61, -14, 0, 0, 0)
(6, 61, -14, 0, 0, 0)
(6, 60, -14, 0, 0, 0)
(6, 61, -14, 0, 0, 0)
(6, 61, -14, 0, -1, 0)
(6, 60, -14, 0, 0, 1)
(6, 61, -17, 1, 0, 1)
(10, 62, -24, 6, 7, 4)
(8, 62, -41, 24, 33, 6)
(-25, 69, -65, 53, 75, -2)
(-87, 80, -89, 91, 117, -30)
(-127, 98, -127, 127, 127, -102)
(-127, 127, -127, 127, 126, -127)
(-127, 127, -127, 127, 60, -127)
(-127, 127, -127, 127, 19, -127)
(-127, 127, -127, 127, -9, -127)
(-127, 127, -127, 127, -37, -127)
(-127, 127, -127, 127, -84, -127)
(-105, 127, -127, 127, -120, -127)
(-76, 127, -127, 127, -127, -127)
(-40, 127, -127, 127, -127, -127)
(-5, 127, -127, 127, -127, -127)
(21, 127, -127, 127, -127, -127)
(48, 127, -110, 127, -127, -127)
(74, 127, -92, 108, -127, -127)
(93, 127, -74, 77, -127, -127)
(116, 127, -63, 57, -127, -127)
(126, 127, -38, 54, -127, -127)
(127, 115, -23, 43, -127, -127)
(127, 87, -4, 29, -115, -127)
(127, 63, 8, -13, -127, -119)
(127, 38, 12, -26, -127, -85)
(127, 31, 23, -12, -126, -77)
(127, 14, 36, -9, -4, -47)
(127, 2, 46, -9, -20, -4)
(127, -2, 36, 12, 6, 49)
(127, 17, 37, 24, 11, 93)
(123, 33, 37, 15, 24, 117)
(113, 41, 34, -5, 45, 127)
(106, 44, 25, -22, 66, 127)
(101, 47, 13, -32, 87, 127)
(98, 53, -1, -34, 111, 127)
(96, 62, -16, -41, 127, 127)
(90, 66, -31, -43, 127, 127)
(79, 72, -39, -40, 127, 127)
(68, 84, -53, -40, 127, 127)
(32, 125, -70, -77, 127, 127)
(3, 127, -104, -127, 125, 127)
(-2, 94, -127, -127, 47, 127)
(-16, 69, -127, -120, 68, 127)
(-62, 97, -127, -32, 127, 127)
(-127, 127, -39, -118, 127, 127)
(-123, 127, -124, -105, 61, 127)
(-73, 96, -127, -89, 10, 127)
(-67, 91, -127, -27, 68, 127)
(-82, 110, -127, -25, 127, 84)
(-116, 114, -127, -57, 127, 8)
(-127, 123, -119, -108, 127, 8)
(-127, 83, -100, -104, 60, 70)
(-127, 65, -94, -50, -61, 127)
(-92, 69, -94, -27, -88, 127)
(-57, 69, -93, -15, -52, 84)
(-39, 65, -86, -32, 14, 22)
BatchID:  2




(-23, 38, -28, 2, 2, 1)
(-24, 39, -27, 2, 1, 1)
(-24, 39, -27, 0, 1, 1)
(-24, 39, -27, 0, 0, 2)
(-23, 39, -28, -1, -2, 3)
(-22, 38, -27, -1, -2, 2)
(-20, 38, -28, -1, 0, 2)
(-20, 37, -28, -1, 1, 1)
(-21, 37, -29, 0, 2, 1)
(-22, 37, -28, 0, 1, 2)
(-22, 38, -29, 0, 0, 3)
(-21, 38, -28, 0, -1, 4)
(-21, 38, -29, 0, -2, 4)
(-21, 38, -28, 0, -1, 4)
(-21, 38, -28, 0, 0, 4)
(-22, 39, -27, 1, 1, 3)
(-22, 40, -27, 0, 2, 2)
(-23, 39, -28, -1, 3, 1)
(-23, 38, -30, 0, 4, 0)
(-23, 37, -31, 2, 8, -1)
(-24, 37, -35, 5, 14, 0)
(-31, 39, -41, 13, 25, 1)
(-46, 45, -51, 26, 45, 4)
(-79, 56, -63, 40, 70, 2)
(-127, 68, -95, 54, 102, -24)
(-127, 89, -127, 55, 110, -75)
(-127, 87, -127, 64, 101, -127)
(-127, 67, -127, 86, 78, -127)
(-127, 55, -127, 127, 51, -127)
(-127, 78, -127, 127, 7, -127)
(-127, 89, -127, 127, -40, -127)
(-127, 97, -127, 127, -100, -127)
(-104, 115, -127, 127, -127, -127)
(-66, 127, -127, 127, -127, -127)
(-17, 127, -127, 127, -127, -127)
(34, 127, -127, 127, -127, -127)
(74, 127, -123, 127, -127, -127)
(97, 127, -93, 77, -127, -127)
(106, 122, -65, 59, -127, -127)
(123, 109, -37, 34, -127, -127)
(127, 82, -49, 16, -127, -127)
(127, 68, -29, 2, -103, -127)
(127, 59, 9, -29, -117, -127)
(127, 23, 4, -34, -127, -110)
(127, 11, 14, -9, -91, -79)
(127, 0, 20, 17, -55, -37)
(127, 11, 27, 32, -31, -3)
(127, 21, 30, 16, -9, 22)
(127, 16, 27, -1, 15, 45)
(127, 13, 25, -6, 39, 68)
(120, 18, 22, -7, 62, 89)
(111, 26, 18, -12, 81, 108)
(103, 34, 12, -20, 98, 126)
(95, 42, 4, -26, 114, 127)
(91, 50, -3, -31, 127, 127)
(91, 61, -14, -42, 127, 127)
(88, 69, -28, -54, 127, 127)
(82, 73, -43, -62, 127, 127)
(68, 81, -51, -66, 127, 127)
(47, 105, -70, -93, 127, 127)
(25, 119, -108, -127, 127, 127)
(7, 95, -127, -127, 100, 127)
(-9, 65, -127, -124, 126, 127)
(-32, 79, -127, -75, 127, 127)
(-85, 118, -127, -75, 127, 127)
(-123, 127, -127, -127, 112, 127)
(-127, 127, -127, -127, 70, 127)
(-127, 54, -127, -127, 29, 127)
(-127, 43, -123, -53, 12, 122)
(-104, 76, -103, -24, 32, 79)
(-84, 99, -78, -63, 48, 44)
(-72, 79, -83, -102, 48, 32)
BatchID:  3




(-11, 44, -32, 0, 0, 0)
(-11, 45, -32, 1, 0, 1)
(-12, 45, -31, 0, 0, 0)
(-12, 45, -31, 0, 0, 0)
(-13, 44, -31, 0, 0, 0)
(-12, 45, -32, 0, 0, 0)
(-12, 45, -31, 0, 0, 0)
(-11, 44, -31, 0, 0, 0)
(-11, 44, -32, 0, 0, 0)
(-12, 45, -32, 0, 0, 0)
(-11, 44, -32, 0, 0, 0)
(-12, 45, -32, 0, 0, 0)
(-12, 45, -32, 0, 0, 0)
(-12, 45, -32, 0, 0, 0)
(-12, 45, -33, 0, 0, 0)
(-13, 45, -34, 1, 1, 0)
(-14, 44, -38, 7, 6, -1)
(-22, 46, -45, 19, 20, -4)
(-40, 54, -49, 25, 37, -10)
(-64, 59, -59, 27, 51, -15)
(-102, 68, -79, 37, 72, -23)
(-127, 66, -105, 46, 70, -63)
(-127, 74, -127, 65, 68, -105)
(-127, 90, -127, 95, 60, -127)
(-127, 108, -127, 109, 15, -127)
(-127, 114, -127, 114, -40, -127)
(-127, 115, -127, 127, -50, -127)
(-127, 114, -127, 127, -68, -127)
(-126, 114, -127, 127, -104, -127)
(-89, 123, -127, 127, -127, -127)
(-52, 127, -127, 127, -127, -127)
(-11, 127, -127, 127, -127, -127)
(28, 127, -125, 127, -127, -127)
(61, 127, -107, 127, -127, -127)
(81, 127, -82, 85, -127, -127)
(92, 127, -76, 57, -127, -127)
(101, 113, -67, 53, -127, -127)
(109, 111, -17, 39, -127, -127)
(127, 85, -48, 5, -127, -127)
(127, 64, 0, -25, -112, -127)
(127, 38, -1, -40, -127, -120)
(127, 23, 14, -18, -127, -99)
(127, 17, 29, -2, -69, -66)
(127, 13, 38, 5, -25, -21)
(127, 13, 37, 5, 8, 23)
(127, 20, 30, 1, 27, 59)
(127, 26, 27, -8, 41, 88)
(120, 29, 23, -16, 52, 113)
(108, 33, 15, -18, 65, 127)
(100, 41, 9, -20, 78, 127)
(92, 49, 1, -25, 92, 127)
(85, 57, -9, -28, 109, 127)
(79, 65, -22, -32, 127, 127)
(75, 74, -39, -34, 127, 127)
(64, 82, -52, -40, 127, 127)
(50, 93, -63, -59, 127, 127)
(25, 105, -81, -92, 127, 127)
(-12, 107, -108, -107, 123, 127)
(-71, 127, -125, -127, 116, 127)
(-127, 127, -127, -127, 76, 127)
(-103, 67, -127, -127, 13, 127)
(-54, 52, -110, -64, 54, 127)
(-53, 100, -101, -7, 127, 127)
(-101, 127, -102, -32, 127, 127)
(-127, 127, -127, -75, 127, 127)
(-127, 114, -127, -100, 117, 115)
(-127, 65, -127, -84, 106, 58)
(-127, 40, -105, -51, 60, 19)
(-107, 51, -83, -22, 18, 18)
(-67, 68, -80, -21, -5, 24)
(-27, 60, -91, -38, 6, 19)
(-11, 37, -98, -50, 55, -7)
BatchID:  4




(-11, 43, -34, 0, 0, 0)
(-11, 43, -34, 0, 0, 0)
(-11, 43, -34, 0, 0, 0)
(-11, 44, -34, 0, 0, 0)
(-11, 43, -33, 0, 0, 0)
(-11, 43, -34, 0, 0, 0)
(-11, 43, -34, 0, -1, 0)
(-10, 43, -34, 0, -1, 0)
(-11, 44, -34, 0, 0, 1)
(-12, 44, -33, 0, 0, 0)
(-11, 44, -34, 0, 0, 0)
(-11, 43, -33, 0, 0, 0)
(-11, 43, -34, 0, 0, 0)
(-11, 43, -34, 0, 0, 0)
(-11, 43, -34, 0, 0, 0)
(-11, 43, -34, 0, 0, 0)
(-11, 44, -35, 0, 0, 0)
(-11, 43, -38, 2, 1, 0)
(-13, 42, -43, 7, 5, 0)
(-21, 42, -50, 18, 18, -4)
(-44, 50, -60, 33, 45, -10)
(-82, 65, -79, 43, 84, -21)
(-127, 74, -92, 39, 93, -49)
(-127, 63, -127, 49, 93, -107)
(-127, 66, -127, 88, 104, -127)
(-127, 79, -127, 127, 71, -127)
(-127, 94, -127, 127, 25, -127)
(-127, 103, -127, 127, -26, -127)
(-127, 100, -127, 127, -81, -127)
(-127, 99, -127, 127, -122, -127)
(-102, 115, -127, 127, -127, -127)
(-63, 127, -127, 127, -127, -127)
(-21, 127, -127, 127, -127, -127)
(16, 127, -127, 127, -127, -127)
(46, 127, -127, 127, -127, -127)
(72, 127, -115, 127, -127, -127)
(88, 127, -72, 127, -127, -127)
(115, 127, -60, 111, -127, -127)
(126, 127, -40, 63, -127, -127)
(116, 92, -32, 33, -127, -127)
(121, 77, -15, 34, -127, -127)
(127, 77, 2, 22, -127, -117)
(127, 75, 16, -12, -127, -111)
(127, 56, 18, -50, -86, -98)
(127, 24, 23, -66, -40, -74)
(127, -9, 25, -45, -20, -21)
(127, -21, 26, 4, -8, 32)
(127, 7, 32, 40, 11, 76)
(120, 32, 36, 27, 16, 102)
(111, 38, 35, -2, 24, 120)
(105, 35, 31, -21, 38, 127)
(102, 36, 24, -29, 59, 127)
(95, 43, 14, -32, 88, 127)
(87, 51, 3, -37, 115, 127)
(81, 59, -13, -41, 127, 127)
(72, 65, -26, -42, 127, 127)
(65, 74, -39, -44, 127, 127)
(55, 87, -57, -54, 127, 127)
(35, 104, -71, -87, 127, 127)
(10, 107, -89, -125, 121, 127)
(-26, 109, -86, -127, 92, 127)
(-54, 108, -110, -122, 111, 127)
(-86, 118, -117, -101, 108, 127)
(-85, 127, -127, -117, 65, 127)
(-76, 113, -127, -120, 73, 127)
(-75, 83, -127, -84, 107, 127)
(-86, 92, -122, -34, 127, 127)
(-124, 125, -109, -19, 127, 127)
(-127, 127, -97, -44, 99, 127)
(-127, 126, -94, -76, 22, 125)
BatchID:  5




(-12, 48, -27, 0, 0, 0)
(-12, 47, -27, 0, 0, 0)
(-12, 47, -27, 0, 0, 0)
(-13, 48, -27, 0, 0, 0)
(-12, 48, -28, 0, 0, 0)
(-12, 48, -28, 0, 0, 0)
(-11, 47, -27, 0, 0, 0)
(-11, 48, -27, 0, 0, 0)
(-12, 48, -27, 0, 0, 0)
(-12, 47, -27, 0, 0, 0)
(-13, 48, -28, 0, 0, 0)
(-12, 48, -28, 0, 0, 0)
(-12, 47, -27, 0, 0, 0)
(-12, 47, -27, 0, 0, 0)
(-12, 47, -27, 0, 0, 0)
(-11, 48, -27, 0, 0, 0)
(-11, 48, -26, 0, 0, 0)
(-11, 48, -27, 0, 0, 0)
(-12, 47, -28, 0, 0, 0)
(-14, 47, -28, 0, 0, 0)
(-14, 48, -28, 1, -1, 0)
(-12, 47, -30, 1, -1, 0)
(-14, 46, -35, 6, 4, -2)
(-25, 49, -40, 15, 15, -4)
(-42, 53, -44, 26, 30, -10)
(-57, 58, -47, 35, 54, -22)
(-70, 67, -63, 49, 90, -29)
(-109, 72, -83, 60, 116, -60)
(-127, 70, -127, 75, 127, -119)
(-127, 85, -127, 101, 127, -127)
(-127, 97, -127, 115, 85, -127)
(-127, 99, -127, 127, 9, -127)
(-127, 105, -127, 127, -40, -127)
(-127, 116, -127, 127, -79, -127)
(-127, 127, -127, 127, -119, -127)
(-99, 127, -127, 127, -127, -127)
(-55, 127, -127, 127, -127, -127)
(-12, 127, -127, 127, -127, -127)
(27, 127, -127, 127, -127, -127)
(66, 127, -124, 127, -127, -127)
(95, 127, -107, 115, -127, -127)
(109, 127, -94, 76, -127, -127)
(114, 127, -45, 60, -127, -127)
(127, 127, -60, 32, -127, -127)
(127, 105, -34, 14, -127, -127)
(127, 96, -6, -4, -127, -127)
(127, 71, 12, -51, -127, -110)
(127, 34, 9, -65, -127, -82)
(127, 7, 12, -44, -84, -47)
(127, -4, 17, -14, -26, -10)
(127, -2, 20, 1, 8, 30)
(127, 3, 16, 5, 31, 69)
(127, 10, 15, 9, 48, 106)
(120, 20, 14, 13, 56, 127)
(108, 32, 12, 15, 68, 127)
(99, 46, 6, 8, 83, 127)
(92, 57, 0, -4, 104, 127)
(84, 63, -10, -20, 127, 127)
(77, 68, -23, -30, 127, 127)
(71, 73, -40, -32, 127, 127)
(59, 80, -55, -27, 127, 127)
(42, 100, -72, -37, 127, 127)
(20, 111, -91, -74, 127, 127)
(-43, 121, -71, -100, 127, 127)
(-68, 119, -127, -110, 127, 127)
(-122, 127, -127, -110, 127, 127)
(-127, 109, -127, -127, 59, 127)
(-94, 59, -127, -121, 59, 127)
(-99, 50, -127, -76, 84, 127)
(-127, 68, -103, -40, 75, 127)
(-127, 87, -72, -19, 27, 127)
BatchID:  6




(-11, 47, -27, 0, 0, 0)
(-12, 47, -28, 0, 0, 0)
(-11, 47, -28, 0, 0, 0)
(-11, 48, -27, 0, 0, 0)
(-11, 48, -28, 0, 0, 0)
(-12, 48, -27, 0, 0, 0)
(-12, 48, -27, 0, 0, 0)
(-11, 48, -27, 0, 0, 0)
(-11, 48, -27, 0, 0, 0)
(-11, 48, -27, 0, 0, 0)
(-11, 48, -27, 0, 0, 0)
(-12, 47, -27, 0, 0, 0)
(-12, 48, -27, 0, 0, 0)
(-12, 48, -27, 0, 0, 0)
(-11, 47, -27, 0, 0, 0)
(-12, 48, -27, 0, 0, 0)
(-12, 48, -27, 0, 0, 0)
(-11, 47, -28, 0, 0, 0)
(-12, 47, -28, 0, 0, 0)
(-12, 48, -27, 0, 0, 0)
(-12, 48, -29, 0, 0, 0)
(-11, 47, -32, 1, 1, 0)
(-15, 46, -38, 9, 9, 0)
(-32, 51, -44, 25, 27, -6)
(-72, 66, -62, 41, 62, -19)
(-111, 76, -100, 57, 110, -42)
(-127, 94, -116, 69, 127, -77)
(-127, 82, -127, 95, 111, -127)
(-127, 96, -127, 127, 107, -127)
(-127, 108, -127, 127, 66, -127)
(-127, 120, -127, 127, 10, -127)
(-127, 118, -127, 127, -59, -127)
(-127, 120, -127, 127, -127, -127)
(-111, 127, -127, 127, -127, -127)
(-61, 127, -127, 127, -127, -127)
(-11, 127, -127, 127, -127, -127)
(28, 127, -127, 127, -127, -127)
(64, 127, -125, 127, -127, -127)
(92, 127, -107, 106, -127, -127)
(113, 127, -102, 67, -127, -127)
(117, 127, -44, 39, -127, -127)
(127, 103, -69, -2, -127, -127)
(127, 70, -38, -5, -127, -127)
(127, 61, -25, 10, -127, -127)
(127, 61, -9, 1, -127, -125)
(127, 51, 0, -23, -84, -111)
(127, 24, 4, -43, -37, -81)
(127, -3, 5, -33, -10, -37)
(127, -19, 4, 12, 2, 17)
(127, 6, 12, 50, 16, 63)
(120, 29, 17, 42, 20, 91)
(109, 36, 19, 17, 23, 110)
(100, 35, 17, 0, 27, 127)
(96, 37, 16, -5, 36, 127)
(95, 45, 9, -8, 56, 127)
(91, 54, 2, -17, 80, 127)
(88, 60, -7, -27, 104, 127)
(83, 64, -21, -36, 127, 127)
(79, 69, -36, -34, 127, 127)
(77, 78, -52, -26, 127, 127)
(67, 92, -72, -16, 127, 127)
(39, 111, -93, -15, 127, 127)
(-45, 127, -75, -45, 127, 127)
(-95, 127, -127, -101, 127, 127)
(-127, 127, -127, -127, 91, 127)
(-91, 95, -127, -123, 68, 127)
(-49, 86, -127, -78, 127, 117)
(-117, 101, -127, -66, 127, 89)
(-127, 109, -127, -95, 127, 109)
(-127, 77, -95, -85, 18, 127)
(-127, 64, -91, -27, -66, 127)
BatchID:  7




(-10, 46, -30, 0, -1, 0)
(-10, 47, -30, 0, -1, 0)
(-10, 46, -30, 0, 0, 0)
(-10, 46, -30, 0, 0, 0)
(-11, 46, -30, 0, 0, 0)
(-11, 46, -31, 0, 0, 0)
(-11, 46, -31, 0, 0, 0)
(-11, 46, -31, 0, 0, 0)
(-11, 46, -31, 0, 0, 0)
(-11, 46, -31, 0, 0, 0)
(-11, 46, -32, 0, 0, 0)
(-11, 46, -30, 0, 0, 0)
(-11, 46, -31, 0, 0, 0)
(-11, 46, -31, 0, 0, 0)
(-10, 46, -30, 0, 0, 0)
(-10, 46, -31, 0, 0, 0)
(-10, 46, -31, 0, 0, 0)
(-9, 46, -33, 1, 0, 0)
(-9, 44, -39, 3, 5, 0)
(-12, 42, -48, 16, 18, -1)
(-37, 50, -52, 39, 46, -9)
(-74, 66, -62, 51, 81, -20)
(-108, 81, -109, 63, 127, -45)
(-127, 88, -127, 53, 117, -102)
(-127, 63, -127, 88, 108, -127)
(-127, 76, -127, 127, 115, -127)
(-127, 101, -127, 127, 95, -127)
(-127, 113, -127, 127, 23, -127)
(-127, 103, -127, 127, -56, -127)
(-127, 100, -127, 127, -127, -127)
(-94, 117, -127, 127, -127, -127)
(-46, 127, -127, 127, -127, -127)
(-3, 127, -127, 127, -127, -127)
(32, 127, -127, 127, -127, -127)
(59, 127, -127, 127, -127, -127)
(76, 127, -100, 126, -127, -127)
(90, 127, -87, 102, -127, -127)
(96, 116, -68, 87, -127, -127)
(109, 113, -38, 60, -127, -127)
(127, 90, -44, 19, -127, -127)
(127, 73, -23, -4, -127, -127)
(127, 56, -12, -14, -127, -112)
(127, 34, -4, -21, -124, -98)
(127, 19, -1, -15, -87, -79)
(127, 7, 3, -6, -46, -56)
(127, -1, 9, 5, -14, -24)
(127, -4, 13, 14, 0, 10)
(124, -1, 14, 27, 15, 47)
(112, 12, 17, 28, 22, 77)
(105, 22, 19, 17, 26, 98)
(100, 28, 17, 1, 35, 113)
(97, 30, 15, -12, 46, 127)
(94, 34, 11, -21, 60, 127)
(91, 39, 4, -28, 77, 127)
(87, 46, -5, -30, 97, 127)
(84, 56, -17, -32, 119, 127)
(80, 64, -31, -31, 127, 127)
(76, 73, -46, -30, 127, 127)
(70, 83, -62, -29, 127, 127)
(57, 97, -80, -29, 127, 127)
(23, 111, -99, -40, 127, 127)
(-45, 127, -85, -84, 127, 127)
(-109, 127, -127, -121, 127, 127)
(-127, 127, -127, -127, 67, 127)
(-119, 65, -127, -94, 36, 127)
(-67, 72, -126, -27, 114, 127)
(-108, 113, -127, -14, 127, 85)
(-127, 127, -118, -64, 127, 88)
(-127, 105, -109, -103, 63, 120)
(-127, 62, -109, -88, -44, 127)
(-120, 48, -108, -45, -54, 127)
BatchID:  8




(-11, 44, -33, 0, 0, 0)
(-11, 44, -32, 0, 0, 0)
(-11, 44, -32, 0, 0, 0)
(-11, 44, -33, 0, 0, 0)
(-12, 44, -33, 0, 0, 0)
(-12, 44, -33, 0, 0, 0)
(-12, 44, -34, 0, 0, 0)
(-11, 44, -33, 0, 0, 0)
(-11, 44, -32, 0, 0, 0)
(-11, 44, -32, 0, 0, 0)
(-11, 44, -32, 0, 0, 0)
(-10, 44, -32, 0, 0, 0)
(-11, 44, -33, 0, 0, 0)
(-12, 44, -33, 0, 0, 0)
(-12, 44, -34, 0, 0, 0)
(-12, 43, -39, 1, 2, 0)
(-16, 43, -48, 10, 10, -2)
(-29, 45, -60, 24, 27, -6)
(-62, 57, -79, 41, 59, -15)
(-101, 69, -117, 57, 109, -29)
(-127, 81, -124, 65, 102, -69)
(-127, 64, -127, 72, 77, -127)
(-127, 71, -127, 121, 84, -127)
(-127, 89, -127, 127, 66, -127)
(-127, 110, -127, 127, 18, -127)
(-127, 109, -127, 127, -36, -127)
(-127, 100, -127, 127, -87, -127)
(-127, 102, -127, 127, -127, -127)
(-93, 115, -127, 127, -127, -127)
(-53, 127, -127, 127, -127, -127)
(-12, 127, -127, 127, -127, -127)
(30, 127, -127, 127, -127, -127)
(69, 127, -127, 127, -127, -127)
(90, 127, -110, 101, -127, -127)
(104, 127, -83, 76, -127, -127)
(116, 123, -53, 50, -127, -127)
(127, 100, -55, 20, -127, -127)
(124, 69, -40, 16, -127, -127)
(127, 56, -14, 7, -127, -127)
(127, 42, -5, -1, -127, -125)
(127, 46, 5, -1, -127, -104)
(127, 39, 14, -26, -77, -87)
(127, 14, 17, -44, -27, -51)
(127, -10, 9, -15, 5, 2)
(127, 0, 6, 24, 35, 49)
(127, 19, 4, 32, 46, 81)
(120, 34, 5, 17, 48, 104)
(113, 40, 3, 0, 51, 123)
(107, 41, 1, -8, 57, 127)
(102, 48, -1, -8, 71, 127)
(97, 57, -7, -7, 90, 127)
(91, 65, -17, -6, 113, 127)
(86, 75, -31, -4, 127, 127)
(80, 86, -44, -7, 127, 127)
(72, 102, -56, -23, 127, 127)
(65, 114, -70, -55, 127, 127)
(57, 118, -89, -74, 127, 127)
(38, 119, -124, -68, 127, 127)
(-20, 124, -127, -54, 127, 127)
(-102, 127, -127, -88, 127, 127)
(-127, 127, -127, -126, 127, 127)
(-127, 117, -127, -84, 80, 127)
(-104, 89, -127, -47, 110, 127)
(-117, 116, -127, -24, 127, 120)
(-127, 127, -103, -58, 127, 111)
(-127, 123, -109, -97, 52, 119)
(-127, 84, -127, -106, 5, 106)
(-101, 51, -127, -82, 30, 68)
(-78, 37, -127, -53, 79, 23)
(-67, 34, -118, -23, 113, 1)
(-62, 33, -109, 3, 125, 0)
BatchID:  9




(-9, 43, -35, 0, 0, 0)
(-9, 44, -35, 0, 0, 0)
(-9, 44, -35, 0, 0, 0)
(-9, 43, -35, 0, 0, 0)
(-9, 44, -35, 0, 0, 0)
(-9, 43, -35, 0, 0, 0)
(-9, 43, -35, 0, 0, 0)
(-9, 43, -36, 0, 0, 0)
(-9, 43, -35, 0, 0, 0)
(-10, 44, -35, 0, 0, 0)
(-9, 43, -35, 0, 0, 0)
(-9, 43, -36, 0, 0, 0)
(-9, 44, -35, 0, 0, 0)
(-9, 42, -36, 0, 0, 0)
(-9, 44, -36, 0, -1, 0)
(-8, 43, -37, 0, 0, 0)
(-12, 41, -44, 5, 5, 0)
(-21, 45, -53, 17, 17, -6)
(-46, 54, -65, 33, 38, -13)
(-84, 65, -104, 49, 87, -37)
(-119, 75, -127, 66, 127, -72)
(-127, 60, -127, 58, 120, -127)
(-127, 51, -127, 105, 120, -127)
(-127, 68, -127, 127, 77, -127)
(-127, 99, -127, 127, 17, -127)
(-127, 114, -127, 127, -59, -127)
(-127, 116, -127, 127, -127, -127)
(-126, 121, -127, 127, -127, -127)
(-79, 127, -127, 127, -127, -127)
(-33, 127, -127, 127, -127, -127)
(4, 127, -127, 127, -127, -127)
(44, 127, -127, 127, -127, -127)
(84, 127, -127, 127, -127, -127)
(104, 127, -114, 97, -127, -127)
(111, 127, -89, 80, -127, -127)
(122, 118, -53, 60, -127, -127)
(127, 103, -56, 43, -127, -127)
(127, 109, -32, 35, -127, -127)
(127, 114, -11, -7, -127, -127)
(127, 92, 9, -82, -117, -124)
(127, 32, 0, -105, -85, -80)
(127, -13, 5, -53, -20, -25)
(127, -13, 17, 30, 11, 41)
(127, 27, 21, 51, 17, 86)
(127, 48, 25, 23, 22, 110)
(123, 46, 20, -14, 26, 127)
(114, 38, 14, -27, 41, 127)
(107, 38, 7, -24, 62, 127)
(97, 45, -3, -17, 86, 127)
(91, 53, -15, -14, 116, 127)
(84, 60, -31, -14, 127, 127)
(79, 68, -50, -12, 127, 127)
(68, 75, -64, -8, 127, 127)
(46, 86, -77, -6, 127, 127)
(3, 108, -101, -19, 127, 127)
(-69, 127, -119, -85, 127, 127)
(-127, 127, -127, -103, 118, 127)
(-127, 90, -127, -121, 37, 127)
(-51, 57, -122, -78, 53, 127)
(-8, 83, -123, -33, 127, 125)
(-101, 127, -127, -31, 127, 127)
(-127, 127, -127, -86, 70, 127)
(-127, 75, -127, -68, -100, 127)
(-127, 35, -100, 5, -127, 127)
(-108, 49, -47, 76, -127, 127)
(-22, 101, -17, 93, -71, 85)
(30, 127, 0, 13, 83, -39)
(26, 103, -13, -39, 127, -91)
(-19, 65, -51, -50, 127, -69)
(-57, 42, -64, -42, 127, -35)
(-79, 49, -50, -11, 109, 37)
BatchID:  10




(-11, 44, -33, 0, 0, 0)
(-11, 44, -33, 0, 0, 0)
(-11, 44, -33, 0, 0, 0)
(-11, 44, -32, 0, 0, 0)
(-11, 44, -33, 0, 0, 0)
(-11, 44, -33, 0, 0, 0)
(-10, 44, -33, 0, 0, 0)
(-11, 44, -33, 0, 0, 0)
(-11, 44, -33, 0, 0, 0)
(-11, 45, -33, 0, 0, 0)
(-11, 44, -32, 0, 0, 0)
(-12, 44, -32, 0, 0, 0)
(-11, 44, -33, 0, 0, 0)
(-11, 44, -33, 0, 0, 0)
(-10, 44, -33, 0, 0, 0)
(-11, 45, -33, 0, 0, 0)
(-12, 45, -33, 0, 0, 0)
(-10, 44, -37, 1, 1, 0)
(-13, 41, -42, 7, 7, -1)
(-28, 47, -52, 21, 19, -1)
(-59, 58, -62, 34, 42, -9)
(-99, 69, -90, 53, 88, -31)
(-127, 89, -107, 73, 119, -62)
(-127, 79, -127, 62, 89, -123)
(-127, 75, -127, 101, 95, -127)
(-127, 93, -127, 127, 55, -127)
(-127, 113, -127, 127, 7, -127)
(-127, 117, -127, 127, -64, -127)
(-127, 109, -127, 127, -127, -127)
(-127, 118, -127, 127, -127, -127)
(-86, 127, -127, 127, -127, -127)
(-42, 127, -127, 127, -127, -127)
(0, 127, -127, 127, -127, -127)
(38, 127, -127, 127, -127, -127)
(72, 127, -127, 124, -127, -127)
(94, 127, -116, 87, -127, -127)
(112, 127, -103, 63, -127, -127)
(127, 127, -88, 53, -127, -127)
(127, 124, -63, 38, -127, -127)
(127, 107, -36, 9, -127, -127)
(127, 84, -21, -35, -127, -127)
(127, 63, -17, -66, -127, -119)
(127, 42, -8, -85, -127, -101)
(127, 0, 4, -74, -34, -64)
(127, -30, 0, -20, 28, -5)
(127, -12, 0, 42, 38, 63)
(127, 21, 6, 66, 57, 108)
(127, 39, 11, 56, 56, 127)
(117, 52, 10, 42, 64, 127)
(108, 60, 3, 28, 82, 127)
(100, 67, -2, 13, 100, 127)
(93, 73, -13, -3, 125, 127)
(85, 76, -25, -16, 127, 127)
(79, 76, -39, -22, 127, 127)
(71, 79, -55, -25, 127, 127)
(64, 91, -66, -30, 127, 127)
(51, 103, -82, -44, 127, 127)
(30, 112, -105, -51, 127, 127)
(-31, 127, -107, -47, 127, 127)
(-75, 127, -127, -82, 127, 127)
(-119, 127, -127, -113, 127, 127)
(-110, 101, -127, -103, 127, 127)
(-127, 96, -127, -70, 127, 113)
(-127, 107, -127, -64, 127, 119)
(-127, 110, -117, -79, 65, 127)
(-120, 87, -123, -75, 10, 127)
(-95, 70, -126, -55, 41, 127)
(-90, 66, -120, -30, 98, 66)
(-91, 72, -107, -19, 127, 27)
BatchID:  11




(-10, 43, -35, 0, 0, 0)
(-10, 43, -35, 0, 0, 0)
(-10, 43, -36, 0, 0, 0)
(-10, 43, -36, 0, 0, 0)
(-10, 44, -35, 0, 0, 0)
(-10, 44, -34, 0, -1, 0)
(-10, 44, -34, 0, 0, 0)
(-9, 44, -34, 0, 0, 0)
(-9, 44, -34, 0, 0, 0)
(-9, 44, -34, 0, 0, 0)
(-10, 43, -35, 0, 0, 0)
(-10, 44, -35, 0, 0, 0)
(-10, 44, -35, 0, 0, 0)
(-10, 44, -35, 0, 0, 0)
(-10, 44, -35, 0, 0, 0)
(-9, 44, -35, 0, 0, 0)
(-9, 44, -35, 0, 0, 0)
(-8, 44, -34, 0, 0, 0)
(-8, 44, -36, 0, 0, 0)
(-9, 43, -41, 3, 3, 0)
(-16, 43, -52, 14, 12, -1)
(-40, 49, -58, 33, 31, -7)
(-74, 60, -71, 50, 71, -24)
(-102, 78, -113, 72, 127, -56)
(-127, 87, -127, 70, 127, -108)
(-127, 72, -127, 94, 127, -127)
(-127, 89, -127, 127, 66, -127)
(-127, 99, -127, 127, 12, -127)
(-127, 120, -127, 127, -58, -127)
(-127, 121, -127, 127, -127, -127)
(-127, 118, -127, 127, -127, -127)
(-80, 127, -127, 127, -127, -127)
(-40, 127, -127, 127, -127, -127)
(11, 127, -127, 127, -127, -127)
(56, 127, -127, 127, -127, -127)
(86, 127, -127, 127, -127, -127)
(95, 127, -117, 127, -127, -127)
(109, 127, -100, 114, -127, -127)
(118, 127, -87, 95, -127, -127)
(124, 127, -48, 63, -127, -127)
(127, 119, -52, 11, -127, -127)
(127, 94, -46, -30, -127, -127)
(127, 69, -24, -55, -120, -127)
(127, 37, -11, -89, -127, -126)
(127, -11, -6, -76, -127, -79)
(127, -34, 8, -20, -17, -7)
(127, -29, 34, 84, 2, 71)
(127, 29, 26, 109, 44, 116)
(127, 58, 28, 82, 50, 127)
(127, 68, 26, 36, 68, 127)
(119, 63, 17, 9, 91, 127)
(109, 62, 3, 2, 119, 127)
(97, 66, -9, 3, 127, 127)
(89, 75, -28, 4, 127, 127)
(81, 84, -46, 4, 127, 127)
(67, 98, -61, -7, 127, 127)
(54, 114, -70, -61, 127, 127)
(46, 104, -93, -99, 127, 127)
(22, 97, -125, -91, 127, 127)
(-39, 107, -127, -73, 127, 127)
(-127, 127, -125, -123, 127, 127)
(-127, 101, -127, -117, 59, 127)
(-96, 74, -120, -65, 15, 127)
(-33, 80, -119, -23, 95, 127)
(-41, 117, -127, -28, 127, 55)
(-125, 124, -121, -71, 127, 55)
(-127, 120, -125, -101, 127, 100)
(-127, 85, -126, -98, 44, 113)
(-127, 54, -125, -67, 21, 87)
(-76, 51, -119, -49, 67, 34)
(-52, 49, -110, -41, 120, -1)
BatchID:  12




(-9, 43, -35, 0, 0, 0)
(-9, 43, -34, 0, 0, 0)
(-8, 44, -34, 0, 0, 0)
(-8, 43, -35, 0, 0, 0)
(-8, 43, -35, 0, 0, 1)
(-9, 44, -35, 0, 0, 0)
(-9, 44, -35, 0, 0, 0)
(-10, 44, -34, 0, 0, 0)
(-9, 44, -34, 0, 0, 0)
(-9, 44, -35, 0, 0, 0)
(-9, 44, -36, 0, -1, 0)
(-9, 44, -35, 0, -1, 1)
(-9, 44, -35, 0, 0, 0)
(-9, 45, -35, 0, 0, 0)
(-9, 45, -34, 0, 0, 0)
(-8, 44, -34, 0, 0, 0)
(-8, 44, -35, 0, 1, 0)
(-9, 44, -40, 1, 3, 0)
(-12, 42, -53, 7, 9, -2)
(-30, 45, -67, 17, 21, -5)
(-63, 50, -85, 31, 36, -8)
(-95, 62, -116, 56, 76, -18)
(-127, 73, -118, 79, 87, -55)
(-127, 59, -127, 78, 78, -127)
(-127, 66, -127, 127, 94, -127)
(-127, 92, -127, 127, 67, -127)
(-127, 111, -127, 127, -3, -127)
(-127, 116, -127, 127, -58, -127)
(-127, 107, -127, 127, -110, -127)
(-125, 104, -127, 127, -127, -127)
(-90, 107, -127, 127, -127, -127)
(-58, 118, -127, 127, -127, -127)
(-25, 127, -127, 127, -127, -127)
(8, 127, -127, 127, -127, -127)
(41, 127, -127, 127, -127, -127)
(72, 127, -122, 127, -127, -127)
(91, 127, -94, 104, -127, -127)
(111, 127, -88, 68, -127, -127)
(113, 127, -46, 55, -127, -127)
(127, 127, -38, 17, -127, -127)
(127, 109, -39, -42, -127, -127)
(127, 83, -20, -74, -108, -127)
(127, 44, -4, -106, -127, -127)
(127, -10, -4, -97, -127, -83)
(127, -33, 10, -31, -33, -18)
(127, -30, 20, 53, -3, 45)
(127, 18, 16, 70, 21, 85)
(127, 34, 20, 45, 29, 108)
(114, 35, 16, 16, 28, 127)
(106, 33, 13, 5, 43, 127)
(99, 35, 8, 1, 62, 127)
(93, 43, 0, 0, 82, 127)
(87, 50, -7, -3, 106, 127)
(82, 57, -19, -7, 127, 127)
(76, 65, -30, -9, 127, 127)
(73, 74, -44, -12, 127, 127)
(71, 85, -63, -15, 127, 127)
(57, 96, -79, -19, 127, 127)
(29, 107, -97, -29, 127, 127)
(-49, 127, -84, -65, 127, 127)
(-104, 127, -127, -118, 127, 127)
(-127, 127, -127, -127, 61, 127)
(-96, 61, -127, -102, 34, 127)
(-36, 67, -126, -42, 94, 127)
(-18, 104, -127, -6, 127, 91)
(-88, 126, -127, -54, 127, 74)
(-114, 120, -127, -92, 127, 127)
(-97, 88, -127, -86, 57, 127)
(-75, 74, -127, -52, 37, 127)
(-68, 81, -127, -38, 74, 127)
(-65, 79, -127, -28, 96, 99)
BatchID:  13




(-7, 45, -34, 0, 0, 0)
(-8, 45, -34, 0, 0, 0)
(-9, 45, -34, 0, 0, 0)
(-9, 45, -34, 0, 0, 0)
(-9, 45, -34, 0, 0, 0)
(-8, 45, -34, 0, 0, 0)
(-7, 45, -35, 0, 0, 0)
(-8, 45, -34, 0, -1, 1)
(-8, 45, -35, 0, -1, 1)
(-8, 45, -34, 0, 0, 0)
(-8, 46, -34, 0, 0, 1)
(-8, 46, -34, 0, -1, 1)
(-8, 46, -34, 0, -1, 1)
(-7, 45, -34, 0, -1, 0)
(-8, 45, -35, 1, 1, 0)
(-11, 45, -43, 9, 7, 0)
(-30, 49, -60, 31, 19, -1)
(-67, 63, -83, 66, 70, -21)
(-110, 87, -127, 100, 127, -79)
(-127, 109, -127, 67, 127, -127)
(-127, 59, -127, 47, 114, -127)
(-127, 50, -127, 122, 113, -127)
(-127, 68, -127, 127, 29, -127)
(-127, 111, -127, 127, -47, -127)
(-127, 127, -127, 127, -127, -127)
(-123, 127, -127, 127, -127, -127)
(-78, 127, -127, 127, -127, -127)
(-34, 127, -127, 127, -127, -127)
(4, 127, -127, 127, -127, -127)
(35, 127, -127, 127, -127, -127)
(65, 127, -119, 127, -127, -127)
(82, 127, -97, 102, -127, -127)
(102, 127, -93, 75, -127, -127)
(111, 113, -72, 60, -127, -127)
(121, 108, -32, 45, -127, -127)
(127, 85, -38, 12, -127, -127)
(127, 63, -16, -4, -109, -127)
(127, 45, -7, -12, -88, -127)
(127, 20, 5, -15, -64, -101)
(127, 1, 16, 2, -36, -67)
(127, -5, 27, 30, -2, -35)
(127, 0, 39, 49, 36, 2)
(127, 8, 44, 47, 63, 42)
(127, 20, 41, 38, 77, 75)
(106, 30, 37, 21, 78, 100)
(95, 38, 32, 1, 76, 117)
(86, 44, 26, -23, 75, 127)
(80, 47, 17, -43, 81, 127)
(75, 51, 6, -55, 90, 127)
(70, 56, -3, -63, 99, 127)
(64, 62, -16, -69, 105, 127)
(58, 69, -27, -76, 108, 127)
(57, 80, -40, -87, 110, 127)
(58, 86, -58, -101, 123, 127)
(56, 89, -79, -105, 127, 127)
(33, 88, -97, -91, 127, 127)
(-10, 98, -113, -63, 127, 127)
(-71, 127, -127, -91, 127, 127)
(-123, 127, -127, -116, 113, 127)
(-91, 106, -127, -117, 76, 127)
(-51, 81, -127, -67, 127, 120)
(-66, 108, -127, -54, 127, 52)
(-101, 125, -127, -86, 127, 51)
(-112, 115, -127, -123, 127, 84)
(-97, 78, -127, -123, 68, 105)
(-68, 52, -127, -95, 66, 88)
(-60, 46, -127, -72, 114, 46)
(-69, 45, -127, -44, 127, 29)
BatchID:  14
